/*--------------------------------*- C++ -*----------------------------------*\
  =========                 |
  \\      /  F ield         | OpenFOAM: The Open Source CFD Toolbox
   \\    /   O peration     | Website:  https://openfoam.org
    \\  /    A nd           | Version:  9
     \\/     M anipulation  |
\*---------------------------------------------------------------------------*/
FoamFile
{
    format      ascii;
    class       surfaceScalarField;
    location    "2.04";
    object      phi;
}
// * * * * * * * * * * * * * * * * * * * * * * * * * * * * * * * * * * * * * //

dimensions      [0 3 -1 0 0 0 0];

internalField   nonuniform List<scalar> 
1363
(
-1.34208e-06
1.01573e-06
3.26352e-07
-9.37715e-07
9.86276e-07
-4.85609e-08
1.22791e-06
-1.07781e-06
-1.50103e-07
-5.68496e-07
1.35461e-06
-7.86116e-07
1.30413e-06
-7.62249e-08
8.67349e-07
-2.78556e-08
-8.39493e-07
-6.97493e-07
6.97493e-07
7.62876e-07
1.04473e-07
-9.68543e-07
8.58305e-07
1.10238e-07
-6.64459e-08
-9.02097e-07
-4.90018e-07
3.6683e-07
1.23188e-07
8.93369e-07
-1.11625e-06
2.22877e-07
9.11721e-07
-1.48022e-06
-7.73059e-07
7.01719e-07
7.13398e-08
2.00436e-07
6.92933e-07
-8.93506e-07
-4.42093e-08
2.19699e-07
1.1731e-06
-1.3928e-06
-5.44691e-07
-7.97393e-07
-1.47311e-06
1.94455e-07
1.27865e-06
5.86074e-07
-5.86074e-07
1.01729e-06
-7.97589e-07
-3.82716e-07
-7.3353e-07
-8.02939e-07
-7.46581e-08
8.77597e-07
8.44542e-08
-9.17464e-07
8.3301e-07
-3.10677e-07
-1.79341e-07
-5.98475e-07
6.82929e-07
1.03886e-06
-1.14987e-06
1.11012e-07
-9.88865e-07
1.85927e-07
9.05605e-07
-1.29606e-06
3.90454e-07
1.53184e-07
-1.26537e-06
1.11219e-06
6.74283e-07
-2.29519e-07
-4.44764e-07
-4.77896e-08
1.08665e-06
-1.70978e-07
1.07658e-06
2.87111e-07
2.4841e-07
-5.35521e-07
1.15583e-06
-1.22475e-06
6.89264e-08
7.64985e-08
7.81572e-07
-8.5807e-07
-1.39227e-06
6.7971e-07
7.12564e-07
9.25974e-07
-2.0592e-07
-7.20055e-07
-6.90545e-07
-7.01728e-07
-3.51423e-08
-8.82321e-07
-8.92781e-07
7.57724e-07
1.35056e-07
1.24063e-06
-9.90387e-07
-2.50243e-07
9.1953e-07
-9.54672e-07
-1.15717e-07
-5.81776e-07
4.35302e-07
2.62191e-07
-1.31535e-06
-7.83878e-08
1.39374e-06
5.42183e-07
3.21511e-07
-8.63694e-07
-1.75469e-07
4.6258e-07
-3.0224e-08
-8.62557e-07
-3.78996e-07
-3.94063e-07
-1.03516e-06
-4.37944e-07
7.63104e-07
-8.37762e-07
8.82573e-07
-8.06075e-07
-9.19289e-07
4.40951e-07
4.78338e-07
1.12204e-06
-1.18848e-06
7.15402e-09
8.52756e-07
-8.5991e-07
6.33625e-07
-6.33625e-07
-4.56342e-08
1.16767e-06
5.1468e-07
1.18945e-07
1.31817e-07
7.72687e-07
-9.04504e-07
-7.63677e-07
9.16861e-07
1.15246e-06
-1.22223e-06
6.97709e-08
7.22721e-07
-4.74311e-07
-7.93395e-08
1.09507e-06
9.01789e-07
2.41855e-08
8.78709e-07
-6.3767e-07
-2.41039e-07
2.59539e-09
-3.542e-07
6.36531e-07
-2.82332e-07
-9.1662e-07
9.23774e-07
8.25254e-07
-6.39147e-07
-1.86107e-07
6.33841e-07
3.52435e-07
-7.84466e-07
6.82892e-07
1.01574e-07
5.65318e-07
-5.65318e-07
-3.44937e-07
-9.20437e-07
-8.00593e-07
-1.18696e-07
2.10642e-07
3.75432e-07
-4.49984e-07
-1.3609e-07
-6.64081e-08
4.95554e-07
1.78729e-07
-8.17693e-07
-7.58123e-08
-7.67162e-10
4.1766e-07
-4.16892e-07
-8.27994e-07
-2.43206e-07
4.24276e-08
2.00779e-07
6.10156e-08
-7.76507e-07
1.38837e-07
-1.13424e-06
1.13017e-06
4.0703e-09
7.13965e-07
-5.82147e-07
6.63042e-07
1.20227e-07
-7.83269e-07
1.87381e-08
6.82981e-07
-9.34588e-08
-1.49747e-07
7.03948e-07
5.36682e-07
7.9244e-07
3.01665e-08
-8.22606e-07
-1.23515e-06
1.18951e-06
-7.98606e-08
9.32616e-07
3.93734e-08
-8.99283e-07
-5.56611e-07
2.32108e-07
3.24504e-07
8.96956e-08
-1.08008e-06
-1.16823e-07
7.79865e-07
-5.244e-07
5.23633e-07
1.38112e-07
7.2897e-07
2.85289e-10
-7.29256e-07
1.25891e-07
-1.36104e-06
-4.92981e-07
7.09537e-07
-1.01142e-06
1.05079e-06
1.84495e-07
7.32366e-07
5.30739e-08
-1.36842e-06
-1.56246e-07
-1.3005e-06
1.45674e-06
-3.0861e-09
-3.51113e-07
2.11288e-07
4.25243e-07
-1.71071e-08
-8.99513e-07
1.10821e-08
9.12692e-07
4.31633e-07
-3.91163e-07
-3.93303e-07
-1.25986e-07
4.92816e-07
7.9244e-07
5.52511e-07
-1.15992e-06
6.07413e-07
9.30367e-07
4.24245e-07
-5.15155e-07
6.53268e-07
-1.31621e-07
-1.08001e-06
1.21163e-06
-6.53268e-07
8.37762e-07
8.82241e-07
-5.34639e-08
-8.28777e-07
9.1953e-07
5.21109e-07
-5.04302e-07
5.32097e-07
-3.65438e-08
7.63104e-07
-1.12565e-06
9.54672e-07
1.12565e-06
-9.73487e-07
-1.52163e-07
8.82573e-07
9.66019e-07
-7.71564e-07
-9.66019e-07
1.20812e-06
-2.42103e-07
7.71564e-07
-4.50053e-07
2.41851e-07
-4.1732e-07
-2.41851e-07
2.38765e-07
-1.20812e-06
1.12973e-06
-8.29109e-07
8.12002e-07
4.50053e-07
-2.38765e-07
8.23084e-07
-8.12002e-07
-8.23084e-07
7.9286e-07
4.1732e-07
-7.9286e-07
3.7554e-07
-1.12973e-06
9.73487e-07
9.84144e-07
2.87967e-08
5.03301e-07
7.39418e-07
2.34576e-08
1.94262e-07
9.13439e-08
-7.30491e-07
1.49391e-07
5.33502e-07
1.43591e-07
-1.00851e-06
8.64915e-07
-2.81262e-07
-8.52982e-07
1.18053e-07
6.21365e-07
6.46458e-08
-8.84659e-07
8.20013e-07
1.18519e-06
-1.15503e-06
-5.79023e-07
6.04174e-07
-2.51518e-08
-1.20799e-06
-1.6759e-08
1.54424e-07
-8.44969e-07
-6.27293e-07
-1.49215e-07
-8.45265e-08
3.80356e-07
-2.9583e-07
-3.87237e-07
-3.45969e-07
-6.82145e-07
5.48523e-08
1.03458e-06
-8.80161e-07
-1.45201e-06
6.65891e-07
7.13779e-07
5.32307e-08
-7.6701e-07
7.97997e-07
-7.33351e-07
2.99883e-08
-9.17518e-07
8.87529e-07
2.42237e-07
4.86734e-07
8.92459e-07
-1.82922e-07
9.32425e-08
-4.38451e-07
1.11466e-07
5.01349e-08
-1.72718e-08
-2.56499e-07
2.74874e-07
8.553e-07
-9.36482e-07
7.03645e-07
2.32837e-07
-1.32866e-07
3.64974e-07
-3.54416e-07
-5.82066e-07
6.57854e-07
-7.37714e-07
-1.01526e-06
7.66212e-07
2.49046e-07
-6.09127e-07
3.0104e-08
-8.26278e-07
-4.69781e-07
8.23301e-07
-3.11613e-07
-8.89628e-07
-6.33731e-07
-6.98352e-07
-7.28382e-07
1.42673e-06
-7.97551e-07
-1.31449e-07
9.29e-07
9.95236e-07
-1.2765e-06
1.01242e-06
-2.46211e-07
1.16563e-06
-1.08177e-06
-8.38651e-08
8.15604e-07
1.96819e-07
-1.03285e-06
7.76351e-07
3.33892e-07
-7.78657e-07
3.64957e-08
-8.34047e-07
1.42828e-06
-5.16559e-07
7.89685e-07
-7.02047e-07
-8.76385e-08
1.59981e-07
5.97743e-07
-9.51947e-07
9.51947e-07
-5.15155e-07
5.06713e-07
9.21568e-07
-5.82175e-07
6.18671e-07
1.26634e-06
5.45693e-07
9.82751e-07
-9.16555e-07
-1.16551e-06
1.03407e-06
-3.24168e-08
-4.43613e-08
-6.42368e-07
1.14908e-06
-4.67142e-07
1.11481e-06
-6.47672e-07
-1.29779e-06
1.36756e-06
-5.53378e-07
-4.15009e-07
1.15148e-06
-7.36469e-07
-2.32886e-07
1.22812e-06
1.03494e-06
-4.95374e-07
-5.39569e-07
-7.9367e-07
9.16227e-08
-5.54929e-07
-2.3874e-07
-8.52903e-07
1.12128e-06
-2.68374e-07
8.57465e-07
-1.27247e-06
-1.79219e-07
9.94823e-07
1.12506e-06
-6.74482e-07
-4.50583e-07
4.8193e-07
-4.8193e-07
6.64078e-07
-6.64078e-07
7.0653e-08
-1.36844e-06
-8.9546e-07
1.09508e-06
-1.99622e-07
3.67136e-07
3.95388e-07
-7.62523e-07
3.55122e-07
-9.88853e-07
-1.00222e-06
-1.63295e-07
7.09273e-07
-7.09273e-07
-4.70705e-07
4.70705e-07
2.98575e-07
5.50582e-07
-1.19295e-06
7.0469e-07
3.30253e-07
2.25817e-07
7.01028e-07
-8.15761e-07
2.60831e-07
-4.20373e-07
3.46935e-07
5.45524e-07
-1.56912e-07
-8.97186e-07
1.0541e-06
8.19519e-07
-5.86683e-07
-6.59008e-07
9.08054e-07
-6.41017e-07
-9.38171e-07
-1.25749e-07
1.06392e-06
3.88595e-07
4.62288e-07
1.23629e-06
7.48167e-07
2.34584e-07
6.75874e-08
-1.14936e-06
-7.21947e-07
9.18766e-07
4.746e-07
-1.07641e-06
1.19221e-07
8.75603e-07
-3.0097e-07
-6.33044e-07
9.34015e-07
1.60512e-07
-1.18382e-06
9.15442e-07
5.9642e-07
-8.9739e-07
-1.29952e-06
-7.35844e-07
8.55065e-07
-1.04327e-06
9.1752e-07
6.44795e-08
9.20536e-07
-9.85016e-07
-4.23535e-07
9.62853e-07
1.01067e-07
1.18605e-06
-2.23196e-07
-1.14508e-06
1.4375e-06
-2.92427e-07
8.83223e-07
1.31576e-07
1.23599e-06
-1.04658e-06
-3.56573e-07
9.52993e-07
-7.9061e-07
-9.53674e-08
8.85978e-07
-9.7933e-07
8.95465e-07
-4.29706e-08
8.06075e-07
8.63745e-07
-8.21732e-08
8.31991e-07
-8.74962e-07
-8.5086e-07
6.02499e-08
1.2387e-06
-8.20741e-07
-4.1796e-07
-1.30227e-06
9.15029e-07
8.72096e-10
8.62581e-07
-8.63453e-07
-9.5616e-07
9.57032e-07
8.01941e-07
5.31234e-08
8.66421e-07
8.47753e-07
3.90948e-07
7.16802e-07
1.66421e-07
-9.86105e-07
6.29532e-07
-1.29614e-07
9.88812e-07
-8.59198e-07
-7.16471e-07
6.21104e-07
-1.45826e-06
8.27341e-07
6.30914e-07
1.1918e-06
-1.07101e-06
-1.20795e-07
-1.10462e-07
3.43326e-07
-1.41433e-06
-4.99854e-07
1.41488e-06
1.49948e-06
-7.86712e-07
-7.12764e-07
1.1721e-08
-1.48694e-06
6.48425e-07
8.38515e-07
-1.02775e-06
7.11333e-07
3.16412e-07
8.12696e-07
6.86781e-07
9.44685e-07
1.09413e-07
-1.08523e-06
7.12504e-07
3.7273e-07
5.25644e-07
-5.25644e-07
3.75432e-07
-8.22606e-07
-5.81776e-07
-1.73538e-07
1.73538e-07
-4.64315e-07
4.64315e-07
5.21109e-07
8.76847e-07
-1.0637e-06
1.86848e-07
-6.76754e-07
6.76754e-07
-4.63707e-07
4.63707e-07
5.1468e-07
1.54739e-07
-1.54739e-07
-5.25684e-07
5.25684e-07
-4.49984e-07
7.42642e-07
-7.42642e-07
4.35302e-07
-5.04302e-07
8.40234e-07
-1.23432e-07
5.90814e-07
2.27611e-07
-8.18425e-07
3.98522e-07
-3.98522e-07
9.14951e-07
-1.04457e-06
-1.09706e-06
8.46822e-07
4.9248e-07
-4.9248e-07
-1.42125e-06
6.00513e-07
9.68924e-07
-1.21725e-06
2.48323e-07
-1.71129e-07
-8.41429e-07
1.01256e-06
-5.576e-07
-9.2934e-07
-9.76969e-07
8.0584e-07
-7.56679e-07
-6.64575e-07
-4.39332e-07
-5.88413e-07
6.65831e-07
-1.70651e-06
1.04068e-06
-7.92424e-07
8.29109e-07
1.60633e-06
-7.93635e-07
5.0333e-07
-8.41616e-07
3.38285e-07
-3.81285e-07
1.5491e-06
-7.22282e-07
-8.26821e-07
-1.52487e-06
1.02502e-06
1.42785e-06
-1.52755e-06
8.35748e-07
6.91799e-07
-2.20218e-07
-3.56238e-08
1.2699e-06
-1.38036e-06
1.44079e-06
-1.09747e-06
-1.48744e-07
1.45445e-06
-8.83286e-07
-5.71163e-07
-8.84049e-07
-8.22464e-07
-7.46546e-07
-2.30423e-07
-1.50662e-06
7.19908e-07
-7.56414e-08
8.39172e-07
-1.47932e-06
6.40146e-07
1.03555e-06
-5.32223e-07
1.41024e-06
-7.61813e-07
6.16202e-07
3.5154e-07
-9.67742e-07
-3.382e-07
1.15136e-06
-8.13161e-07
-3.11972e-08
1.23901e-06
-5.27678e-07
-6.66964e-07
-4.59677e-07
1.12664e-06
4.4094e-07
-1.02104e-06
5.80103e-07
1.12726e-06
-4.14754e-07
-4.51463e-07
-3.90152e-07
7.08614e-07
1.14235e-06
-2.95525e-07
-1.52595e-06
6.99131e-07
-2.54969e-07
-5.0253e-07
9.78931e-07
-1.01013e-06
6.04298e-08
3.56982e-07
6.81411e-07
6.79626e-07
-1.01783e-06
-6.70873e-07
5.26952e-07
9.10313e-07
2.59816e-07
-1.20614e-06
9.46326e-07
-2.16144e-07
9.91118e-07
-7.74975e-07
1.0917e-06
-6.50756e-07
8.49613e-07
-1.06983e-06
4.84397e-07
-4.04842e-07
6.87925e-07
-1.40214e-06
7.37561e-07
2.60789e-08
-7.59409e-07
7.61062e-07
7.66534e-07
-1.22621e-06
-7.28978e-07
1.08052e-06
-1.32617e-06
5.64355e-07
-1.17197e-06
6.44293e-07
1.01777e-06
-3.88432e-08
9.42133e-07
-7.91671e-07
-3.00742e-07
1.09241e-06
-1.20529e-06
7.87329e-07
-1.0872e-06
-6.90377e-07
-2.77365e-07
-1.1245e-06
7.09742e-07
6.9417e-07
1.70769e-07
-1.0122e-06
-4.84045e-07
-6.44757e-07
-7.03005e-07
6.62789e-07
8.99718e-07
4.3117e-07
-1.33089e-06
1.1426e-06
-8.8278e-07
1.03946e-06
-5.55061e-07
1.42667e-06
7.74972e-07
3.51669e-07
-4.30448e-07
8.3375e-07
-4.03301e-07
-1.28028e-06
1.34071e-06
2.37583e-07
-3.63435e-07
7.08981e-07
-1.43617e-06
9.33643e-07
-3.39817e-07
1.28614e-06
9.18189e-07
-6.95586e-07
1.33573e-06
-5.17979e-07
-4.93749e-07
1.01173e-06
8.99062e-07
-1.04781e-06
5.81313e-07
-1.34072e-06
-3.40001e-07
6.08066e-07
-2.68065e-07
2.3234e-07
-1.21357e-06
-4.67728e-07
6.32727e-07
1.029e-06
-1.07756e-06
-1.05673e-07
-1.08685e-06
1.44383e-06
-1.40526e-06
1.15029e-06
-5.98398e-07
-6.32252e-07
-1.01195e-06
8.71873e-07
1.40078e-07
1.39432e-07
1.63551e-07
-7.09427e-07
7.47953e-07
-3.85262e-08
-6.45465e-08
2.85883e-07
-1.22111e-06
9.35226e-07
-1.19134e-06
5.46585e-07
9.96312e-07
-2.08983e-07
-3.95291e-07
1.1395e-06
-4.29762e-07
6.07906e-07
-1.14013e-06
-5.47049e-07
-1.64198e-07
1.04575e-06
8.32114e-07
-1.40369e-06
7.32816e-07
-9.18409e-07
6.55459e-07
6.63131e-07
-1.13086e-06
-4.70046e-07
1.81243e-08
7.29829e-07
-5.74203e-07
6.34319e-07
-6.01167e-08
4.98133e-07
5.13595e-07
-6.12729e-07
-6.69779e-07
-2.55278e-07
4.57619e-07
8.72766e-07
-9.78439e-07
2.76514e-07
3.31552e-07
8.50239e-07
-1.16043e-07
-7.64508e-07
8.80551e-07
4.15084e-07
-8.66547e-07
-8.97466e-07
2.64422e-07
7.25045e-07
-1.19509e-06
8.77773e-08
9.41224e-07
4.01113e-07
-1.19027e-06
7.89161e-07
-6.46575e-08
-1.0129e-06
1.36444e-06
5.57079e-08
7.94531e-07
-1.28806e-07
-6.8962e-07
9.2758e-07
-3.97308e-08
6.7405e-07
-8.48035e-07
7.19229e-07
-8.05662e-07
-1.13333e-06
1.02357e-06
-6.22461e-07
-8.1739e-07
-1.19788e-06
-1.11312e-08
-1.26253e-06
1.09898e-06
1.8716e-07
-7.90109e-07
5.3483e-07
-6.86694e-07
-2.10772e-07
-2.59866e-07
-7.78984e-08
-7.18498e-07
1.63072e-07
-6.11548e-07
8.7597e-07
4.50998e-07
-8.74533e-07
-6.78967e-07
-1.69068e-07
-1.23193e-06
1.74862e-07
9.20211e-07
6.90098e-07
-1.0502e-06
2.9673e-09
6.32413e-07
3.91161e-07
-3.11525e-07
9.52234e-07
8.45336e-07
-2.86403e-07
-5.58933e-07
5.33811e-07
2.65539e-07
-4.29525e-07
9.75506e-07
-5.4598e-07
8.97952e-07
1.17679e-06
5.94928e-08
-8.49898e-07
5.2905e-07
-1.97499e-07
1.30837e-06
4.51152e-07
3.94446e-07
-8.50588e-07
3.16087e-07
5.59883e-07
-8.92349e-07
-2.57007e-07
-4.59768e-07
-4.14765e-07
9.73697e-07
-5.82536e-07
-1.05817e-06
-1.11304e-06
2.20689e-07
4.74569e-07
6.40245e-07
1.10984e-06
-7.21242e-07
9.87087e-07
-4.08348e-07
-9.54328e-07
1.25473e-06
-1.03404e-06
-2.28025e-08
-9.4074e-07
8.11861e-07
1.28879e-07
-1.02853e-06
-2.86122e-07
6.48957e-07
6.72141e-07
-1.0968e-06
-7.98224e-07
-2.75603e-07
-7.25801e-07
1.02515e-06
-9.21722e-07
8.31253e-07
6.05984e-07
-3.30024e-07
-4.06847e-07
-2.35052e-07
-3.41862e-07
5.87857e-07
5.00959e-07
-2.04196e-07
-3.95582e-07
-7.18808e-07
5.60392e-07
1.58416e-07
-9.69712e-07
-4.67229e-07
1.07566e-06
-6.01059e-07
2.95154e-07
4.45241e-07
-2.67531e-07
-4.65504e-07
-8.64584e-07
-4.7706e-07
3.52808e-07
3.87588e-07
5.44482e-07
-1.12702e-06
4.24093e-07
-5.13685e-07
-1.05582e-06
9.88305e-07
2.89828e-08
-1.25583e-06
-6.41899e-07
-5.46058e-07
-5.60352e-07
-1.58455e-07
9.01557e-07
-1.39209e-07
-9.40798e-07
-1.08872e-06
1.0903e-06
8.83011e-07
-6.63114e-07
-7.36121e-07
-1.33181e-06
-4.77829e-07
-1.05694e-06
-4.374e-08
-2.59951e-07
7.00902e-07
2.87641e-07
-4.9356e-07
-8.96251e-07
-4.08821e-07
-2.24804e-07
-3.84352e-07
-3.5177e-07
-2.90958e-07
-8.90681e-07
-1.52589e-07
-5.632e-07
-3.22417e-08
6.66082e-07
6.46385e-07
-1.02949e-06
4.47419e-07
-9.78442e-07
-6.27309e-07
1.26041e-06
-6.33099e-07
-4.90432e-07
-4.70681e-07
-5.20442e-07
-6.3377e-08
-6.70153e-07
-6.23729e-07
-4.90432e-07
-6.05392e-07
1.11672e-06
-1.28413e-07
9.005e-08
-5.39527e-07
1.27295e-06
-6.65536e-07
9.08982e-07
-6.49116e-07
-2.17431e-07
1.347e-06
4.783e-07
-1.2013e-06
4.58968e-07
7.42334e-07
-5.4929e-07
-6.20753e-07
-7.00344e-07
-1.35433e-06
-5.69979e-07
2.47371e-08
6.97984e-07
1.39376e-06
8.93234e-07
9.55776e-08
6.75816e-07
-1.17372e-08
5.74597e-07
-7.11868e-07
4.70419e-07
1.15107e-08
7.11868e-07
-4.70419e-07
6.72952e-07
6.75816e-07
5.19999e-07
-9.17551e-07
3.29138e-07
1.16272e-06
-8.32466e-07
9.60887e-07
-5.68614e-07
-1.08139e-07
4.97275e-07
-9.87529e-08
-1.3111e-07
2.42566e-07
-7.74477e-07
-4.81291e-08
-5.68614e-07
2.75334e-07
-1.01796e-07
-4.88082e-07
2.37678e-08
7.06742e-07
-4.65406e-07
1.69874e-09
1.3111e-07
2.36288e-08
-2.42566e-07
8.78266e-08
7.74477e-07
-3.18349e-08
-7.06742e-07
-3.59e-08
4.65406e-07
-2.75334e-07
4.97275e-07
-4.88082e-07
3.26969e-07
-5.48064e-07
-1.12029e-06
-5.71758e-07
1.02938e-06
-5.05167e-07
9.83467e-07
1.62956e-07
4.64625e-07
1.28675e-07
1.05457e-06
-3.70794e-07
-1.03725e-08
-1.02635e-06
4.64625e-07
6.30265e-07
-1.02121e-06
-1.08464e-06
8.42535e-07
8.12223e-07
4.72453e-07
-8.13868e-09
-4.72453e-07
-6.05873e-07
6.10789e-07
-4.91621e-09
-1.06855e-06
1.94016e-07
5.65672e-07
-7.15775e-07
1.12486e-06
7.49347e-07
-1.44115e-06
-4.44946e-07
1.76881e-07
3.49681e-08
-4.60613e-07
7.75681e-07
1.33203e-07
-6.57604e-07
9.11195e-07
-1.33972e-06
-6.79886e-07
6.79886e-07
-9.24925e-07
-5.83268e-07
-6.68515e-07
7.75681e-07
6.89656e-07
-1.0253e-06
7.89635e-07
-3.42676e-07
-5.74841e-07
4.76258e-07
-8.27927e-07
1.16548e-06
-5.94321e-07
3.65465e-07
-3.65465e-07
4.94257e-07
-6.88896e-07
-2.27515e-07
2.27515e-07
6.91995e-07
-6.91995e-07
-7.48342e-07
4.83188e-08
-2.35398e-07
8.45864e-07
-6.31223e-08
-7.82742e-07
5.85915e-07
-5.85915e-07
4.1766e-07
2.04336e-07
6.83193e-07
3.80356e-07
-8.6472e-07
1.52368e-07
2.12606e-07
2.40195e-07
-4.72211e-07
-7.37967e-07
4.55085e-07
1.56196e-08
-5.45012e-07
-1.84243e-07
5.69912e-07
-2.17476e-07
1.46352e-07
4.2356e-07
-1.08465e-06
-1.71183e-07
-3.86661e-07
-4.52832e-07
-8.33869e-07
2.6211e-07
-4.08821e-07
-8.03581e-08
2.81137e-07
2.21927e-07
-3.67591e-07
-3.67229e-07
3.67229e-07
4.02014e-09
6.17084e-07
-1.07448e-06
-4.16892e-07
3.03632e-07
-3.03632e-07
-1.16088e-06
8.80832e-07
-2.43411e-07
-3.98489e-07
-5.4482e-07
-6.10295e-08
7.74377e-07
-7.13348e-07
5.90227e-07
-6.25374e-08
-5.27689e-07
-2.9583e-07
1.01689e-07
4.90152e-07
-7.33563e-07
1.13793e-06
-1.88199e-07
1.88199e-07
-1.84776e-07
9.62792e-07
-3.04939e-07
9.57445e-07
-8.61867e-07
6.3276e-07
-7.08808e-07
8.76349e-08
4.05451e-07
7.52137e-07
-8.13167e-07
1.2347e-06
7.38731e-07
3.76195e-08
3.53474e-08
-6.05326e-07
4.40763e-07
-1.40607e-07
-9.05291e-07
9.03935e-09
-4.55085e-07
6.45133e-07
-7.48208e-08
9.24658e-07
1.14697e-07
5.30436e-07
4.71313e-08
8.77526e-07
5.34857e-07
9.57831e-07
3.13077e-07
8.49759e-07
-2.27303e-07
7.40438e-09
-8.52373e-07
8.05242e-07
5.27653e-07
-9.68823e-08
5.20338e-07
9.83324e-08
-1.14076e-07
5.76463e-07
-5.73496e-07
6.49554e-07
-4.68143e-08
3.57225e-08
-2.13225e-07
5.71547e-07
5.02353e-07
-4.36883e-07
8.61127e-07
1.96911e-07
-5.98648e-07
2.63497e-09
9.09403e-07
-6.47293e-07
8.77568e-07
-4.84029e-07
4.75222e-07
9.2499e-07
-5.692e-07
-9.49271e-07
1.02973e-07
-4.78763e-07
2.44713e-07
9.39707e-08
-5.39096e-07
5.22298e-07
-1.26119e-07
-5.25889e-07
-6.87976e-07
6.97016e-07
1.07631e-07
-1.92613e-07
)
;

boundaryField
{
    back
    {
        type            empty;
        value           nonuniform List<scalar> 0();
    }
    front
    {
        type            empty;
        value           nonuniform List<scalar> 0();
    }
    top
    {
        type            calculated;
        value           nonuniform List<scalar> 10(-1.3211e-06 -1.43724e-06 -1.08882e-06 -7.40395e-07 -7.40395e-07 -1.08882e-06 -1.3211e-06 -2.75833e-07 -2.75833e-07 -1.43724e-06);
    }
    outer_arc
    {
        type            calculated;
        value           uniform 0;
    }
    bottom
    {
        type            calculated;
        value           nonuniform List<scalar> 10(1.31465e-06 1.0014e-06 7.36871e-07 5.76914e-07 5.99778e-07 1.43694e-06 7.33035e-07 1.34164e-06 9.27393e-07 1.05813e-06);
    }
    inner_arc
    {
        type            calculated;
        value           uniform 0;
    }
}


// ************************************************************************* //
