/*--------------------------------*- C++ -*----------------------------------*\
  =========                 |
  \\      /  F ield         | OpenFOAM: The Open Source CFD Toolbox
   \\    /   O peration     | Website:  https://openfoam.org
    \\  /    A nd           | Version:  9
     \\/     M anipulation  |
\*---------------------------------------------------------------------------*/
FoamFile
{
    format      ascii;
    class       volScalarField;
    location    "1.12";
    object      p;
}
// * * * * * * * * * * * * * * * * * * * * * * * * * * * * * * * * * * * * * //

dimensions      [0 2 -2 0 0 0 0];

internalField   nonuniform List<scalar> 
1655
(
13.1538
13.1767
13.0679
13.1453
13.0951
13.1234
13.0655
13.0727
13.05
13.098
13.1456
13.1467
13.0762
13.1872
13.0294
13.0825
13.0755
13.0476
13.132
13.1875
13.0852
13.0493
13.0841
13.0856
13.1522
13.0681
13.0811
13.0552
13.0591
13.0831
13.0625
13.0767
13.1737
13.0586
13.0477
13.0548
13.1214
13.1785
13.1771
13.175
13.0826
13.0858
13.1834
13.1351
13.1817
13.145
13.1441
13.1828
13.1124
13.1842
13.1239
13.0741
13.0217
13.0537
13.0526
13.0312
13.0803
13.1459
13.1431
13.0292
13.0557
13.1289
13.1551
13.0704
13.136
13.0705
13.1401
13.1441
13.0466
13.0862
13.1449
13.0711
13.0875
13.0304
13.0483
13.1848
13.0617
13.0457
13.0813
13.084
13.1367
13.1849
13.0508
13.1354
13.0899
13.0362
13.0524
13.0854
13.1677
13.0349
13.0362
13.0642
13.1325
13.1151
13.1878
13.1302
13.1407
13.1439
13.0731
13.1377
13.0602
13.1398
13.1105
13.1382
13.0481
13.1271
13.0685
13.082
13.1374
13.0307
13.1617
13.1484
13.0308
13.0941
13.0731
13.038
13.0711
13.1437
13.1658
13.0494
13.0294
13.0499
13.0537
13.1345
13.1398
13.0792
13.1839
13.1875
13.0821
13.1043
13.1167
13.1574
13.0712
13.0811
13.082
13.173
13.0909
13.0154
13.0806
13.1409
13.0246
13.0795
13.0774
13.0403
13.0576
13.0428
13.0355
13.0295
13.0313
13.0517
13.0485
13.057
13.0435
13.046
13.0365
13.1857
13.1366
13.0423
13.0706
13.1392
13.0379
13.1608
13.0542
13.0456
13.0449
13.1438
13.0556
13.0762
13.1407
13.044
13.0765
13.0561
13.0327
13.0628
13.0867
13.0658
13.1156
13.0422
13.1056
13.1896
13.0316
13.0563
13.126
13.1368
13.1784
13.1146
13.1836
13.1123
13.0513
13.058
13.181
13.1294
13.0538
13.0787
13.1251
13.082
13.0525
13.1223
13.1697
13.0578
13.1416
13.1423
13.0561
13.0581
13.039
13.0869
13.1727
13.053
13.11
13.0568
13.0905
13.0844
13.1738
13.077
13.1896
13.1398
13.0503
13.1626
13.0932
13.0594
13.1839
13.0866
13.1761
13.063
13.1727
13.1359
13.1317
13.0386
13.0959
13.0997
13.1775
13.1026
13.1067
13.0456
13.1685
13.1766
13.1328
13.0543
13.124
13.1113
13.0316
13.18
13.1156
13.0819
13.0624
13.0831
13.0624
13.0572
13.1206
13.0613
13.1331
13.0828
13.0537
13.0856
13.1696
13.0942
13.1315
13.0641
13.0403
13.1787
13.1613
13.1009
13.1352
13.0882
13.0518
13.0743
13.1794
13.1886
13.1681
13.1868
13.0187
13.0472
13.1812
13.103
13.0435
13.0476
13.0648
13.0637
13.0511
13.1535
13.0545
13.0749
13.0461
13.0233
13.0296
13.0499
13.0555
13.156
13.1766
13.0483
13.0511
13.0823
13.1843
13.0582
13.0563
13.1562
13.0716
13.0968
13.0812
13.1169
13.1518
13.1159
13.1188
13.1542
13.1315
13.0524
13.1476
13.1129
13.057
13.1354
13.0494
13.0645
13.1099
13.1583
13.0723
13.0578
13.0812
13.0544
13.1322
13.1388
13.0559
13.1856
13.1569
13.1582
13.1528
13.1449
13.145
13.073
13.1253
13.0599
13.1739
13.057
13.1885
13.109
13.0545
13.1201
13.0626
13.1821
13.1425
13.0532
13.1453
13.1529
13.0435
13.099
13.0219
13.1566
13.1869
13.1497
13.1404
13.0994
13.0831
13.044
13.103
13.159
13.0556
13.1362
13.1463
13.1458
13.061
13.1222
13.0265
13.177
13.0552
13.1451
13.1876
13.0316
13.1179
13.0864
13.0588
13.1689
13.183
13.1633
13.1859
13.1459
13.0888
13.0586
13.0728
13.0747
13.1752
13.1433
13.18
13.1474
13.0769
13.1473
13.145
13.0581
13.1429
13.0616
13.0464
13.124
13.0822
13.0451
13.075
13.0603
13.1556
13.1463
13.1335
13.0508
13.0573
13.1049
13.1425
13.183
13.1454
13.0737
13.053
13.166
13.0601
13.0421
13.1805
13.0648
13.0975
13.1395
13.1447
13.0606
13.1674
13.1338
13.0619
13.1067
13.1471
13.1436
13.1088
13.1412
13.0518
13.1373
13.1521
13.0741
13.1109
13.1523
13.1126
13.0828
13.1377
13.0543
13.1468
13.1036
13.1352
13.1427
13.1705
13.0359
13.1067
13.1365
13.0768
13.1324
13.0438
13.1349
13.1397
13.1405
13.0684
13.0634
13.072
13.0508
13.0808
13.1279
13.0836
13.1405
13.0849
13.1339
13.1003
13.1363
13.079
13.0498
13.1531
13.1306
13.1513
13.1308
13.1118
13.0777
13.1375
13.1386
13.1275
13.1513
13.1528
13.1762
13.1386
13.0501
13.1254
13.1513
13.1527
13.1434
13.1207
13.0593
13.1265
13.0623
13.1263
13.0782
13.1481
13.1323
13.0587
13.0677
13.0503
13.16
13.1227
13.0596
13.1295
13.1162
13.1356
13.1464
13.0785
13.0634
13.1415
13.1113
13.1329
13.1513
13.0556
13.1291
13.0836
13.1343
13.0772
13.1321
13.1333
13.0684
13.0974
13.1359
13.1073
13.1469
13.0723
13.1179
13.1311
13.1341
13.0787
13.0756
13.1077
13.1146
13.1559
13.1286
13.0743
13.1233
13.1368
13.1337
13.1363
13.1023
13.1356
13.064
13.1636
13.1448
13.1287
13.1757
13.1143
13.1509
13.1415
13.1452
13.1353
13.0773
13.132
13.145
13.1682
13.1247
13.1589
13.1433
13.1439
13.1389
13.1463
13.1379
13.06
13.1381
13.1359
13.0833
13.0397
13.1484
13.1219
13.0738
13.1251
13.1273
13.1241
13.0922
13.1125
13.081
13.1278
13.1442
13.0814
13.099
13.1554
13.0877
13.0368
13.1129
13.0966
13.1308
13.1378
13.041
13.0845
13.1476
13.1386
13.1375
13.1007
13.0818
13.1237
13.1365
13.0794
13.1182
13.1226
13.1221
13.1472
13.1147
13.1117
13.1091
13.1265
13.0852
13.1569
13.0292
13.1068
13.086
13.1047
13.0447
13.0816
13.0637
13.0492
13.0534
13.0396
13.0264
13.079
13.0411
13.1392
13.1402
13.0739
13.0421
13.0309
13.103
13.0889
13.1399
13.1283
13.0872
13.089
13.1218
13.0936
13.0834
13.1258
13.129
13.1182
13.1151
13.1123
13.1249
13.1353
13.1188
13.1099
13.1397
13.1396
13.1079
13.1405
13.1426
13.1408
13.1311
13.1434
13.0626
13.142
13.1414
13.1415
13.1149
13.1428
13.1388
13.1115
13.0814
13.1063
13.1524
13.1288
13.138
13.1423
13.1506
13.1323
13.0931
13.1216
13.0938
13.1399
13.0985
13.1237
13.1347
13.1313
13.0901
13.1381
13.141
13.1419
13.1482
13.1003
13.114
13.1335
13.0801
13.1288
13.1283
13.0899
13.1307
13.0882
13.1375
13.0913
13.0968
13.1241
13.1303
13.1181
13.0935
13.1422
13.037
13.1019
13.105
13.116
13.1272
13.1092
13.1096
13.1441
13.095
13.1364
13.0948
13.1464
13.1443
13.1331
13.1432
13.1546
13.122
13.0707
13.0771
13.132
13.125
13.101
13.07
13.0984
13.1188
13.0885
13.1283
13.1248
13.0541
13.1333
13.1047
13.1378
13.0816
13.1105
13.1092
13.0503
13.1367
13.076
13.1036
13.0934
13.1203
13.1333
13.1319
13.086
13.1205
13.0827
13.1122
13.1167
13.1145
13.0727
13.1295
13.1092
13.1321
13.1027
13.1155
13.1519
13.1041
13.1039
13.1164
13.0932
13.1511
13.1361
13.1275
13.0904
13.1334
13.0436
13.0854
13.085
13.1299
13.1216
13.1007
13.1478
13.1131
13.0942
13.0892
13.0773
13.1269
13.0346
13.1109
13.129
13.0987
13.0859
13.0744
13.0946
13.1188
13.1249
13.0364
13.1218
13.115
13.1563
13.1003
13.1174
13.12
13.1027
13.0936
13.0848
13.0953
13.1121
13.1134
13.1229
13.1389
13.1033
13.1169
13.1289
13.0903
13.1032
13.059
13.0935
13.1605
13.1187
13.0438
13.1197
13.1239
13.122
13.109
13.1046
13.1261
13.1459
13.1162
13.0851
13.1168
13.1002
13.116
13.1192
13.1645
13.1081
13.1129
13.0398
13.1053
13.0989
13.0918
13.1089
13.0907
13.1236
13.1041
13.0387
13.1196
13.1266
13.0997
13.0672
13.039
13.0917
13.1277
13.0426
13.0943
13.1306
13.0986
13.1176
13.0778
13.1059
13.0703
13.1248
13.0986
13.0502
13.1223
13.0957
13.1209
13.1245
13.0859
13.0961
13.1323
13.1656
13.0813
13.1097
13.1021
13.0366
13.0653
13.1045
13.1182
13.1678
13.0797
13.0638
13.1345
13.1187
13.0468
13.037
13.1061
13.0758
13.1191
13.1204
13.1117
13.0712
13.0465
13.0524
13.0917
13.0784
13.1128
13.1315
13.1661
13.0994
13.1695
13.1206
13.0888
13.0531
13.0795
13.086
13.0543
13.1174
13.1274
13.1186
13.1168
13.0574
13.0965
13.1044
13.0599
13.1274
13.1242
13.1091
13.1548
13.0631
13.1233
13.0851
13.0604
13.1202
13.1182
13.1715
13.1048
13.1118
13.0815
13.1295
13.1076
13.1256
13.1676
13.0864
13.1013
13.0924
13.0775
13.0995
13.0701
13.0827
13.0786
13.123
13.1697
13.0532
13.0994
13.1107
13.1215
13.089
13.1096
13.0657
13.1671
13.0781
13.0808
13.0787
13.1806
13.0743
13.0943
13.103
13.1712
13.123
13.125
13.1547
13.0347
13.1151
13.1021
13.096
13.0462
13.125
13.0902
13.0477
13.114
13.1739
13.0943
13.098
13.1166
13.0618
13.0527
13.1241
13.1626
13.0515
13.1294
13.063
13.0595
13.0783
13.126
13.0789
13.0569
13.0895
13.1475
13.0428
13.1305
13.0918
13.1749
13.1249
13.1219
13.1612
13.1299
13.0832
13.0976
13.1822
13.0839
13.1282
13.1243
13.0886
13.0644
13.1638
13.0978
13.1714
13.0927
13.0415
13.0747
13.0456
13.0739
13.1743
13.0705
13.0992
13.0506
13.1691
13.0751
13.0987
13.0713
13.0726
13.0819
13.0854
13.0872
13.1686
13.0838
13.0715
13.0835
13.1729
13.0655
13.1623
13.1788
13.1679
13.0856
13.0806
13.1812
13.0685
13.0786
13.068
13.1722
13.1694
13.17
13.0705
13.1287
13.041
13.0753
13.1669
13.1702
13.0781
13.1808
13.0682
13.1706
13.1132
13.1045
13.0948
13.1634
13.1789
13.18
13.0443
13.0483
13.1794
13.1082
13.1758
13.1161
13.1276
13.0746
13.1683
13.1731
13.1351
13.0729
13.0532
13.1656
13.1521
13.1719
13.1778
13.1643
13.096
13.0383
13.1736
13.0679
13.0473
13.0518
13.0479
13.1418
13.1271
13.1717
13.0808
13.043
13.1749
13.0806
13.0934
13.0682
13.0685
13.1727
13.1773
13.0879
13.0662
13.1856
13.0706
13.0926
13.1265
13.0664
13.0413
13.1208
13.0817
13.0669
13.0602
13.0942
13.0651
13.0486
13.0463
13.176
13.0544
13.0934
13.0728
13.0704
13.0607
13.0764
13.0602
13.1034
13.0454
13.1777
13.0495
13.1156
13.0642
13.0547
13.041
13.066
13.1111
13.0914
13.0627
13.1762
13.0713
13.1575
13.0826
13.1627
13.1133
13.1841
13.1605
13.0853
13.0424
13.0648
13.1633
13.1551
13.1571
13.0484
13.0655
13.0318
13.083
13.1041
13.1014
13.0782
13.0758
13.1009
13.1521
13.1839
13.0628
13.0469
13.1659
13.0704
13.0911
13.0576
13.0921
13.0944
13.0991
13.0583
13.0692
13.1023
13.0652
13.1047
13.0448
13.1107
13.1072
13.0865
13.053
13.1594
13.059
13.0801
13.0833
13.1854
13.0547
13.0913
13.1878
13.0981
13.1025
13.045
13.0675
13.0746
13.1192
13.1147
13.0669
13.092
13.0906
13.0876
13.0596
13.1073
13.0695
13.162
13.0848
13.0962
13.1091
13.0811
13.0863
13.1781
13.0617
13.0468
13.0625
13.1094
13.1539
13.0713
13.046
13.0914
13.1116
13.1636
13.1518
13.0675
13.1002
13.1134
13.0415
13.068
13.1826
13.1078
13.1003
13.1564
13.147
13.0855
13.1672
13.1285
13.0794
13.1093
13.1025
13.1901
13.1624
13.1181
13.1151
13.1603
13.1216
13.1108
13.104
13.1515
13.1048
13.0876
13.0986
13.1007
13.1805
13.0902
13.0945
13.1167
13.1645
13.1109
13.1162
13.1273
13.0956
13.1612
13.109
13.1135
13.098
13.1121
13.0541
13.0875
13.1021
13.1648
13.1191
13.0708
13.1187
13.1069
13.1074
13.1202
13.1024
13.0868
13.0423
13.1063
13.1424
13.123
13.1077
13.1816
13.1602
13.0421
13.1216
13.1098
13.0687
13.0861
13.113
13.1255
13.1127
13.1306
13.1157
13.1578
13.1659
13.1544
13.1833
13.1587
13.1462
13.1048
13.1413
13.1403
13.1242
13.1892
13.1593
13.1329
13.1411
13.1739
13.1443
13.0866
13.1174
13.1385
13.1043
13.1025
13.1591
13.1125
13.1187
13.115
13.1729
13.0543
13.0489
13.1745
13.0505
13.1441
13.0483
13.0889
13.046
13.045
13.0809
13.1332
13.1642
13.1227
13.0928
13.0905
13.1582
13.0945
13.0524
13.0837
13.0318
13.0933
13.0921
13.1397
13.0793
13.0693
13.1378
13.0534
13.1379
13.1554
13.0588
13.1334
13.0483
13.162
13.0563
13.1367
13.1326
13.0674
13.0413
13.0529
13.1792
13.1328
13.0481
13.1846
13.0678
13.0453
13.1356
13.1384
13.152
13.129
13.127
13.1405
13.1493
13.1337
13.1302
13.1247
13.1325
13.1572
13.1381
13.1467
13.1368
13.1383
13.1537
13.1304
13.1269
13.1395
13.1563
13.1482
13.1336
13.0367
13.1419
13.0619
13.0952
13.0868
13.0877
13.1426
13.1726
13.0989
13.0912
13.1864
13.1188
13.0792
13.0327
13.1618
13.1596
13.059
13.1813
13.1825
13.1447
13.1712
13.0875
13.1654
13.1837
13.0597
13.1058
13.1239
13.1511
13.1222
13.1778
13.0485
13.1614
13.1596
13.1168
13.1667
13.0639
13.1885
13.13
13.0333
13.0841
13.1893
13.0627
13.1792
13.051
13.1812
13.1611
13.1368
13.1547
13.0379
13.0826
13.161
13.1565
13.0658
13.0838
13.0918
13.1237
13.1258
13.0817
13.1846
13.1204
13.0724
13.1457
13.1857
13.1884
13.1446
13.0794
13.1022
13.184
13.185
13.0933
13.1833
13.1539
13.1645
13.166
13.1867
13.1859
13.0583
13.1354
13.1422
13.174
13.048
13.0479
13.1433
13.1859
13.1855
13.1866
13.1338
13.0471
13.0644
13.0983
13.032
13.1372
13.0337
13.1338
13.082
13.1883
13.0297
13.0927
13.142
13.1271
13.0883
13.0361
13.0841
13.1218
13.1892
13.1228
13.0392
13.0827
13.0371
13.1862
13.0487
13.1894
13.0932
13.0815
13.1308
13.1434
13.1432
13.1898
13.182
13.145
13.0332
13.1814
13.1089
13.1102
13.0515
13.1102
13.0386
13.1878
13.0491
13.0939
13.0398
13.0361
13.1887
13.1287
13.0849
13.0948
13.0855
13.1005
13.1191
13.1094
13.1004
13.1117
13.1035
13.1439
13.1442
13.0377
13.1701
13.0872
13.162
13.145
13.1451
13.0615
13.0502
13.1451
13.1198
13.0813
13.1634
13.1882
13.142
13.1611
13.1436
13.1822
13.1063
13.1133
13.1711
13.1659
13.1853
13.1554
13.0537
13.1568
13.0305
13.0612
13.1737
13.0496
13.1866
13.0339
13.0507
13.0281
13.1435
13.1845
13.053
13.1202
13.1341
13.1778
13.0348
13.1066
13.1186
13.1501
13.1708
13.1874
13.0332
13.1427
13.1315
13.0898
13.1793
13.1867
13.0684
13.0659
13.1222
13.1875
13.0815
13.1309
13.1311
13.1488
13.0515
13.0785
13.1845
13.0478
13.1428
13.1513
13.0811
13.1888
13.085
13.0872
13.1578
13.1245
13.063
13.0891
13.0525
13.1824
13.0482
13.0478
13.1757
13.0729
13.143
13.1875
13.1896
13.05
13.1342
13.091
13.172
13.0525
13.0656
13.1509
13.1405
13.0405
13.1442
13.141
13.083
13.0685
13.0402
13.0677
13.1264
13.048
13.0952
13.1466
13.1711
13.0346
13.1371
13.128
13.1678
13.0352
13.1759
13.1586
13.0502
13.0395
13.1892
13.0308
13.1866
13.1025
13.0739
13.1357
13.1715
13.0344
13.1863
13.0349
13.0858
13.1034
13.1897
13.089
13.1452
13.1419
13.1441
13.1113
13.0685
13.1596
13.1361
13.164
13.1884
13.1591
13.0633
13.1877
13.1629
13.0364
13.1881
13.0885
13.1643
13.0313
13.1696
13.0366
13.0496
13.1439
13.0335
13.1506
13.09
13.0488
)
;

boundaryField
{
    back
    {
        type            empty;
    }
    front
    {
        type            empty;
    }
    top
    {
        type            zeroGradient;
    }
    outer_arc
    {
        type            zeroGradient;
    }
    bottom
    {
        type            uniformFixedValue;
        uniformValue    
        {
            type            table;
            format          csv;
            file            "outlet_p.csv";
            nHeaderLine     1;
            refColumn       0;
            componentColumns List<label> 1(1);
            separator       ",";
            mergeSeparators 0;
        }
        value           uniform 13.0466;
    }
    inner_arc
    {
        type            zeroGradient;
    }
}


// ************************************************************************* //
