/*--------------------------------*- C++ -*----------------------------------*\
  =========                 |
  \\      /  F ield         | OpenFOAM: The Open Source CFD Toolbox
   \\    /   O peration     | Website:  https://openfoam.org
    \\  /    A nd           | Version:  9
     \\/     M anipulation  |
\*---------------------------------------------------------------------------*/
FoamFile
{
    format      ascii;
    class       volScalarField;
    location    "2";
    object      p;
}
// * * * * * * * * * * * * * * * * * * * * * * * * * * * * * * * * * * * * * //

dimensions      [0 2 -2 0 0 0 0];

internalField   nonuniform List<scalar> 
2510
(
10.0524
10.0524
10.0524
10.052
10.052
10.052
10.0524
10.052
10.0524
10.052
10.0442
10.0514
10.0524
10.0519
10.0524
10.052
10.0524
10.052
10.0524
10.0519
10.052
10.05
10.052
10.0524
10.0443
10.0515
10.0524
10.052
10.0524
10.0526
10.0527
10.0526
10.0525
10.0467
10.0463
10.045
10.0454
10.0457
10.0489
10.0502
10.0503
10.0517
10.0518
10.0522
10.0521
10.0521
10.0521
10.0485
10.0524
10.0471
10.0524
10.0457
10.0444
10.0499
10.0512
10.0516
10.0447
10.0513
10.0476
10.0524
10.0525
10.0526
10.0524
10.0522
10.0517
10.0502
10.0494
10.0497
10.0506
10.0509
10.0511
10.052
10.0521
10.0522
10.052
10.0487
10.0519
10.0519
10.0482
10.0471
10.0524
10.0524
10.0526
10.0527
10.0523
10.0519
10.051
10.0492
10.0449
10.0449
10.0493
10.0496
10.0498
10.0505
10.0507
10.051
10.0512
10.0516
10.0519
10.0521
10.0522
10.052
10.0521
10.0524
10.045
10.0513
10.0524
10.052
10.0524
10.052
10.0461
10.0524
10.0524
10.0524
10.052
10.0524
10.0521
10.052
10.0524
10.0524
10.05
10.0524
10.0444
10.0513
10.0524
10.0464
10.0519
10.0524
10.0468
10.0454
10.0442
10.0499
10.0512
10.0515
10.052
10.0524
10.0524
10.0524
10.0524
10.0526
10.0527
10.0522
10.052
10.0509
10.0486
10.0458
10.0448
10.0491
10.0495
10.0498
10.0504
10.0507
10.0509
10.0511
10.0516
10.0473
10.0519
10.052
10.0521
10.0483
10.049
10.049
10.0527
10.0527
10.0479
10.0473
10.045
10.0448
10.0504
10.0504
10.0518
10.0518
10.0521
10.0521
10.0525
10.0526
10.0462
10.0467
10.0461
10.0502
10.0503
10.0517
10.0517
10.0522
10.0521
10.0488
10.0524
10.0524
10.047
10.0524
10.0455
10.0447
10.0498
10.0512
10.0516
10.0479
10.0524
10.0525
10.0527
10.0523
10.0522
10.0516
10.0498
10.0493
10.0496
10.0506
10.0508
10.051
10.052
10.0521
10.0522
10.0484
10.0479
10.0474
10.0467
10.0524
10.0524
10.0525
10.0524
10.0526
10.0525
10.0528
10.0527
10.0524
10.0522
10.052
10.0516
10.0505
10.0511
10.0486
10.0496
10.0453
10.0448
10.045
10.0448
10.0494
10.0492
10.0496
10.0495
10.0498
10.0499
10.0504
10.0506
10.0508
10.0507
10.051
10.0509
10.0512
10.0511
10.0516
10.0515
10.0519
10.052
10.052
10.0521
10.0521
10.0522
10.0521
10.0521
10.0521
10.0488
10.0524
10.0524
10.0524
10.0524
10.0524
10.052
10.0519
10.052
10.0524
10.052
10.0524
10.0519
10.0501
10.0524
10.0524
10.0524
10.0501
10.0524
10.0521
10.0524
10.052
10.0524
10.052
10.0524
10.052
10.0493
10.0496
10.0506
10.0508
10.051
10.052
10.0521
10.0521
10.0493
10.0514
10.0522
10.0523
10.0526
10.0525
10.0524
10.0478
10.0524
10.0524
10.0524
10.0486
10.0485
10.0524
10.0467
10.0524
10.0446
10.0451
10.0499
10.0512
10.0515
10.052
10.052
10.0524
10.0525
10.0527
10.0523
10.0491
10.0511
10.052
10.0481
10.0492
10.0496
10.0505
10.0507
10.051
10.0519
10.0521
10.0521
10.0492
10.0494
10.0497
10.0496
10.0505
10.0506
10.0509
10.0507
10.051
10.0511
10.0519
10.052
10.0521
10.0521
10.0521
10.0522
10.0486
10.0499
10.051
10.0517
10.0522
10.052
10.0524
10.0523
10.0526
10.0527
10.0525
10.0525
10.0524
10.0524
10.0481
10.0476
10.052
10.0524
10.0524
10.052
10.0524
10.0524
10.0524
10.0524
10.052
10.0521
10.052
10.0521
10.052
10.052
10.0521
10.0522
10.0522
10.052
10.0522
10.0522
10.0522
10.0522
10.0522
10.052
10.0522
10.0514
10.0514
10.0522
10.052
10.0522
10.0521
10.0522
10.0516
10.052
10.0521
10.0521
10.052
10.052
10.0519
10.0519
10.0505
10.0518
10.0505
10.0518
10.0517
10.0517
10.0507
10.052
10.0514
10.052
10.0498
10.0512
10.0511
10.0498
10.051
10.051
10.0513
10.0509
10.0508
10.0512
10.052
10.0516
10.0506
10.0513
10.0505
10.0503
10.0504
10.0496
10.0503
10.0502
10.052
10.052
10.05
10.0501
10.05
10.0522
10.0508
10.0499
10.0497
10.0498
10.0438
10.0526
10.0486
10.0485
10.0492
10.0492
10.0483
10.0513
10.0481
10.0513
10.0498
10.049
10.0479
10.044
10.0493
10.0501
10.0498
10.0496
10.0504
10.0501
10.0515
10.0502
10.0506
10.0476
10.0492
10.0478
10.0493
10.0509
10.0512
10.0491
10.0505
10.0518
10.0458
10.0493
10.0491
10.0488
10.0511
10.049
10.047
10.0442
10.0489
10.05
10.0497
10.0474
10.0513
10.0493
10.0507
10.0504
10.0435
10.0438
10.0442
10.0497
10.0499
10.05
10.0508
10.0464
10.051
10.0467
10.0511
10.0515
10.05
10.0498
10.0494
10.0498
10.0525
10.0517
10.0457
10.0501
10.0513
10.0503
10.0477
10.0531
10.0511
10.0513
10.0503
10.0512
10.0504
10.0475
10.0493
10.0506
10.0513
10.0466
10.044
10.0505
10.0519
10.0509
10.0463
10.0484
10.0489
10.0506
10.0479
10.0471
10.0432
10.0515
10.0529
10.0508
10.0494
10.0439
10.0453
10.0508
10.0462
10.0528
10.0507
10.05
10.0459
10.0501
10.0515
10.0527
10.051
10.0517
10.0431
10.0525
10.0495
10.0436
10.052
10.0511
10.0524
10.0442
10.052
10.0442
10.0526
10.0523
10.049
10.0517
10.0494
10.0504
10.0491
10.0519
10.0524
10.047
10.05
10.0473
10.0514
10.0527
10.0512
10.0528
10.0516
10.0467
10.0531
10.0491
10.0529
10.0519
10.0516
10.0501
10.0518
10.0525
10.0493
10.0524
10.0493
10.05
10.0527
10.052
10.0508
10.0489
10.0501
10.0503
10.0521
10.0528
10.0518
10.0504
10.0486
10.0518
10.0522
10.0524
10.0494
10.0487
10.052
10.0524
10.0522
10.0501
10.0527
10.0525
10.0521
10.052
10.0527
10.0524
10.052
10.0528
10.0524
10.0521
10.0519
10.0524
10.052
10.0492
10.0526
10.0525
10.0502
10.0465
10.0503
10.0507
10.0528
10.0439
10.0503
10.0525
10.0511
10.0483
10.0509
10.0519
10.0503
10.0505
10.0521
10.0521
10.0519
10.0522
10.0505
10.0522
10.052
10.0529
10.0524
10.052
10.052
10.0492
10.0527
10.0527
10.0508
10.0519
10.0525
10.0525
10.0524
10.0493
10.0522
10.0519
10.0455
10.0522
10.0492
10.0521
10.0524
10.0457
10.0524
10.0499
10.052
10.0504
10.0494
10.0491
10.0434
10.052
10.0525
10.0522
10.0471
10.0526
10.051
10.0524
10.0444
10.0517
10.0527
10.0511
10.0517
10.046
10.0517
10.0503
10.0515
10.0464
10.0519
10.0498
10.0506
10.0493
10.0528
10.0501
10.0517
10.0514
10.0476
10.0525
10.0483
10.048
10.0511
10.0521
10.0513
10.0481
10.0519
10.0526
10.0452
10.0521
10.052
10.0511
10.0521
10.0483
10.0524
10.049
10.0526
10.0492
10.0521
10.0528
10.0519
10.0508
10.0493
10.052
10.0518
10.0526
10.0502
10.052
10.0525
10.0528
10.0495
10.0524
10.0489
10.052
10.0518
10.0526
10.052
10.0521
10.05
10.052
10.0513
10.0502
10.0522
10.0508
10.0526
10.0521
10.0524
10.0524
10.0505
10.052
10.0525
10.0506
10.0506
10.052
10.0507
10.052
10.0519
10.0502
10.0441
10.0515
10.0521
10.0524
10.052
10.0505
10.0516
10.0521
10.0458
10.0526
10.0521
10.052
10.0491
10.0528
10.0524
10.0521
10.0516
10.0524
10.0522
10.0524
10.052
10.0455
10.0493
10.05
10.0524
10.0519
10.0467
10.0484
10.0516
10.0522
10.0514
10.052
10.0498
10.0497
10.0509
10.052
10.0505
10.052
10.0451
10.0466
10.0524
10.0524
10.0518
10.0521
10.0516
10.0433
10.0483
10.0499
10.0526
10.0497
10.0517
10.0452
10.05
10.0521
10.0519
10.0516
10.0518
10.0525
10.0524
10.0514
10.0482
10.0511
10.0526
10.0519
10.0512
10.0528
10.0521
10.0518
10.0524
10.052
10.0522
10.0515
10.052
10.0521
10.0513
10.0527
10.0475
10.0523
10.0514
10.046
10.0516
10.052
10.0519
10.0493
10.0494
10.0437
10.052
10.051
10.0525
10.0502
10.0507
10.0517
10.0521
10.0517
10.0453
10.0502
10.0484
10.0524
10.0497
10.0519
10.0518
10.0524
10.0522
10.0524
10.052
10.0525
10.0516
10.0514
10.0524
10.0521
10.053
10.0511
10.0524
10.0518
10.048
10.0532
10.0524
10.0524
10.0512
10.0524
10.0478
10.0524
10.0524
10.0454
10.0524
10.0509
10.0522
10.0482
10.0504
10.0521
10.0453
10.05
10.0521
10.0514
10.0474
10.0506
10.0523
10.052
10.0515
10.0489
10.0498
10.0503
10.0525
10.0526
10.0527
10.0475
10.0455
10.05
10.052
10.051
10.0491
10.0527
10.0511
10.0436
10.0501
10.049
10.0491
10.0454
10.0434
10.0436
10.052
10.0443
10.0524
10.0524
10.0526
10.0449
10.0436
10.0521
10.0524
10.0524
10.0521
10.0494
10.0518
10.0521
10.0521
10.0524
10.052
10.0508
10.044
10.0503
10.0497
10.0521
10.0501
10.0501
10.0462
10.0524
10.0445
10.0471
10.0522
10.051
10.0524
10.0506
10.051
10.0483
10.0482
10.0493
10.0505
10.0511
10.052
10.0522
10.0524
10.0515
10.0503
10.0508
10.0519
10.0508
10.0498
10.0521
10.0498
10.052
10.0527
10.0474
10.0498
10.0525
10.0506
10.0503
10.0477
10.0521
10.0468
10.0507
10.0522
10.0531
10.0492
10.0524
10.0496
10.0527
10.0459
10.0499
10.0522
10.0514
10.0496
10.0513
10.0524
10.0507
10.0495
10.0491
10.0521
10.048
10.0506
10.0532
10.0524
10.0522
10.0511
10.0501
10.0522
10.052
10.0522
10.0524
10.05
10.0521
10.0524
10.0522
10.0504
10.0522
10.0491
10.0471
10.0511
10.051
10.0521
10.0459
10.053
10.0514
10.0521
10.0521
10.0503
10.05
10.0524
10.0524
10.0519
10.0489
10.0493
10.0524
10.0526
10.0494
10.0524
10.0524
10.0526
10.0521
10.0452
10.0524
10.052
10.0467
10.052
10.0524
10.0463
10.0521
10.0525
10.0478
10.0522
10.0445
10.0519
10.0522
10.0523
10.0525
10.0529
10.0522
10.0521
10.0506
10.0526
10.0522
10.0495
10.0474
10.0521
10.0493
10.0527
10.0509
10.0448
10.0448
10.0522
10.0518
10.0521
10.0516
10.0525
10.0473
10.0501
10.0501
10.0502
10.0527
10.052
10.0482
10.0497
10.052
10.0503
10.0525
10.0521
10.0492
10.0467
10.0526
10.0497
10.0468
10.0501
10.0522
10.0475
10.0524
10.0515
10.0453
10.0521
10.0473
10.0509
10.0529
10.0524
10.052
10.0522
10.0471
10.0438
10.0446
10.0509
10.0524
10.0486
10.0514
10.0517
10.0488
10.0431
10.0471
10.0524
10.0521
10.0526
10.0517
10.0456
10.044
10.0521
10.0463
10.0521
10.0502
10.0462
10.0461
10.0518
10.0522
10.0527
10.0494
10.05
10.0525
10.0479
10.0432
10.0521
10.0499
10.0524
10.0485
10.0448
10.0474
10.0511
10.052
10.0444
10.0504
10.0518
10.0515
10.0519
10.0495
10.0524
10.0477
10.0502
10.044
10.0526
10.0508
10.0522
10.0442
10.0528
10.0495
10.0518
10.0527
10.0504
10.0489
10.0478
10.0467
10.0525
10.0524
10.0505
10.0478
10.0526
10.0521
10.0434
10.0513
10.045
10.0506
10.0436
10.052
10.0495
10.0516
10.0489
10.052
10.0485
10.0521
10.0506
10.0442
10.0521
10.052
10.0496
10.0522
10.0496
10.0522
10.0452
10.0439
10.0512
10.0453
10.0528
10.0521
10.0522
10.0505
10.0496
10.0475
10.0519
10.0437
10.0505
10.0462
10.0438
10.0498
10.0521
10.051
10.052
10.0506
10.0522
10.0515
10.0527
10.052
10.0522
10.0521
10.0498
10.0495
10.045
10.0532
10.044
10.0526
10.0513
10.0508
10.0504
10.0513
10.0502
10.0514
10.052
10.052
10.0507
10.0521
10.0526
10.0512
10.052
10.0526
10.0511
10.0521
10.0499
10.0509
10.0508
10.0523
10.052
10.046
10.053
10.051
10.0491
10.0525
10.0521
10.0495
10.0531
10.0522
10.0521
10.0519
10.0522
10.0508
10.0511
10.0525
10.0486
10.0521
10.0525
10.0524
10.0447
10.0503
10.0524
10.051
10.0466
10.052
10.0461
10.0521
10.0522
10.0494
10.0522
10.0521
10.052
10.0446
10.0457
10.0521
10.0525
10.051
10.0484
10.0524
10.0519
10.0513
10.0501
10.0512
10.0519
10.0515
10.0487
10.049
10.0527
10.0521
10.0516
10.0529
10.0453
10.052
10.045
10.0475
10.0447
10.0439
10.0462
10.05
10.0503
10.0522
10.0495
10.0492
10.0526
10.0445
10.0492
10.0492
10.0522
10.0504
10.0509
10.0443
10.0475
10.0517
10.0446
10.0505
10.0449
10.0519
10.0508
10.052
10.0514
10.0523
10.0527
10.0522
10.0436
10.0524
10.0492
10.0522
10.0496
10.0517
10.0524
10.0524
10.043
10.0524
10.0453
10.0522
10.0525
10.0525
10.0524
10.0526
10.0514
10.0462
10.0464
10.0494
10.0518
10.0519
10.047
10.0433
10.0524
10.0526
10.05
10.0491
10.0526
10.0479
10.0524
10.0525
10.0495
10.044
10.0524
10.0502
10.0521
10.0523
10.0518
10.0516
10.0502
10.0528
10.0521
10.0526
10.0456
10.0521
10.052
10.0518
10.0431
10.0494
10.0526
10.0507
10.0523
10.0456
10.052
10.0484
10.0504
10.0528
10.0517
10.0493
10.044
10.0525
10.0507
10.0455
10.0463
10.0504
10.0525
10.0521
10.0524
10.0526
10.0493
10.0516
10.0503
10.0524
10.0446
10.0526
10.0521
10.0524
10.0521
10.0488
10.0519
10.0437
10.0527
10.0491
10.0506
10.0513
10.052
10.0471
10.0493
10.0508
10.0522
10.0522
10.0528
10.0521
10.0498
10.0506
10.0504
10.049
10.0525
10.0524
10.0517
10.0522
10.0509
10.0524
10.044
10.0446
10.0481
10.0522
10.0504
10.0479
10.0499
10.0438
10.0441
10.0521
10.0526
10.0524
10.0446
10.0503
10.051
10.0524
10.0482
10.0512
10.0523
10.0525
10.0513
10.0521
10.0493
10.0511
10.0491
10.0507
10.0525
10.0525
10.0522
10.0514
10.0491
10.0521
10.0521
10.0521
10.0516
10.052
10.0514
10.0442
10.052
10.0524
10.0502
10.0526
10.0455
10.0526
10.052
10.0524
10.0464
10.0524
10.047
10.0507
10.0527
10.0457
10.0524
10.0522
10.0488
10.0486
10.052
10.0448
10.0449
10.0519
10.0508
10.0525
10.0525
10.0527
10.0517
10.0519
10.0522
10.0492
10.0528
10.0512
10.0524
10.0521
10.0491
10.052
10.0523
10.0493
10.0524
10.0493
10.0449
10.0501
10.0527
10.0522
10.052
10.0521
10.0521
10.052
10.0474
10.0489
10.0502
10.0521
10.0526
10.0495
10.0521
10.0523
10.0525
10.051
10.0519
10.0521
10.0524
10.0489
10.0508
10.0513
10.0525
10.0524
10.0497
10.0521
10.0524
10.0522
10.052
10.0457
10.0467
10.0504
10.0499
10.0498
10.0511
10.0521
10.0436
10.0457
10.0438
10.052
10.0512
10.0466
10.0516
10.0521
10.0511
10.0483
10.0524
10.047
10.0499
10.0507
10.0522
10.0495
10.0524
10.0519
10.052
10.052
10.0525
10.049
10.0521
10.0524
10.0512
10.0524
10.0497
10.052
10.0526
10.0429
10.0524
10.0456
10.0518
10.052
10.0524
10.0524
10.0524
10.0456
10.0522
10.0524
10.0525
10.052
10.052
10.0477
10.0498
10.0524
10.0521
10.0495
10.0522
10.05
10.0524
10.0486
10.0524
10.0505
10.0448
10.0522
10.044
10.0523
10.0486
10.0495
10.0528
10.0504
10.0524
10.0523
10.0527
10.0509
10.0518
10.0522
10.0524
10.0445
10.0522
10.0521
10.0515
10.0524
10.0526
10.0494
10.0508
10.0513
10.0498
10.0524
10.0502
10.0519
10.0511
10.0511
10.0525
10.0521
10.0527
10.0524
10.0487
10.0493
10.0488
10.0464
10.0526
10.0522
10.0522
10.0524
10.0519
10.0498
10.0524
10.053
10.052
10.0501
10.0441
10.053
10.0524
10.0515
10.0524
10.0515
10.0481
10.0497
10.0517
10.0517
10.0494
10.0517
10.052
10.052
10.0488
10.0464
10.0521
10.0524
10.0454
10.0521
10.0523
10.0524
10.0522
10.0524
10.0504
10.0521
10.0521
10.052
10.0524
10.0521
10.0522
10.0524
10.0519
10.051
10.0444
10.0476
10.0445
10.0456
10.0522
10.0524
10.0495
10.0525
10.0527
10.0524
10.0494
10.0494
10.0524
10.0519
10.0488
10.0479
10.052
10.0526
10.0513
10.0524
10.0509
10.0496
10.0514
10.0524
10.0495
10.0524
10.0521
10.0472
10.0521
10.052
10.0524
10.0524
10.0487
10.0489
10.0522
10.0525
10.0521
10.0519
10.0496
10.0502
10.0441
10.0521
10.052
10.0519
10.0522
10.0522
10.051
10.052
10.0525
10.0522
10.0524
10.0529
10.0448
10.0524
10.0517
10.0524
10.0524
10.0522
10.0523
10.052
10.0503
10.0524
10.0524
10.0512
10.0514
10.0519
10.0524
10.0523
10.0522
10.0497
10.0522
10.0522
10.0522
10.0525
10.0497
10.0525
10.0524
10.0523
10.049
10.0521
10.0519
10.0524
10.0514
10.0468
10.0524
10.0516
10.0524
10.0471
10.0494
10.052
10.0515
10.05
10.052
10.052
10.0528
10.0524
10.052
10.0529
10.0494
10.0521
10.052
10.0437
10.0525
10.0524
10.0527
10.0524
10.0512
10.0443
10.052
10.0521
10.0524
10.0511
10.0517
10.0524
10.0492
10.0524
10.0504
10.0531
10.0518
10.0501
10.0495
10.0525
10.0522
10.0524
10.0513
10.0438
10.0529
10.0524
10.0524
10.0518
10.0524
10.0524
10.052
10.0517
10.0487
10.0524
10.0525
10.0502
10.0521
10.0521
10.0524
10.053
10.0524
10.0502
10.0521
10.0515
10.0524
10.0466
10.0518
10.0521
10.0494
10.0525
10.0448
10.0445
10.0521
10.0492
10.0527
10.0525
10.0458
10.0524
10.0491
10.0522
10.0525
10.052
10.0524
10.0493
10.049
10.0521
10.052
10.052
10.0487
10.0528
10.0525
10.0517
10.0524
10.0522
10.0515
10.0519
10.0521
10.052
10.0519
10.0475
10.0526
10.0518
10.052
10.0524
10.0522
10.0525
10.0521
10.0524
10.0525
10.052
10.0519
10.0527
10.0455
10.0521
10.0521
10.0526
10.0517
10.0522
10.0508
10.0494
10.0525
10.0525
10.0451
10.0466
10.0527
10.0498
10.048
10.0467
10.0523
10.0526
10.0517
10.0525
10.0521
10.0518
10.0446
10.0526
10.0499
10.0522
10.0522
10.0522
10.0526
10.052
10.0498
10.0528
10.0525
10.044
10.0521
10.05
10.0527
10.0437
10.0516
10.0528
10.0522
10.0519
10.0526
10.0526
10.0527
10.0473
10.0523
10.0525
10.0436
10.0514
10.052
10.0524
10.0522
10.0512
10.0525
10.0526
10.0504
10.0522
10.045
10.0515
10.0522
10.0519
10.0446
10.0516
10.045
10.0527
10.0522
10.0488
10.0521
10.0522
10.0528
10.0518
10.0522
10.0445
10.0471
10.0443
10.0526
10.053
10.0528
10.0495
10.0527
10.0527
10.0518
10.0526
10.0525
10.0514
10.0516
10.0499
10.0522
10.0526
10.0528
10.051
10.0435
10.0512
10.0458
10.0526
10.0507
10.0525
10.0437
10.045
10.0529
10.0522
10.0529
10.046
10.0505
10.0449
10.0434
10.0527
10.053
10.0462
10.0453
10.0443
10.0502
10.0477
10.0435
10.0511
10.0516
10.0527
10.0481
10.0526
10.0509
10.0511
10.0522
10.0516
10.0526
10.0527
10.0432
10.0448
10.0497
10.0446
10.0483
10.0498
10.0435
10.0527
10.0522
10.0434
10.0443
10.0508
10.0507
10.0531
10.0516
10.0522
10.0506
10.0505
10.0526
10.0492
10.0526
10.0522
10.0528
10.0516
10.0503
10.0502
10.0498
10.0496
10.05
10.0516
10.0528
10.0527
10.0439
10.0497
10.0444
10.0495
10.0438
10.0495
10.0529
10.0528
10.0528
10.0522
10.0496
10.0513
10.0522
10.0517
10.0502
10.0506
10.0528
10.0522
10.0439
10.0504
10.0527
10.0508
10.0524
10.0511
10.0512
10.0513
10.051
10.0521
10.0517
10.0507
10.0512
10.0527
10.0514
10.051
10.0509
10.0513
10.0513
10.0511
10.0498
10.0527
10.0521
10.0521
10.0474
10.0517
10.0488
10.0512
10.0495
10.0443
10.0526
10.0509
10.051
10.052
10.0465
10.049
10.052
10.0448
10.0439
10.049
10.0505
10.051
10.0527
10.0481
10.044
10.0508
10.0451
10.051
10.0444
10.0519
10.0505
10.0528
10.0439
10.0519
10.0528
10.0519
10.0436
10.043
10.0501
10.0518
10.0439
10.0504
10.0508
10.0508
10.0433
10.0501
10.043
10.0435
10.0527
10.0453
10.0505
10.0528
10.0443
10.0499
10.0443
10.0505
10.0452
10.0496
10.0442
10.0527
10.0526
10.0483
10.0462
10.0445
10.0503
10.0516
10.0503
10.0497
10.053
10.0499
10.0515
10.0499
10.0483
10.0529
10.0497
10.0527
10.0516
10.0526
10.0446
10.0488
10.0497
10.0437
10.0524
10.0492
10.0494
10.0438
10.0438
10.0496
10.0515
10.0495
10.0531
10.045
10.0453
10.0448
10.0528
10.0527
10.0437
10.0459
10.0487
10.0524
10.0514
10.0514
10.0444
10.0504
10.0512
10.046
10.0524
10.0466
10.0452
10.0513
10.046
10.0512
10.0442
10.0481
10.0497
10.051
10.051
10.0517
10.0514
10.0471
10.0497
10.0505
10.048
10.0455
10.0515
10.0436
10.0486
10.0507
10.05
10.0488
10.0473
10.0444
10.0506
10.0506
10.0515
10.0452
10.05
10.0498
10.048
10.0489
10.0506
10.0462
10.0484
10.0474
10.0454
10.0491
10.043
10.0469
10.0489
10.0503
10.0437
10.0495
10.0488
10.0502
10.0502
10.0489
10.0432
10.0502
10.0466
10.0495
10.0437
10.0473
10.0457
10.0498
10.0499
10.0461
10.0526
10.0451
10.0497
10.0447
10.0497
10.0507
10.0447
10.0507
10.0449
10.0467
10.0496
10.0471
10.0479
10.0443
10.0475
10.0496
10.0501
10.0441
10.0482
10.0478
10.0495
10.0527
10.0498
10.0511
10.0481
10.0487
10.0487
10.0499
10.0496
10.0486
10.0507
10.0437
10.0494
10.0494
10.0436
10.0487
10.0515
10.049
10.0437
10.0492
10.0494
10.052
10.0436
10.05
10.0463
10.0518
10.0447
10.052
10.0451
10.0515
10.0521
10.0496
10.0455
10.0503
10.0485
10.0496
10.0454
10.051
10.0495
10.0467
10.0522
10.0526
10.0522
10.0475
10.0472
10.0511
10.0495
10.0495
10.0481
10.0484
10.0486
10.0495
10.0484
10.0481
10.0485
10.0487
10.0523
10.049
10.0483
10.0523
10.0517
10.0527
10.0526
10.0524
10.0525
10.0522
10.0526
10.0517
10.0527
10.0498
10.052
10.0526
10.052
10.049
10.0497
10.0526
10.0527
10.0521
10.0496
10.0527
10.0521
10.0463
10.0522
10.0526
10.0526
10.0523
10.0523
10.0524
10.0526
10.0526
10.0525
10.0525
10.0527
10.0524
10.0508
10.0525
10.0527
10.0524
10.0527
10.0525
10.0527
10.0527
10.0524
10.0516
10.0527
10.0525
10.0524
10.0524
10.0525
10.0524
10.0521
10.0525
10.0525
10.0524
10.0524
10.0524
10.0524
10.052
10.052
10.0524
10.0524
10.052
10.0524
10.0524
10.052
10.0524
10.0524
10.0524
10.0524
10.0524
10.0465
10.0524
10.0524
10.0524
10.0524
10.0524
10.05
10.052
10.0501
10.0524
10.0524
10.0524
10.052
10.0447
10.0514
10.0521
10.0524
10.0524
10.0524
10.0519
10.0462
10.0458
10.052
10.0524
10.0524
10.0524
10.0524
10.0524
10.052
10.0524
10.0515
10.0446
10.0514
10.0449
10.052
10.0524
10.0524
10.0524
10.0524
10.0524
10.052
10.0524
10.0524
10.052
10.0519
10.0459
10.052
10.052
10.052
10.0524
10.0524
10.0524
10.052
10.052
10.0519
10.052
10.0519
10.0524
10.052
10.0524
10.0524
10.052
10.052
10.0524
10.0524
10.052
10.052
10.052
10.052
10.0524
10.0513
10.0452
10.0524
10.0524
10.0524
10.052
10.0519
10.0524
10.0514
10.045
10.0524
10.0524
10.052
10.052
10.052
10.0524
10.052
10.052
10.0524
10.0524
10.0524
10.052
10.0519
10.0519
10.0519
10.052
10.052
10.0524
10.0524
10.0519
10.052
10.0524
10.0524
10.052
10.0524
10.052
10.0524
10.052
10.0524
10.0524
10.052
10.052
10.0524
10.0524
10.0524
10.0524
10.0519
)
;

boundaryField
{
    back
    {
        type            empty;
    }
    front
    {
        type            empty;
    }
    left
    {
        type            zeroGradient;
    }
    top
    {
        type            zeroGradient;
    }
    right
    {
        type            zeroGradient;
    }
    bottom
    {
        type            uniformFixedValue;
        uniformValue    
        {
            type            table;
            format          csv;
            file            "outlet_p.csv";
            nHeaderLine     1;
            refColumn       0;
            componentColumns List<label> 1(1);
            separator       ",";
            mergeSeparators 0;
        }
        value           uniform 10.052;
    }
}


// ************************************************************************* //
