/*--------------------------------*- C++ -*----------------------------------*\
  =========                 |
  \\      /  F ield         | OpenFOAM: The Open Source CFD Toolbox
   \\    /   O peration     | Website:  https://openfoam.org
    \\  /    A nd           | Version:  9
     \\/     M anipulation  |
\*---------------------------------------------------------------------------*/
FoamFile
{
    format      ascii;
    class       volScalarField;
    location    "0.78";
    object      p;
}
// * * * * * * * * * * * * * * * * * * * * * * * * * * * * * * * * * * * * * //

dimensions      [0 2 -2 0 0 0 0];

internalField   nonuniform List<scalar> 
578
(
8.4
8.4
8.4
8.41
8.38
8.4
8.38
8.38
8.39
8.4
8.4
8.38
8.41
8.39
8.39
8.4
8.41
8.4
8.38
8.39
8.41
8.4
8.41
8.4
8.41
8.38
8.41
8.41
8.4
8.39
8.41
8.4
8.39
8.41
8.39
8.39
8.39
8.38
8.39
8.38
8.39
8.38
8.38
8.39
8.39
8.38
8.39
8.39
8.4
8.41
8.4
8.41
8.41
8.41
8.41
8.4
8.41
8.4
8.4
8.39
8.4
8.41
8.4
8.39
8.41
8.39
8.39
8.4
8.4
8.38
8.41
8.4
8.41
8.38
8.4
8.39
8.39
8.39
8.41
8.39
8.4
8.4
8.4
8.4
8.39
8.38
8.4
8.4
8.38
8.38
8.41
8.39
8.38
8.41
8.4
8.4
8.41
8.41
8.4
8.38
8.39
8.38
8.41
8.39
8.41
8.38
8.4
8.39
8.38
8.39
8.39
8.38
8.39
8.4
8.4
8.41
8.41
8.4
8.38
8.41
8.38
8.4
8.38
8.41
8.4
8.38
8.4
8.4
8.38
8.38
8.38
8.38
8.41
8.38
8.38
8.39
8.38
8.41
8.4
8.38
8.38
8.38
8.38
8.41
8.38
8.39
8.38
8.41
8.38
8.38
8.39
8.39
8.39
8.38
8.38
8.41
8.4
8.41
8.39
8.39
8.39
8.39
8.38
8.39
8.41
8.38
8.41
8.38
8.41
8.41
8.39
8.38
8.39
8.38
8.38
8.41
8.41
8.4
8.39
8.4
8.38
8.4
8.38
8.41
8.39
8.41
8.39
8.38
8.39
8.4
8.39
8.39
8.4
8.38
8.4
8.41
8.41
8.41
8.39
8.38
8.41
8.41
8.4
8.41
8.41
8.38
8.39
8.39
8.39
8.39
8.38
8.39
8.38
8.41
8.38
8.41
8.39
8.39
8.38
8.38
8.38
8.38
8.38
8.39
8.38
8.38
8.41
8.41
8.41
8.4
8.4
8.4
8.38
8.38
8.38
8.39
8.39
8.39
8.41
8.38
8.38
8.38
8.41
8.38
8.41
8.38
8.38
8.4
8.39
8.41
8.41
8.38
8.4
8.38
8.4
8.38
8.4
8.39
8.39
8.4
8.38
8.38
8.41
8.41
8.4
8.38
8.38
8.38
8.4
8.38
8.38
8.38
8.38
8.41
8.41
8.41
8.41
8.38
8.39
8.41
8.38
8.41
8.41
8.41
8.41
8.38
8.38
8.38
8.41
8.41
8.38
8.38
8.41
8.39
8.41
8.41
8.38
8.38
8.41
8.41
8.41
8.38
8.41
8.41
8.41
8.41
8.38
8.4
8.41
8.41
8.38
8.41
8.41
8.38
8.41
8.41
8.38
8.38
8.38
8.41
8.38
8.41
8.41
8.41
8.41
8.41
8.39
8.38
8.38
8.41
8.41
8.39
8.41
8.41
8.38
8.41
8.41
8.41
8.41
8.41
8.41
8.41
8.4
8.4
8.41
8.4
8.4
8.38
8.38
8.38
8.38
8.38
8.38
8.4
8.39
8.39
8.41
8.39
8.39
8.39
8.4
8.41
8.4
8.38
8.4
8.4
8.4
8.4
8.41
8.4
8.38
8.4
8.39
8.4
8.39
8.4
8.41
8.38
8.38
8.41
8.41
8.38
8.38
8.4
8.4
8.4
8.41
8.39
8.39
8.38
8.41
8.4
8.4
8.38
8.4
8.41
8.4
8.41
8.41
8.41
8.39
8.4
8.41
8.4
8.41
8.4
8.4
8.41
8.4
8.4
8.41
8.4
8.4
8.38
8.4
8.4
8.38
8.38
8.38
8.41
8.38
8.41
8.38
8.38
8.38
8.38
8.38
8.4
8.38
8.38
8.39
8.4
8.39
8.41
8.38
8.38
8.38
8.4
8.38
8.4
8.4
8.41
8.41
8.41
8.39
8.4
8.41
8.39
8.39
8.41
8.38
8.42
8.38
8.42
8.38
8.41
8.4
8.4
8.4
8.4
8.4
8.39
8.4
8.38
8.4
8.39
8.38
8.39
8.4
8.38
8.41
8.41
8.39
8.41
8.4
8.38
8.38
8.39
8.39
8.39
8.41
8.4
8.4
8.41
8.41
8.38
8.41
8.42
8.41
8.39
8.42
8.39
8.38
8.41
8.41
8.38
8.41
8.38
8.43
8.43
8.38
8.4
8.38
8.41
8.4
8.41
8.38
8.41
8.38
8.41
8.41
8.4
8.41
8.38
8.38
8.41
8.38
8.38
8.4
8.41
8.41
8.41
8.4
8.38
8.38
8.41
8.41
8.41
8.39
8.4
8.39
8.38
8.41
8.41
8.4
8.39
8.4
8.38
8.39
8.41
8.42
8.4
8.39
8.38
8.4
8.41
8.41
8.4
8.39
8.38
8.4
8.38
8.38
8.39
8.4
8.4
8.39
8.41
8.41
8.41
8.41
8.39
8.38
8.41
8.41
8.4
8.41
8.4
8.42
8.42
8.38
8.4
8.4
8.4
8.4
8.4
8.39
8.39
)
;

boundaryField
{
    front
    {
        type            empty;
    }
    back
    {
        type            empty;
    }
    bottom
    {
        type            uniformFixedValue;
        uniformValue    
        {
            type            table;
            format          csv;
            file            "outlet_p.csv";
            nHeaderLine     1;
            refColumn       0;
            componentColumns List<label> 1(1);
            separator       ",";
            mergeSeparators 0;
        }
        value           uniform 8.38;
    }
    left
    {
        type            zeroGradient;
    }
    top
    {
        type            zeroGradient;
    }
    right
    {
        type            zeroGradient;
    }
    inner_arc
    {
        type            zeroGradient;
    }
}


// ************************************************************************* //
