/*--------------------------------*- C++ -*----------------------------------*\
  =========                 |
  \\      /  F ield         | OpenFOAM: The Open Source CFD Toolbox
   \\    /   O peration     | Website:  https://openfoam.org
    \\  /    A nd           | Version:  9
     \\/     M anipulation  |
\*---------------------------------------------------------------------------*/
FoamFile
{
    format      ascii;
    class       volVectorField;
    location    "2.61";
    object      U;
}
// * * * * * * * * * * * * * * * * * * * * * * * * * * * * * * * * * * * * * //

dimensions      [0 1 -1 0 0 0 0];

internalField   nonuniform List<vector> 
1655
(
(0.0608507 -0.0193631 -4.39847e-18)
(0.0099231 -0.0270386 2.90818e-17)
(-0.0529996 0.0112001 2.36665e-17)
(-0.0157636 0.00384117 -1.41085e-17)
(0.0561301 0.0593136 0)
(0.0218479 0.0106302 8.87226e-18)
(-0.0847917 0.0174105 0)
(0.0420253 0.15606 -1.56888e-17)
(0.0863557 0.255035 0)
(0.0540936 0.0530835 -7.68715e-18)
(0.0404488 -0.00395992 3.52773e-17)
(0.0542503 -0.00673887 -3.47551e-17)
(0.0286704 0.0932175 -1.71539e-21)
(0.0145574 -0.014501 -1.83263e-17)
(0.0152964 -0.0200166 1.81223e-17)
(-0.0386968 -0.0487673 0)
(-0.136389 0.0536644 3.13906e-17)
(0.0231973 -0.13155 9.38786e-18)
(0.00967565 0.00183281 -3.54314e-17)
(0.00651831 -0.0136576 -1.01732e-17)
(0.0504761 -0.0666074 4.12335e-18)
(0.0816659 0.271729 0)
(0.0649687 0.107739 -1.89382e-17)
(0.0529107 0.0936771 8.80084e-18)
(0.0627252 -0.0157997 -5.52756e-18)
(-0.122542 0.0431281 -3.71447e-17)
(0.013056 -0.0612522 -1.63316e-17)
(0.0644842 0.241649 -1.87744e-17)
(0.0538575 0.227361 2.53373e-17)
(0.0175848 -0.0341895 -1.82832e-17)
(-0.131599 0.0321282 4.55773e-17)
(0.0236457 0.0132897 -4.9084e-18)
(0.0166296 -0.0704127 -6.72126e-18)
(-0.0591338 -0.00913237 0)
(0.0171553 -0.1324 0)
(-0.0616074 -0.0119514 0)
(0.0282513 0.0148872 -2.3873e-17)
(0.012226 -0.0388194 0)
(0.0117154 -0.069507 -9.19767e-18)
(0.0251263 -0.050213 -3.13978e-17)
(0.0426102 -0.0645018 1.76916e-17)
(0.0626586 0.0915107 1.53179e-17)
(0.0113755 -0.0620728 -9.62022e-18)
(0.00312853 -0.00165048 2.80708e-17)
(-0.008049 -0.0360574 0)
(-0.0183385 0.00703042 0)
(-0.0215633 0.0042931 4.38873e-17)
(-0.00673142 -0.00683376 0)
(0.0454862 0.0307991 1.71332e-17)
(0.0117025 -0.0577008 2.34282e-18)
(0.0307091 0.0152908 2.63784e-17)
(-0.0127078 0.0175348 -1.76926e-17)
(0.0255447 0.0693282 -1.93428e-17)
(0.0853103 0.249399 1.67741e-17)
(0.0628519 0.072551 -2.19417e-17)
(-0.00951108 0.0303765 0)
(0.0285814 -0.0663676 -8.57184e-18)
(0.0170283 -0.00166861 0)
(0.0169353 0.00201727 0)
(0.0370479 0.0739955 1.85717e-17)
(-0.142474 0.0196453 -4.55389e-17)
(0.0119804 0.00533878 0)
(0.0774113 -0.0235265 0)
(0.0572133 0.180453 -4.33147e-18)
(0.0116987 -0.000773709 0)
(-0.0866277 0.0362039 0)
(-0.00271601 -0.00140533 4.09953e-17)
(0.0187721 0.00332812 -2.02837e-17)
(0.00584491 -0.139852 0)
(0.0556433 0.0852512 -1.75143e-17)
(0.00922486 0.00125392 2.25249e-17)
(-0.0638662 0.0239802 -1.07432e-18)
(0.0587199 -0.053586 -1.13376e-18)
(0.0107569 -0.0406826 1.66515e-17)
(-0.127084 -0.0227347 -2.10452e-17)
(-0.00602025 -0.00250132 9.98813e-18)
(0.0488966 0.207323 -5.75387e-18)
(0.00174675 -0.126151 0)
(0.0345976 -0.0713 0)
(0.0339656 -0.0383315 0)
(0.0121102 -3.97074e-05 2.25869e-17)
(-0.0105977 0.0125552 -1.0161e-17)
(0.0558665 0.0636005 2.24041e-17)
(0.0113113 2.36868e-05 1.13244e-17)
(0.0417328 -0.0514779 0)
(-0.0118505 -0.0740426 0)
(-0.119179 -0.0178355 -1.2714e-17)
(0.0600457 -0.0538387 0)
(0.0840406 -0.0969679 -8.75892e-18)
(-0.0416973 -0.0357815 0)
(-0.0493782 -0.0627482 0)
(-0.0614767 0.00534939 1.11098e-17)
(0.0183198 0.00511321 2.16887e-17)
(0.0281481 0.0181835 0)
(0.00408205 0.017285 0)
(0.0178738 0.00308307 3.61147e-17)
(-0.0120228 -0.00214092 -3.47103e-17)
(0.00231819 0.00351467 0)
(0.00261898 0.0105304 -1.05046e-17)
(0.0327933 -0.0763641 2.22088e-17)
(-0.0840636 0.00077932 -7.00569e-17)
(-0.0161013 -0.00425242 -2.29041e-17)
(0.0402617 0.0295742 -2.23628e-17)
(-0.00115173 -0.0065243 2.4025e-17)
(0.0305483 -0.0322273 0)
(0.0193375 0.00799701 -1.38666e-18)
(0.0906905 0.201843 -1.90944e-17)
(0.00730296 -0.0242312 0)
(0.023083 -0.0781799 0)
(-0.0301201 0.0246613 -1.97115e-17)
(0.00981953 -0.078122 1.54765e-17)
(0.0334124 -0.00105271 1.79382e-17)
(-0.031285 0.028306 1.19265e-17)
(0.0520427 -0.0577936 2.03413e-17)
(0.101281 0.178781 1.81559e-17)
(-0.0234833 -0.0806732 -1.15188e-17)
(0.0913527 0.190472 -1.94109e-17)
(0.00292301 0.00475716 0)
(0.0944608 -0.0935679 1.73572e-17)
(0.0287884 -0.0273134 -3.91211e-17)
(-0.0261069 0.0223189 -3.36349e-17)
(-0.117828 -0.030253 3.41837e-17)
(-0.13086 -0.00239542 -2.70593e-17)
(0.0914212 -0.00220654 2.53483e-17)
(-0.00729937 -0.000944512 8.9121e-18)
(0.0642292 0.146647 0)
(0.00831383 -0.0503573 -2.21312e-17)
(0.00803802 0.0143075 1.99549e-17)
(-0.0688722 -0.0461916 -2.75654e-18)
(0.0203051 -0.0637593 -2.65125e-18)
(0.0630193 0.0387798 5.05668e-18)
(0.00949784 -0.0794353 2.73042e-17)
(0.0671299 0.184926 1.67775e-17)
(0.0641651 0.135249 1.76725e-17)
(0.00716491 -0.00681499 0)
(0.0506038 -0.0967223 0)
(0.0631408 0.072213 -1.03312e-17)
(0.0306011 0.0611285 1.75374e-17)
(0.0229108 -0.0415221 9.35936e-18)
(-0.00362518 -0.00336418 -9.30066e-18)
(0.0347706 0.0647866 1.21061e-17)
(0.0193448 -0.0474886 1.67849e-17)
(-0.00583706 -0.0289415 0)
(-0.105141 -0.0339828 0)
(-0.159443 0.0659182 -1.03628e-17)
(-0.113543 -0.0335674 0)
(-0.0778666 -0.0171263 -3.60991e-17)
(0.0137346 0.0459399 2.90071e-17)
(-0.0388468 0.0225739 1.87503e-17)
(-0.156698 0.0414677 0)
(-0.141408 0.0192818 1.77737e-17)
(-0.165503 0.0577105 -9.57395e-18)
(-0.123095 -0.0207535 1.85874e-17)
(-0.132505 -0.0043667 1.62136e-17)
(-0.00801697 -0.0885053 0)
(0.00469006 -0.0485125 3.56999e-17)
(0.00147408 -0.00396329 2.28467e-18)
(-0.105314 -0.0163347 9.5542e-18)
(0.10121 0.190163 0)
(-0.0140316 -0.00082813 -2.43863e-17)
(-0.0974907 -0.0119239 2.7303e-17)
(0.155709 -0.122725 0)
(0.0933346 0.23978 -1.42263e-21)
(-0.106308 -0.0229074 0)
(-0.114177 -0.032266 0)
(0.0169859 0.00283447 -9.39943e-18)
(0.0753582 0.242772 0)
(0.0903728 0.168685 -3.66406e-17)
(-0.0165226 -0.00216608 5.63988e-18)
(-0.00276525 -0.117639 0)
(-0.172927 0.0656131 0)
(0.084669 0.118908 0)
(-0.070405 0.0124032 1.12235e-17)
(0.0980326 0.218073 1.92742e-17)
(0.047049 -0.0492836 1.18691e-18)
(0.0993846 0.208305 1.92058e-17)
(0.0574828 0.0366609 5.07506e-18)
(-0.00542845 -0.110809 0)
(0.063154 -0.0633282 -2.11e-17)
(0.00550066 -0.0197517 1.66349e-17)
(-7.15337e-05 0.0138772 2.42378e-17)
(0.0776622 0.0800088 1.51197e-17)
(0.0145396 0.00585086 -3.23028e-17)
(0.063924 -0.00110328 -5.54827e-18)
(0.00862579 -0.0563942 -1.06343e-17)
(0.0688505 -0.0623294 0)
(-0.00477094 -0.0105267 0)
(0.0653737 -0.0656858 0)
(0.036081 -0.0859546 0)
(0.0855006 0.0891933 -1.47093e-17)
(-0.000785959 -0.039562 -1.91624e-17)
(0.0204828 0.00891446 0)
(0.04823 -0.0474571 -1.97253e-17)
(0.00675541 0.0183146 2.48707e-17)
(0.0667111 -0.0564793 0)
(0.00642107 -0.0138745 -1.20226e-17)
(0.047706 -0.0582988 0)
(0.0658075 -0.0616853 0)
(0.0644531 -0.0736701 2.27929e-17)
(0.0765854 0.0503815 0)
(0.00993091 0.00274957 1.27341e-17)
(-0.0122183 0.00236894 -5.69842e-18)
(-0.118274 -0.00887011 2.06834e-17)
(-0.122977 0.00921272 4.61623e-17)
(-0.0639366 -0.0512843 -1.75224e-17)
(0.0230809 -0.0744464 1.39563e-17)
(0.0281847 -0.0656707 0)
(0.0362384 -0.0715846 0)
(0.0276128 -0.0682774 6.28009e-17)
(-0.0834877 -0.0181525 0)
(0.103637 0.0126138 3.32671e-17)
(0.0519858 0.0168933 -9.19667e-18)
(0.0361696 -0.084803 0)
(0.0787093 0.164272 1.91614e-17)
(0.00874649 -0.0226068 -1.97716e-18)
(0.0149656 0.00207752 4.33011e-17)
(-0.0871589 -0.0173352 -1.07826e-17)
(0.130942 -0.107968 0)
(0.102285 0.0151527 1.89129e-17)
(0.0850227 0.0641554 0)
(-0.00713424 0.00259496 0)
(0.0589548 -0.0603096 -4.02623e-17)
(0.0208947 -0.0666199 2.84607e-17)
(0.118055 0.113657 1.9574e-17)
(0.0262837 -0.067459 -2.0551e-17)
(0.053843 -0.0471683 1.97616e-17)
(0.0436312 -0.0493486 -1.96911e-17)
(-0.0543644 -0.0687219 0)
(0.102624 0.0231856 2.39692e-17)
(0.117473 0.0275641 1.92102e-17)
(0.0104329 -0.0663421 0)
(0.104042 0.0492456 -2.40036e-17)
(0.122154 0.0525246 2.40114e-17)
(0.00047141 -0.121552 -3.76894e-17)
(0.0318414 -0.0645143 -2.02976e-17)
(0.0171162 -0.0644721 1.9817e-17)
(0.0593734 -0.0524869 0)
(0.0310565 -0.0598817 0)
(0.0478038 -0.0571032 2.45275e-17)
(0.0964016 0.0473389 1.92425e-17)
(-0.0057865 -0.0140906 -1.85081e-17)
(0.00349895 -0.0316278 3.51213e-17)
(0.1178 0.0367576 -2.40747e-17)
(0.0238837 -0.0311996 1.67759e-17)
(0.112097 0.0854518 4.89642e-18)
(0.0490568 -0.0475438 -2.48191e-17)
(-0.149088 0.0551933 1.46914e-17)
(0.0938115 0.232387 0)
(0.0659298 -0.056264 -4.90981e-18)
(0.108076 0.105343 0)
(0.0150838 -0.00210831 -1.60567e-17)
(0.0340059 -0.0394053 3.98338e-18)
(-0.00425956 -0.0137009 -1.94824e-17)
(0.0724797 0.0150047 -1.39408e-17)
(0.0303009 -0.0625642 1.99552e-17)
(0.115768 0.0125152 -2.37444e-17)
(0.050474 -0.0709421 -2.04639e-17)
(0.122841 0.0951828 -4.87789e-18)
(-0.00833092 -0.105004 2.60652e-17)
(0.0209255 -0.060947 1.87826e-17)
(0.136902 -0.174104 1.44372e-17)
(0.0679732 -0.062885 2.01891e-17)
(0.0031659 -0.0567977 1.96483e-17)
(0.0694523 0.0186825 1.91512e-17)
(-0.00127009 -0.0320421 1.95229e-17)
(0.110287 0.164555 1.93902e-17)
(0.0249026 -0.0598273 0)
(0.00443116 -0.0370004 -2.76343e-17)
(0.0267394 -0.0711177 1.0732e-17)
(0.0126498 -0.0371875 0)
(0.0199402 0.0613971 -2.07781e-17)
(0.00848431 -0.118452 1.48444e-17)
(-0.00248533 -0.0314433 1.02845e-17)
(0.0722671 -0.0616777 0)
(-0.00363461 -0.114523 -4.77764e-23)
(0.00580343 -0.110077 -1.49474e-17)
(-0.153656 0.0604836 0)
(0.115757 0.070076 2.43844e-17)
(0.0397645 -0.0256896 -2.48491e-17)
(0.0883603 -0.178212 4.7535e-18)
(0.0586682 0.00492088 2.01271e-17)
(0.116413 0.149626 4.8688e-18)
(-0.00211119 -0.108929 1.9835e-17)
(0.0405747 0.0771892 1.75027e-17)
(0.000468061 -0.00254145 -3.31673e-17)
(0.0140477 -0.0966946 -1.99208e-17)
(0.0543073 -0.0225074 1.98472e-17)
(0.0274495 -0.0761181 1.78328e-17)
(0.0279631 -0.0613562 0)
(0.0171785 -0.123963 0)
(0.0271596 -0.0943078 1.94757e-17)
(0.0474507 -0.0533714 1.9055e-17)
(0.0248404 -0.0500256 4.13995e-17)
(0.100367 0.156568 0)
(0.0410333 -0.0351667 -1.98233e-17)
(0.0387745 -0.0551284 4.99833e-18)
(0.0246301 0.0989129 0)
(0.115951 0.0172689 -3.34784e-17)
(0.015211 -0.0224559 -1.94446e-17)
(0.047747 -0.0697273 -4.93662e-17)
(0.0402932 -0.0706685 -2.07669e-17)
(0.00842034 0.00424562 0)
(0.000420069 -0.00298494 3.01528e-17)
(0.0346263 -0.04302 -4.97016e-18)
(-0.031607 -0.0719159 -3.91432e-17)
(0.0531644 -0.0238308 -2.11457e-17)
(0.0474624 -0.0626353 -5.02947e-18)
(0.0693922 -0.0596364 4.89924e-18)
(0.0343518 -0.0333872 -4.94037e-18)
(-0.085302 -0.08845 -1.94496e-17)
(-2.23834e-05 -0.0920507 0)
(-0.173167 0.0758812 1.04136e-17)
(0.0711462 -0.0620676 -4.93139e-18)
(0.136743 -0.18009 -4.8115e-18)
(0.110939 0.175562 0)
(0.0442119 -0.0213746 0)
(0.0333999 -0.0539928 -1.93981e-17)
(0.0644109 0.0411745 -1.98339e-17)
(-0.131844 -0.107468 1.75033e-21)
(0.0495827 -0.0703778 2.17189e-17)
(0.0619302 0.0120945 0)
(0.0260869 -0.0412537 -2.08487e-17)
(0.0332274 -0.0729876 2.74463e-18)
(0.0341444 -0.0518682 -4.98853e-18)
(0.0426503 -0.0666849 -2.01995e-17)
(-0.0159247 0.00669609 2.80439e-17)
(-0.0121225 0.00381314 9.60728e-18)
(0.117938 0.159604 -2.45208e-17)
(0.0585949 -0.0680731 0)
(0.0409307 0.0322728 -1.94026e-17)
(0.028782 -0.0613207 0)
(0.0514056 -0.0102494 1.98348e-17)
(0.00418147 -0.00356334 8.88385e-18)
(0.0613194 -0.0641118 -1.97346e-17)
(0.0161709 -0.0598204 1.97537e-17)
(0.0271491 -0.0674034 -1.47482e-17)
(0.0452005 0.0260918 1.4582e-17)
(0.0275672 -0.0555014 -2.07189e-17)
(-0.000701934 -0.0471596 0)
(0.0174257 -0.0688926 0)
(0.0412536 -0.0733439 2.14079e-17)
(0.0130797 -0.0352764 1.97809e-17)
(-0.00617168 -0.112415 0)
(0.103719 0.0359083 -2.3903e-17)
(0.0355012 0.0656801 0)
(0.0224139 -0.0417445 -3.47347e-17)
(0.0183699 -0.0305392 0)
(0.045649 -0.0576218 5.00994e-18)
(0.0526476 -0.0653271 0)
(0.0716402 -0.0626267 0)
(0.0268314 0.0660843 0)
(-0.0519878 -0.041188 1.92749e-17)
(0.119869 0.0411566 0)
(0.0386854 -0.0643003 2.01536e-17)
(0.0967826 0.182704 0)
(-0.156886 -0.124746 0)
(0.0208316 -0.040099 0)
(-0.0449883 -0.061761 -2.63265e-21)
(0.0819857 0.0141463 -1.95831e-17)
(-0.169644 -0.120041 2.41587e-17)
(0.0484051 0.0846442 -1.67406e-17)
(0.0284108 -0.0618692 0)
(0.0968758 0.206883 -5.21552e-18)
(0.0486574 -0.144325 1.91877e-17)
(-0.00622162 0.0219101 2.02786e-17)
(0.0205778 0.0223265 -1.7068e-17)
(0.0584019 -0.0674937 5.174e-18)
(0.023699 0.0501749 -1.92996e-17)
(0.0742466 0.0291477 0)
(-0.00096581 -0.0509167 0)
(-0.0130132 0.006313 0)
(0.0344555 -0.067594 2.01706e-17)
(-0.010884 0.0198773 0)
(-0.115187 -0.103998 0)
(0.0210511 0.0343867 0)
(0.0509868 -0.0210382 4.91623e-18)
(0.0937192 0.0663589 1.446e-17)
(0.0800471 0.177346 -1.30034e-21)
(0.00624077 -0.0617749 4.91065e-18)
(0.0426817 -0.0397444 -1.9803e-17)
(0.00824479 -0.06492 -5.03721e-18)
(0.0999997 -0.149822 0)
(0.0994139 0.158075 -2.01463e-17)
(0.0201373 -0.158209 -2.39165e-17)
(0.0485343 -0.0517782 -4.97597e-18)
(0.101655 0.182866 0)
(-0.150681 -0.125775 0)
(0.093743 0.0373311 7.74238e-23)
(-0.00487021 -0.104201 0)
(-0.0263326 -0.0790818 -4.90096e-18)
(0.014518 -0.0738248 1.84356e-17)
(-0.0482065 -0.0157339 -1.93165e-17)
(0.0957069 0.0662469 -1.92955e-17)
(0.107151 0.158419 0)
(-0.0140656 -0.0425896 0)
(-0.144561 -0.144712 -1.92161e-17)
(-0.182525 -0.137373 1.9156e-17)
(0.0112078 -0.0869702 0)
(0.0994433 0.221944 0)
(0.118692 0.0728298 0)
(-0.0863324 -0.0822241 -1.94576e-17)
(0.0224183 -0.0518381 4.11836e-17)
(0.134857 -0.134413 4.76703e-18)
(0.12263 0.143653 -2.42977e-17)
(0.0335512 0.0398234 -4.84475e-18)
(0.0317654 -0.0591166 -2.00154e-17)
(0.104295 0.129766 1.96966e-17)
(-0.0655483 -0.00664167 -2.42283e-17)
(0.000774914 -0.0108271 0)
(0.0766059 0.0588416 0)
(0.0158663 0.0179152 0)
(0.150145 -0.100728 4.76791e-18)
(-0.0273783 -0.153111 4.80179e-18)
(0.0578237 0.0496237 0)
(0.0273806 -0.0573727 0)
(0.167446 -0.0627664 -1.90801e-17)
(0.112515 0.134779 0)
(0.102462 0.0557947 0)
(-0.0552417 -0.16678 -1.44135e-17)
(-0.152374 -0.155074 1.91546e-17)
(0.113814 0.0671795 1.92314e-17)
(0.1126 -0.119071 -4.76861e-18)
(-0.0322308 0.00389832 4.88615e-18)
(-0.166658 -0.14783 0)
(-0.0981895 -0.173573 1.91972e-17)
(-0.138145 0.0666701 -1.22316e-17)
(0.122525 0.0534594 0)
(-0.0426299 -0.0548602 1.47141e-17)
(0.0272941 -0.0715653 1.97354e-17)
(0.137412 0.0429662 2.39751e-17)
(0.0567062 -0.0558237 0)
(0.0313425 0.0250245 -7.30562e-22)
(-0.119496 -0.166629 0)
(0.0404498 0.0377469 -6.33411e-18)
(0.129911 -0.0838165 1.43142e-17)
(0.251257 -0.0773423 -1.42237e-17)
(-0.00942647 -0.0585569 1.96716e-17)
(-0.0873958 -0.0331046 8.29306e-18)
(0.0106614 0.00981813 0)
(0.217566 -0.0626294 0)
(0.00694039 -0.0279048 1.69511e-17)
(-0.0378505 -0.110103 0)
(-0.0386298 0.0140975 2.42894e-17)
(-0.157815 -0.145067 0)
(-0.0454649 -0.137896 0)
(0.227945 -0.0819262 -2.37347e-17)
(0.113524 0.051147 1.92108e-17)
(0.0604671 0.0470811 0)
(0.11756 0.0467733 -7.60209e-22)
(-0.0174029 0.0070899 1.93879e-17)
(0.127805 0.0377772 -4.79899e-18)
(0.202668 -0.00417425 -1.90831e-17)
(0.120554 0.0278433 -4.80065e-18)
(0.0265241 -0.129435 4.79306e-18)
(0.132457 0.0329305 -3.83799e-17)
(0.0353728 -0.101068 2.40092e-17)
(0.126989 0.0751695 0)
(-0.090101 -0.135048 0)
(0.133602 0.0479168 0)
(0.00680271 0.0211029 0)
(0.161408 -0.162581 -4.74747e-18)
(-0.0138873 -0.0953417 -4.80409e-18)
(0.122055 -0.165863 4.76717e-18)
(0.189036 -0.0097937 -1.911e-17)
(0.102634 0.0609377 -1.9264e-17)
(0.0901015 0.156411 3.87319e-17)
(-0.0202064 -0.123902 -4.79458e-18)
(-0.118508 -0.149062 0)
(0.0504858 -0.0644324 4.84622e-18)
(0.192562 -0.147788 0)
(0.210061 -0.135922 -1.89889e-17)
(0.000901602 -0.0651276 1.46964e-17)
(0.0583716 -0.114349 4.79966e-18)
(0.0101468 0.0294402 4.84627e-18)
(0.190608 -0.00450225 1.91063e-17)
(0.227867 -0.120072 -4.74308e-18)
(0.219293 -0.103308 -3.32577e-17)
(0.251589 -0.0567361 -1.42505e-17)
(0.106486 0.00255298 1.44952e-17)
(0.00267628 0.00812743 -9.30809e-18)
(-0.185105 -0.13067 -2.40582e-17)
(0.0767928 0.0607077 0)
(0.0907412 -0.0406539 -4.80084e-18)
(0.0984849 0.0259462 4.81336e-18)
(0.240273 -0.0815363 -4.74644e-18)
(0.0728153 -0.0819302 -1.44008e-17)
(0.0400916 0.0221032 -1.92358e-17)
(0.0460678 0.0164004 0)
(0.0365235 0.0434085 0)
(-0.0876842 -0.121683 -4.84942e-18)
(0.18832 -0.00312813 -4.29955e-17)
(0.0774284 0.0413024 -1.92668e-17)
(0.149196 -0.0422228 4.77451e-18)
(0.161668 0.020145 -4.78844e-18)
(0.159963 -0.0134883 -1.91635e-17)
(0.247821 -0.0928474 4.73955e-18)
(-0.0839581 0.0563195 -2.72749e-19)
(0.0196695 0.00988976 0)
(0.259249 -0.0625326 1.42195e-17)
(0.165447 0.0226996 2.39278e-17)
(0.137215 -0.00908978 0)
(0.222327 -0.0892811 1.89996e-17)
(-0.0225267 0.00479361 9.7671e-18)
(0.169294 -0.00946667 2.39298e-17)
(-0.0824516 0.0567767 0)
(0.140775 -0.0107859 1.4388e-17)
(0.0793533 0.0207699 -1.93104e-17)
(0.149984 -0.0101184 -4.79882e-18)
(0.184845 -0.0123662 7.40972e-22)
(0.0687342 0.0244367 -1.448e-17)
(0.11033 0.0821423 1.44993e-17)
(0.144791 -0.0124378 -2.39634e-17)
(0.146835 0.050361 -4.79102e-18)
(0.238284 -0.068381 -4.74803e-18)
(0.0537963 0.0148472 0)
(0.160133 0.0149839 1.91508e-17)
(0.176262 -0.0105359 0)
(0.231155 -0.0136979 1.42731e-17)
(-0.0645473 0.0494253 1.73419e-17)
(-0.0584182 0.0398842 0)
(0.158104 0.0255634 -1.91694e-17)
(0.17882 0.04301 0)
(0.199798 -0.139237 3.81442e-17)
(0.179981 -0.00898598 0)
(-0.0860922 0.0473179 -1.85567e-17)
(0.189223 0.0144351 2.38425e-17)
(0.114052 -0.00898293 -1.45103e-17)
(0.154585 -0.0116263 -4.55207e-22)
(0.210098 -0.0177311 4.77029e-18)
(0.147501 0.0093494 -2.39564e-17)
(0.111888 -0.00738654 1.93617e-17)
(0.0825024 0.0376078 1.92686e-17)
(0.0352701 -0.0290483 -1.07385e-17)
(-0.0201945 0.00166804 1.8269e-17)
(-0.00663898 -0.00589321 1.21226e-18)
(0.0173885 -0.0279151 2.29807e-18)
(0.00432666 0.0038095 -6.56137e-24)
(0.0115044 -0.00190997 -3.93439e-17)
(-0.0199038 -0.00436508 0)
(-0.0148334 0.00402709 -1.70353e-17)
(-0.0120707 -0.00594321 -2.85047e-17)
(-0.0138089 0.0269347 -5.05441e-17)
(-0.00857073 -0.0051806 -1.9356e-17)
(-0.0185553 0.00434262 0)
(0.0370697 -0.0385135 2.82293e-17)
(-0.00411944 -0.00314664 1.94897e-17)
(0.0301352 -0.0179736 2.10615e-17)
(-0.0237546 -0.00360329 0)
(0.21898 -0.0413918 1.43037e-17)
(-0.0211351 -0.00510501 -3.00038e-17)
(-0.00608016 0.0043733 0)
(0.165324 -0.0165715 -4.78955e-18)
(-0.105154 0.0473828 0)
(0.1158 -0.0104047 -1.44283e-17)
(0.193975 -0.0163695 4.77349e-18)
(-0.0581032 0.057371 0)
(-0.0690202 -0.0240682 0)
(0.211811 -0.0573113 4.76498e-18)
(0.148914 0.0123368 -1.91758e-17)
(0.0924754 0.029395 -4.81405e-18)
(0.199878 -0.00159458 1.43141e-17)
(0.115343 0.00911925 -3.36585e-17)
(0.163919 -0.00108484 4.80556e-18)
(0.117589 0.0128388 -1.42923e-17)
(0.109446 0.059232 0)
(-0.0122814 0.0354345 -1.54152e-21)
(0.214737 -0.0014644 2.38219e-17)
(-0.100211 -0.160873 -4.78825e-18)
(0.0875592 0.0189674 -5.75536e-23)
(0.138092 0.00938575 -1.42947e-17)
(0.196429 -0.104586 -4.81064e-18)
(0.126632 0.0239405 3.84094e-17)
(-0.0593205 -0.0175357 1.76119e-17)
(0.140857 0.0447928 4.31474e-17)
(0.138418 0.0107867 -2.3864e-17)
(0.217012 -0.00643107 -1.4293e-17)
(0.148942 -0.0148481 2.39544e-17)
(-0.0324278 0.0212761 -3.87556e-17)
(-0.0134045 0.0436236 1.93735e-17)
(0.181475 -0.134192 -2.37335e-17)
(0.0997369 -0.00862775 1.92972e-17)
(0.0985512 -0.00727765 -4.98992e-22)
(0.125004 0.0766399 0)
(0.007439 0.0278174 3.28501e-17)
(0.135994 0.0126133 1.43919e-17)
(0.0967006 -0.00579299 1.95951e-17)
(0.0671331 0.0162132 3.80658e-17)
(0.206934 0.0311719 1.90725e-17)
(0.160664 0.00142439 4.79066e-18)
(0.222236 0.0262031 -1.42851e-17)
(0.200874 -0.0480955 -1.90622e-17)
(0.190231 0.0262142 4.77579e-18)
(0.176204 0.0173463 0)
(0.166622 0.00952425 -4.78926e-18)
(0.230865 0.0072329 -4.75491e-18)
(0.0088916 0.0381259 -1.93804e-17)
(0.189715 -0.118499 3.8102e-17)
(0.0158662 0.0382523 -1.7944e-17)
(0.161366 0.00560458 -1.43709e-17)
(0.113202 0.0198543 -1.92199e-17)
(0.159326 0.00630756 -1.43641e-17)
(-0.0966205 0.0139303 4.80623e-18)
(0.0576464 0.0153679 1.40157e-17)
(0.0634489 0.0298725 1.93112e-17)
(-0.107343 0.0297951 9.44298e-18)
(-0.106972 0.0408175 0)
(-0.0759786 -0.0223645 -1.02613e-17)
(0.0259253 0.0540072 -3.28551e-17)
(0.0160086 -0.0409196 3.90679e-17)
(-0.0842418 -0.0140292 4.46819e-18)
(0.201457 -0.0238328 -1.90841e-17)
(0.152332 -0.018651 4.79012e-18)
(-0.0322952 -0.0129155 0)
(-0.0888454 -0.002045 -3.96711e-17)
(-0.0116151 0.00192657 0)
(0.15927 0.0109277 -2.39409e-17)
(-0.0182899 0.0520579 1.93569e-17)
(0.100522 -0.0101541 1.92368e-17)
(0.181858 -0.0214041 -1.90921e-17)
(0.0504508 0.0237366 2.40425e-17)
(0.00611587 0.0485081 -1.93591e-17)
(0.220951 0.0251163 0)
(-0.0279042 0.0544563 -3.87135e-17)
(0.078443 0.0157608 -2.31649e-17)
(0.235475 0.0136732 2.38078e-17)
(0.0983803 0.00815918 1.92528e-17)
(0.203511 0.0249208 -1.43243e-17)
(0.187628 0.018325 0)
(0.17579 0.0106371 4.78956e-18)
(0.155947 -0.00175824 -9.57968e-18)
(0.239189 -0.0450551 -4.75152e-18)
(0.16883 0.00263421 1.43555e-17)
(0.168497 0.00546007 0)
(0.0509035 -0.000774142 2.12734e-17)
(0.117218 -0.0121387 -2.40445e-17)
(0.164867 0.00444715 4.30911e-17)
(0.0658466 -0.00387902 0)
(0.0478329 -0.00227201 9.62285e-18)
(0.169206 -0.0215621 0)
(0.230943 -0.00547471 4.75823e-18)
(0.100073 -0.0141841 -2.40438e-17)
(-0.0243341 0.000181253 -1.66927e-17)
(0.200241 -0.100445 1.42417e-17)
(0.0653538 -0.00456973 0)
(0.119046 -0.0144672 -2.53482e-17)
(0.0934259 0.0532078 1.92754e-17)
(0.204918 -0.0347892 -4.76758e-18)
(0.0658259 -0.0028518 -2.1112e-17)
(0.168553 0.0150145 -1.91366e-17)
(-0.168179 0.0500424 -4.83505e-18)
(0.163624 0.00751309 0)
(0.196616 -0.0727775 0)
(0.248147 0.00352217 -4.74958e-18)
(0.241421 -0.027392 0)
(0.244636 -0.046599 2.37519e-17)
(0.137068 -0.0368662 0)
(0.25388 -0.00994386 4.75066e-18)
(0.14378 0.0237622 0)
(0.211349 0.0127153 1.42924e-17)
(0.0468147 0.0460236 0)
(0.217476 -0.0275812 1.90828e-17)
(0.146952 0.0125435 4.78735e-18)
(0.144782 0.00787698 3.35542e-17)
(0.244957 -0.0160649 -2.37764e-17)
(0.229116 -0.024363 0)
(0.121305 0.0170901 0)
(0.035263 -0.00156881 1.89494e-17)
(0.101493 -0.0118212 2.96932e-17)
(0.049469 -0.00272906 0)
(0.165122 -0.0363881 0)
(0.146261 0.00872336 3.34559e-17)
(0.175435 0.00108611 1.91296e-17)
(0.0755997 0.000587794 -4.89986e-18)
(0.137677 0.0570958 0)
(0.10964 0.0055321 1.92308e-17)
(0.138529 -0.00200225 9.59897e-18)
(0.149645 0.0426411 -4.78914e-18)
(0.0539447 0.00846958 0)
(0.107477 0.0146546 4.78835e-18)
(0.0259486 -0.00220906 -8.67927e-18)
(0.14717 0.0330547 0)
(0.148842 0.0192905 0)
(0.151248 0.00290272 -9.58199e-18)
(0.242328 -0.0110081 4.75233e-18)
(0.165224 0.00853847 -9.5718e-18)
(0.0013223 0.056843 4.83114e-18)
(0.0652133 -0.00507897 9.59901e-18)
(-0.087632 -0.0105434 9.01614e-18)
(0.160065 0.018207 0)
(0.16348 0.013661 9.57382e-18)
(0.166733 0.0132122 -6.36532e-22)
(0.125507 0.00568179 4.80425e-18)
(0.126683 0.0614104 0)
(0.169055 0.0122683 4.7849e-17)
(0.169542 -0.0289836 2.39416e-17)
(0.151132 0.0278948 -4.79132e-18)
(0.0437147 -0.00071968 -1.43861e-17)
(0.14053 0.0159794 0)
(0.15049 -0.0310264 -2.48589e-17)
(0.1159 -0.0171923 3.3908e-17)
(0.259315 -0.0161372 -4.74707e-18)
(0.152843 -0.024134 4.78853e-18)
(0.170926 -0.0725667 2.03254e-17)
(0.155789 0.00683719 -2.87497e-17)
(0.121059 0.0605453 0)
(0.126638 0.0681704 -2.39988e-17)
(0.0831667 0.00292422 0)
(0.230498 0.0124641 -1.90245e-17)
(0.160767 0.0268995 4.30797e-17)
(0.10422 0.0402793 -6.37453e-22)
(-0.0092359 0.0545529 1.93453e-17)
(0.175639 -0.00265802 2.39202e-17)
(-0.0645123 0.0558964 0)
(0.238657 0.00403006 -4.75616e-18)
(0.22023 0.00869588 1.42881e-17)
(0.0571684 0.0535522 0)
(0.0548425 0.00269749 5.08764e-18)
(0.154862 0.0455427 1.91518e-17)
(0.260314 -0.0446367 -1.42401e-17)
(-0.175914 0.0334719 0)
(0.170001 0.00579988 0)
(0.167671 0.0201006 0)
(-0.000291821 -0.0855755 0)
(0.261443 -0.0332644 1.89875e-17)
(0.119592 0.134705 2.42545e-17)
(-0.0261434 0.0353077 -1.94244e-17)
(0.152856 0.0372772 -4.78887e-18)
(0.13005 0.0294545 -1.91973e-17)
(0.199683 -0.0121635 1.43224e-17)
(0.0722995 0.00439372 0)
(-0.144804 0.0407461 4.79486e-18)
(0.094162 0.0380422 4.33358e-17)
(0.140851 0.0524515 0)
(0.170452 0.00797421 -2.39235e-17)
(0.10501 0.0486631 -4.8094e-18)
(0.141775 0.040196 -1.43822e-17)
(0.124373 0.056728 0)
(0.125583 -0.000905802 -6.37507e-22)
(0.164868 0.0282039 -3.82861e-17)
(0.093207 0.000967889 -4.90295e-18)
(0.026973 0.0542189 0)
(0.0963857 0.0526002 0)
(0.148156 -0.0447415 -1.58276e-17)
(-0.0617224 0.017026 3.35274e-21)
(0.163435 0.0216505 -1.91452e-17)
(0.170054 0.00649968 -1.43568e-17)
(0.153059 0.0462401 -1.91518e-17)
(0.188906 -0.0617707 0)
(0.0344597 -0.00104894 2.26257e-17)
(0.133286 0.00187732 9.69379e-18)
(0.150353 0.051456 -8.08571e-22)
(0.0660972 0.00188865 -4.91255e-18)
(0.017478 0.0346895 0)
(-0.178245 0.0157962 -3.34019e-17)
(-0.125632 0.0533729 -3.86984e-17)
(0.0540639 0.0113893 0)
(0.114798 0.0307564 1.92251e-17)
(0.158106 0.0441032 1.91467e-17)
(0.234082 -0.10918 0)
(0.119079 0.0543417 -1.92103e-17)
(-0.0754049 0.0416181 -1.92412e-17)
(-0.0900104 0.0488168 1.98246e-17)
(0.129254 0.0649539 1.43959e-17)
(0.0784476 0.0193706 0)
(-0.0866719 0.0184246 -1.90056e-17)
(0.151941 0.0413273 -1.91595e-17)
(0.118852 0.00238278 4.89508e-18)
(-0.0442423 0.0421633 0)
(0.142129 0.0604733 0)
(0.109073 0.036048 -1.442e-17)
(-0.0999446 0.0276021 1.9239e-17)
(0.130326 0.0339289 -4.7997e-18)
(0.0962725 0.0230698 0)
(-0.0814607 0.0148684 0)
(0.20291 0.00717368 -3.34034e-17)
(0.174944 -2.39099e-05 -4.78419e-18)
(0.173834 -0.0837837 5.11859e-18)
(0.160411 0.0358798 2.39331e-17)
(0.172628 0.000948152 1.43547e-17)
(0.171963 -0.00190447 -3.34959e-17)
(0.153165 0.0506521 -2.39418e-17)
(0.14862 0.0585703 -1.91584e-17)
(0.139444 0.064573 2.39675e-17)
(0.151011 0.0538406 4.31019e-17)
(0.171659 0.00179658 1.43531e-17)
(0.172169 0.00264323 -1.4354e-17)
(0.0784344 0.0297479 -4.90931e-18)
(0.252722 -0.0337044 0)
(0.159927 0.038592 -3.8291e-17)
(0.180223 0.000395564 -1.9133e-17)
(0.0732908 0.0126128 -1.92994e-17)
(-0.130786 0.0279317 1.91899e-17)
(0.16255 0.0303111 -1.9143e-17)
(0.0906606 0.051909 0)
(0.131208 0.0745384 0)
(0.0365344 -0.060673 0)
(0.194793 0.00847347 1.90891e-17)
(0.00111109 0.0317151 0)
(0.0918526 0.0398673 -1.44443e-17)
(0.112822 0.0230105 0)
(0.0762617 0.0347977 0)
(0.116668 0.0662066 0)
(0.128215 0.0692871 -4.79899e-18)
(0.095532 0.0197028 0)
(0.211837 -0.116916 1.898e-17)
(0.182791 0.00370787 -4.77886e-18)
(0.131743 0.0710388 0)
(0.0797623 0.0470827 -2.43914e-17)
(-0.112942 -0.00353167 -1.93037e-17)
(0.102466 0.0501572 0)
(0.189336 0.00338427 4.77855e-18)
(0.0559378 -0.188323 0)
(-0.1744 -0.0780932 1.44848e-17)
(0.112425 0.0580234 0)
(-0.0134041 0.0311928 0)
(-0.104183 -0.0219376 -1.93552e-17)
(0.133978 0.0719374 0)
(0.140783 0.0662833 -1.91728e-17)
(0.12407 0.0635343 4.80015e-18)
(-0.152011 0.00994413 0)
(0.164469 -0.00316811 1.43697e-17)
(0.135732 0.0649735 4.79498e-18)
(-0.0459891 0.0195546 0)
(0.0660036 0.037537 -1.31228e-17)
(0.17315 -0.00820557 -2.39359e-17)
(-0.0897194 0.0131397 -1.84796e-21)
(0.0944828 0.066129 -1.92709e-17)
(-0.0262481 0.0299162 1.94079e-17)
(0.138412 0.0696828 -1.91759e-17)
(0.102884 0.0116824 0)
(0.00939383 0.0381924 -1.45355e-17)
(0.129375 0.0765846 0)
(0.146187 -0.00817272 -1.92127e-17)
(0.143892 0.0632478 0)
(0.143728 0.0311705 4.79537e-18)
(0.106785 0.0724201 4.81375e-18)
(0.145057 0.0547903 0)
(0.113494 0.0667947 4.80689e-18)
(0.0607747 0.0238839 1.68795e-17)
(0.136267 0.0693333 1.43847e-17)
(0.0276032 -0.104963 0)
(0.139529 0.0172735 -1.43943e-17)
(-0.1411 -0.0058705 0)
(0.0747188 0.0360446 0)
(0.0585592 0.0256415 -1.73902e-17)
(0.129659 0.0736297 0)
(-0.165032 -0.0265651 0)
(0.0598364 0.00489945 -5.04102e-18)
(0.103301 -0.158388 2.40826e-17)
(0.118714 0.0746517 -1.92251e-17)
(0.159832 0.0355706 -1.91486e-17)
(0.0601706 -0.0653262 2.01512e-17)
(-0.0591125 0.0229467 1.96079e-17)
(0.0958642 0.0655474 0)
(0.138071 0.0618553 -4.79521e-18)
(0.0852741 0.0444432 0)
(0.0935022 -0.118988 -9.9477e-18)
(0.120076 0.0730525 9.6321e-22)
(0.104822 0.0586115 0)
(0.109017 -0.00531242 -2.44732e-17)
(0.0878793 0.0438468 0)
(0.0421967 0.0450118 -4.84068e-18)
(-0.066315 0.0201527 1.53536e-17)
(-0.126275 -0.0400746 1.92909e-17)
(0.106908 0.0717517 1.92455e-17)
(0.142818 0.0261259 1.43852e-17)
(0.0687935 0.0366688 -8.07934e-18)
(0.160315 0.0300283 3.82957e-17)
(0.111285 0.0689203 1.92342e-17)
(0.0379266 0.0451769 -4.84127e-18)
(0.0595409 0.0532455 0)
(0.120609 0.0801821 0)
(0.108715 0.130712 1.94023e-17)
(0.152543 0.0360928 1.4369e-17)
(0.134014 -0.0068478 2.44342e-17)
(0.107596 -0.140555 -4.76773e-18)
(0.146153 0.0592378 0)
(0.0749428 -0.132546 0)
(0.180456 -0.00389748 0)
(-0.167645 -0.0517153 -1.92087e-17)
(0.00257407 0.0158078 0)
(0.101873 0.13291 -1.97254e-17)
(-0.18354 -0.00411884 3.38119e-17)
(0.0543654 0.0361149 3.86078e-17)
(0.110034 0.0439374 -1.92333e-17)
(0.164035 -0.00797959 0)
(0.111908 0.0411554 -1.92339e-17)
(0.154153 0.0263964 0)
(0.0803135 0.0588667 0)
(0.12297 0.0802467 0)
(0.0973698 0.0695434 1.45699e-17)
(0.0753306 0.0177564 0)
(0.0622347 -0.0631015 0)
(0.124715 0.0164707 0)
(0.0764098 0.0543235 0)
(-0.106243 -0.124967 -4.85279e-18)
(0.100625 0.0311698 0)
(0.181749 -0.00513336 2.3909e-17)
(0.115847 0.0766546 -4.81017e-18)
(0.0876349 0.0471655 0)
(0.114353 0.0345026 -1.92289e-17)
(0.152814 0.0211116 -4.79089e-18)
(0.0557617 -0.123544 4.97828e-18)
(0.12573 0.071042 0)
(0.0660405 0.0450848 -1.87946e-17)
(0.108229 0.0730329 -1.93019e-17)
(0.0855846 0.0100014 4.91263e-18)
(0.0895247 0.0624524 -1.45326e-17)
(0.0790735 0.0217319 2.4581e-17)
(0.0787445 -0.155871 -1.91996e-17)
(0.116408 0.0778434 0)
(-0.15595 -0.0424738 0)
(-0.191043 -0.0448797 0)
(0.105735 0.144279 0)
(0.101035 0.0771397 -1.45354e-17)
(0.0822127 0.0431797 -4.85879e-18)
(0.110888 0.0746758 1.93165e-17)
(-0.126848 0.0150471 1.14895e-17)
(0.0976956 0.0297214 -4.85755e-18)
(0.0769379 -0.116359 2.00455e-17)
(0.0694514 0.0482443 0)
(0.0868002 0.0723249 -1.54111e-17)
(0.135633 0.0525242 4.79743e-18)
(0.17585 -0.00450846 0)
(0.124001 0.0770718 -1.92239e-17)
(0.1336 0.0560369 4.79699e-18)
(0.124287 0.0797149 -2.43459e-17)
(0.0641678 -0.167577 0)
(0.103087 0.0663968 -3.87142e-17)
(0.104029 0.120287 0)
(0.119841 0.0775363 0)
(0.00377364 -0.0651726 5.02792e-18)
(0.123445 0.0800509 0)
(0.104308 0.0853265 -1.45605e-17)
(0.0938302 0.0703178 -4.84882e-18)
(0.0464839 -0.134067 -2.42078e-17)
(0.12741 0.0209633 4.80352e-18)
(0.11114 0.0189787 0)
(-0.10292 -0.165885 -3.85688e-17)
(-0.0962642 0.00127782 4.70481e-18)
(0.126722 0.0456587 1.4406e-17)
(-0.180469 -0.0635379 -1.43848e-17)
(0.124045 0.0788204 -1.92494e-17)
(0.0259562 0.0340395 0)
(0.168279 -0.0063788 1.91615e-17)
(0.123098 0.0786033 4.32652e-17)
(-0.0610476 -0.00298914 -2.5203e-17)
(0.121454 0.0518714 1.92119e-17)
(-0.00591896 -0.0644872 -1.96074e-17)
(0.0887309 0.0810829 -1.7397e-17)
(0.0976151 0.0785592 -4.85773e-18)
(0.128084 0.0419547 -1.9203e-17)
(0.0946723 0.0485902 0)
(0.0161488 -0.06425 0)
(-0.00298308 -0.0595677 -4.86755e-18)
(0.0327612 -0.0704848 0)
(0.0652905 0.0502953 2.41421e-17)
(0.14283 -0.00543674 0)
(0.101744 0.0612847 0)
(0.0269664 0.00887094 2.43838e-17)
(0.124999 0.0863622 0)
(0.15992 -0.0054914 -1.91672e-17)
(0.108634 0.0698683 -2.12893e-23)
(0.0830284 0.0578234 -1.92833e-17)
(-0.130912 -0.0629509 1.92744e-17)
(0.0447628 -0.0471535 4.96376e-18)
(-0.0181567 -0.111678 1.74445e-17)
(0.130435 -0.00406938 -2.38163e-17)
(-0.191037 -0.0240332 0)
(0.0251538 -0.0622995 0)
(-0.125625 -0.107964 1.86974e-21)
(0.096458 0.0324893 0)
(-0.0135656 -0.04382 -4.92382e-18)
(0.0710467 0.0102494 1.92247e-17)
(0.0914988 0.112404 -1.45488e-17)
(0.0807591 0.0725056 1.72289e-17)
(0.0308773 -0.0560887 -1.99368e-17)
(0.109773 0.105667 0)
(0.0889821 0.0132437 0)
(0.0791799 0.0279616 -4.90999e-18)
(0.107783 0.0946282 0)
(0.0814829 0.0120294 -1.95278e-17)
(0.0274364 -0.0509313 -4.97789e-18)
(-0.202206 -0.0630946 1.43827e-17)
(-0.0218007 -0.104604 4.86152e-18)
(0.101189 0.0874881 0)
(-0.036848 0.0181971 -2.46456e-17)
(0.101476 0.0583199 0)
(-0.00690056 0.0216825 4.86222e-18)
(0.128683 0.0923483 1.93984e-17)
(0.000879873 -0.103503 0)
(0.0818844 0.056774 0)
(0.065321 0.0607438 8.96892e-18)
(0.0500302 0.0400958 -1.93093e-17)
(0.0407538 -0.156666 2.41884e-17)
(0.110042 0.065103 0)
(-0.191002 -0.0791949 -1.91881e-17)
(0.103165 0.0518437 1.93934e-17)
(0.0868508 0.0563445 1.93771e-17)
(0.0870245 0.122669 4.41281e-18)
(0.0847591 0.100364 -4.46849e-18)
(0.103761 0.097776 -2.05502e-17)
(0.0215497 -0.160839 1.45817e-17)
(0.0821918 0.110516 -4.36697e-18)
(0.112965 0.0633169 -1.94168e-17)
(0.104777 0.10857 -2.00007e-17)
(0.0494042 -0.0836863 -2.10144e-17)
(0.116017 0.0581435 2.43192e-17)
(0.0150005 -0.0425443 1.98021e-17)
(0.00132856 -0.0675107 -2.00429e-17)
(-0.0230671 -0.0615969 4.90256e-18)
(0.0925611 0.101453 1.87331e-17)
(0.110261 0.117329 -1.93911e-17)
(0.0189494 -0.0611529 -1.5423e-17)
(0.0729769 0.041719 0)
(0.097305 0.145866 0)
(0.110164 0.0509862 -1.94268e-17)
(-0.0098652 -0.112481 -4.87304e-18)
(-0.0264786 -0.0753361 -4.89551e-18)
(-0.0103858 -0.136832 1.94984e-17)
(0.132835 0.12986 -1.94555e-17)
(-0.079906 -0.105988 0)
(-0.0286687 -0.100317 9.84832e-18)
(0.124567 0.128092 -1.94185e-17)
(-0.0456558 -0.0933658 -1.0152e-21)
(0.015157 -0.0529523 0)
(0.120423 0.120694 1.93963e-17)
(-0.00153253 -0.0578202 -1.12859e-18)
(0.119575 0.068055 -4.8651e-18)
(0.00801454 -0.140351 0)
(-0.00983352 0.000782956 4.88182e-18)
(0.0515355 -0.0643562 2.11039e-17)
(-0.157163 -0.0800916 -1.94091e-17)
(-0.0301653 -0.0578269 4.91767e-18)
(0.0202844 -0.066944 0)
(0.0312481 -0.060947 -4.99398e-18)
(-0.00765078 -0.110511 0)
(-0.00669674 -0.0882874 0)
(-0.00124266 -0.0697726 0)
(0.0566792 0.0433968 2.65865e-17)
(-0.00504904 -0.0847315 0)
(-0.084974 -0.057124 0)
(0.0602585 0.0163569 -1.68856e-17)
(0.0660563 0.171488 -1.00496e-21)
(-0.037147 -0.110486 0)
(0.0181784 -0.0590093 -1.97731e-17)
(0.05745 -0.0618681 0)
(0.131419 0.125705 -1.94353e-17)
(0.00741674 -0.0681765 -1.97458e-17)
(0.0201648 -0.05004 4.96104e-18)
(-0.105289 -0.100418 4.85321e-18)
(0.0239921 -0.058555 0)
(-0.00272682 -0.0765125 -5.06247e-18)
(9.88551e-05 -0.0456731 0)
(-0.115548 -0.0863239 0)
(0.000715363 -0.104289 -9.13183e-18)
(-0.0133518 -0.0864544 -4.89495e-18)
(0.13107 0.100316 1.45769e-17)
(-0.00981852 -0.099285 -1.9563e-17)
(0.0934945 0.228661 -2.01092e-17)
(0.0480645 0.0491928 7.62675e-19)
(0.00393867 -0.0783263 0)
(0.0583114 0.0187727 4.16626e-18)
(0.00722736 -0.0544919 0)
(-0.0572795 -0.0218193 1.33941e-17)
(-0.0652558 0.00190624 4.08966e-17)
(-0.00817053 -0.0711235 1.96341e-17)
(0.0773901 0.142759 -2.0682e-17)
(0.115413 0.0865567 2.41967e-17)
(0.13344 0.118115 4.866e-18)
(0.124633 0.166795 0)
(-0.0172278 -0.0777603 2.45555e-17)
(-0.00469504 -0.0732871 -1.51399e-17)
(0.118579 0.0937741 -2.44426e-17)
(0.130683 0.117609 -4.87015e-18)
(0.0295421 -0.0339057 0)
(0.127893 0.0873188 3.88388e-17)
(-0.0508687 -0.0855259 1.94867e-17)
(-0.146724 -0.120589 1.92288e-17)
(0.0704655 0.0242344 4.8631e-18)
(-0.00611754 -0.115828 0)
(-0.0698468 -0.093 1.95386e-17)
(0.119031 0.108352 0)
(0.131222 0.136609 -4.87518e-18)
(0.106603 0.202331 0)
(-0.0218677 -0.0851041 0)
(0.126891 0.137524 -1.4677e-17)
(-0.00664926 -0.096591 -2.45523e-17)
(0.0213913 -0.106122 6.84318e-19)
(0.00375256 -0.0737566 1.95589e-17)
(0.0231258 -0.0448232 -1.95458e-17)
(0.0420622 -0.0718895 -2.01968e-17)
(0.132439 0.114248 6.02464e-22)
(0.131972 0.102818 4.86545e-18)
(0.0644145 -0.0120041 1.95824e-17)
(0.129885 0.102153 2.97763e-22)
(0.101722 0.215579 -2.00284e-17)
(0.110078 0.0745249 -1.93514e-17)
(0.0149636 -0.160689 0)
(0.00522934 -0.077916 0)
(-0.0037853 -0.0912362 4.9e-18)
(0.0771171 0.0470487 4.95941e-18)
(0.120906 0.158907 -4.93029e-18)
(0.0277251 -0.0592428 0)
(-0.00269032 -0.111735 0)
(0.125782 0.156533 4.90875e-18)
(0.0996258 0.0614057 -1.93049e-17)
(0.0233007 -0.0789579 0)
(0.113974 0.180943 0)
(0.000690552 -0.0882301 0)
(0.13014 0.141845 2.43487e-17)
(0.179529 -0.152767 -1.88881e-17)
(0.121714 0.10284 1.46467e-17)
(-0.0614003 -0.0956931 -1.46595e-17)
(0.0872295 0.0544029 1.41761e-17)
(0.0306373 -0.041457 -2.08797e-17)
(-0.0575786 -0.0731568 -4.88635e-18)
(0.123463 0.0935345 2.87904e-22)
(-0.0151248 -0.112994 -1.73215e-17)
(0.118459 0.176988 0)
(0.107448 -0.178638 -1.44763e-17)
(-0.0682874 -0.0763076 4.88281e-18)
(0.107074 -0.188797 4.78037e-18)
(0.092216 0.248572 -2.01005e-17)
(0.107798 0.202798 4.90447e-18)
(0.011907 -0.00329703 5.44141e-18)
(0.121227 0.0835416 -1.08025e-22)
(0.144887 0.0223187 0)
(0.140097 0.0131711 1.43074e-17)
(0.124024 0.114398 0)
(0.1302 0.11211 -1.94231e-17)
(0.0037429 -0.0571064 0)
(-0.127375 -0.146219 0)
(0.033015 -0.0469167 2.10515e-17)
(0.110156 0.197122 0)
(-0.0226641 -0.0582913 -1.95518e-17)
(-0.0501446 -0.137186 -1.94076e-17)
(0.125709 0.159365 0)
(0.0680204 0.0269767 -2.40829e-17)
(0.0435983 -0.031685 -4.92102e-18)
(0.12087 0.0820372 1.44931e-17)
(0.0672973 0.038969 -1.44557e-17)
(0.044303 -0.0732705 1.99353e-17)
(0.0536697 -0.0322224 1.96148e-17)
(0.130252 0.147875 -4.88342e-18)
(0.107343 0.0754361 -4.10987e-22)
(0.0957919 0.0275099 0)
(0.116225 0.0737444 4.83197e-18)
(-0.00965337 -0.119933 3.98426e-22)
(0.16145 0.0447226 -4.78504e-18)
(0.152385 0.0345815 1.90893e-17)
(0.116455 0.0979685 4.88643e-18)
(0.0121033 -0.0705644 0)
(-0.0794521 -0.165195 -4.69309e-21)
(0.0447443 -0.0226859 1.46699e-17)
(0.127182 0.101386 -1.93913e-17)
(0.117542 0.0781796 -4.84683e-18)
(0.0229714 -0.0195954 2.38602e-17)
(0.0176834 -0.0607555 0)
(0.00252419 -0.0446915 0)
(0.0024265 -0.0566388 0)
(0.064367 0.0519726 4.82598e-18)
(0.058652 0.0590774 0)
(-0.0106768 -0.110525 2.03016e-17)
(0.0840168 0.0307855 -1.95174e-17)
(0.0392488 0.012888 2.01975e-17)
(0.170935 0.0302537 4.7814e-18)
(0.169033 0.0453612 0)
(-0.00983151 0.0049921 3.56543e-17)
(0.113371 0.0894287 4.86322e-18)
(0.120537 0.0880206 1.93608e-17)
(0.119894 0.0826534 -1.45305e-17)
(0.0652671 -0.0187726 -1.47365e-17)
(0.0490347 0.0507446 0)
(0.118689 0.177083 0)
(-0.0718626 -0.144383 4.36445e-17)
(0.000709315 -0.0291495 0)
(0.119633 0.0816224 -1.93508e-17)
(-0.04672 0.0019032 -4.86583e-18)
(0.1263 0.0935906 0)
(0.122737 0.0881713 3.88056e-17)
(0.0262963 -0.0647814 0)
(0.0426258 0.00312456 2.44325e-17)
(0.0191795 -0.138183 0)
(0.0875027 0.0110533 0)
(-0.000527222 -0.082193 0)
(0.0124462 -0.186192 0)
(-0.0631905 0.0278465 1.12941e-17)
(-0.0253446 -0.0785396 0)
(0.120516 0.0846631 -2.42389e-17)
(-0.116409 -0.0569622 0)
(0.027702 -0.191778 1.93783e-17)
(-0.0340572 -0.179682 1.92583e-17)
(0.116836 0.185476 1.94711e-17)
(-0.0293427 -0.0892827 4.90735e-18)
(-0.0603573 -0.0941331 0)
(-0.0119355 -0.079318 3.31033e-17)
(0.109713 0.193541 -2.44766e-17)
(0.0294622 -0.0543784 0)
(0.106989 0.0681741 0)
(0.117543 0.0790748 -1.93612e-17)
(0.168214 -0.169628 0)
(0.112583 -0.0211886 2.4149e-17)
(0.00863632 -0.0764368 -3.70979e-17)
(-0.0285569 -0.151492 -1.94454e-17)
(-0.169833 -0.134 -1.44223e-17)
(0.0415558 0.130496 1.05807e-17)
(-0.193385 -0.0962972 -1.44908e-17)
(0.001617 -0.0822447 0)
(0.000249293 -0.0284614 0)
(0.0871915 -0.190767 -4.82474e-18)
(0.0155316 -0.0155472 4.8667e-18)
(-0.158953 -0.113528 -4.8417e-18)
(0.00680769 -0.197689 0)
(-0.0734327 -0.0747221 0)
(-0.107006 -0.10309 2.43901e-17)
(-0.0920056 -0.096964 -2.44127e-17)
(0.0416246 -0.175206 -4.79672e-18)
(0.151199 0.0152628 4.78084e-18)
(0.117989 0.0796625 2.41951e-17)
(0.112677 0.0804312 0)
(0.119358 0.0778868 1.45097e-17)
(0.0285409 -0.062921 4.98711e-18)
(0.0498641 0.0340736 1.92866e-17)
(0.0067492 -0.0522413 0)
(0.0368175 0.0226713 9.78318e-18)
(0.119319 -0.115514 0)
(0.16778 0.036871 -4.77441e-18)
(0.0847672 0.0202108 4.82016e-18)
(0.00423415 -0.0739752 4.51064e-17)
(0.118709 0.0835784 4.8462e-18)
(-0.0473782 -0.181498 0)
(0.09295 0.06218 1.45508e-17)
(0.0698123 0.0462636 -4.7055e-18)
(0.0394788 0.0555027 -4.82258e-18)
(0.0839091 0.0544422 4.8593e-18)
(0.0777732 0.111449 0)
(-0.0349433 -0.0751037 -3.76535e-17)
(-0.137229 -0.0990078 0)
(-0.0236764 -0.173735 0)
(-0.0241873 -0.040542 2.43005e-17)
(0.0244482 0.00722472 0)
(0.187293 0.036917 -4.76329e-18)
(0.104017 0.0686726 0)
(0.0727571 0.0542925 0)
(-0.158267 -0.108047 -1.92739e-17)
(0.0782475 0.0638949 -2.71406e-17)
(0.0041668 -0.038004 0)
(-0.0394673 -0.091638 1.50218e-18)
(-0.181177 -0.103543 0)
(0.0207597 0.00159719 1.91423e-17)
(-0.0937553 -0.0913298 0)
(0.0091956 0.0354689 0)
(0.0115556 -0.0601202 -5.07636e-18)
(0.164224 -0.145172 1.91839e-17)
(-0.00996491 -0.103416 -3.80921e-17)
(0.0685365 -0.0208933 -2.41482e-17)
(-0.0753386 -0.0190467 3.86574e-17)
(0.0804981 0.200312 -2.00367e-17)
(0.0160342 -0.040779 1.99722e-17)
(-0.19485 -0.11601 -4.82119e-18)
(-0.032822 -0.0794225 -1.9336e-17)
(-0.141642 -0.0757705 4.82729e-18)
(-0.106029 -0.121718 0)
(-0.190714 -0.109476 1.92558e-17)
(0.034708 -0.196155 4.81832e-18)
(0.00553507 -0.180176 -3.88017e-17)
(-0.057652 -0.185571 0)
(0.00592723 -0.0385256 0)
(-0.0333243 -0.189862 0)
(0.094868 -0.0163088 -1.92673e-17)
(-0.205102 -0.0957102 -4.83138e-18)
(0.0511636 -0.00285192 0)
(0.0517739 -0.00205736 0)
(-0.19568 -0.131312 -4.79695e-18)
(0.00425411 -0.0352979 3.44504e-17)
(0.0734847 -0.195315 -4.8006e-18)
(0.00873908 -0.0762886 -2.31262e-17)
(0.0201074 0.00136446 -2.07691e-17)
(0.0338922 -0.0968196 1.86753e-17)
(0.00440087 0.0045075 1.02865e-17)
(-0.062821 -0.066758 1.94359e-17)
(-0.196716 -0.120272 4.79008e-18)
(0.0518659 -0.00100533 0)
(0.0826166 0.0638462 0)
(0.0337706 0.0313084 5.72234e-18)
(0.165056 -0.111735 -1.99052e-17)
(0.033952 0.0241417 -4.85409e-18)
(-0.130442 -0.0897919 1.92781e-17)
(-0.0643919 -0.0377675 -2.42375e-17)
(0.0314797 -0.119218 4.9623e-18)
(0.0297591 0.19098 0)
(0.092772 0.22927 1.95062e-17)
(0.0125597 -0.104446 0)
(0.0707377 0.261675 1.55482e-17)
(-0.0111154 0.0063346 -2.06137e-17)
(0.0258084 -0.106307 -1.41707e-17)
(0.0245762 -0.0489391 0)
(0.00460728 -0.148139 2.12561e-17)
(-0.00212883 -0.125531 4.11164e-17)
(-0.126029 0.00361154 -2.17855e-17)
(0.0314051 0.00407617 -1.77802e-17)
(0.126593 -0.136804 0)
(0.059987 0.0296221 0)
(0.0723847 0.0729409 0)
(0.0728629 0.0806462 2.25608e-17)
(0.143039 -0.0770852 -1.8515e-17)
(0.045067 0.0504542 0)
(0.0943552 0.206859 5.29231e-18)
(0.061681 0.113785 5.65526e-18)
(-0.0775055 0.0215354 -1.4792e-17)
(0.0196842 -0.0537305 0)
(0.0307417 0.0381756 0)
(0.0672689 -0.00368681 0)
(-0.157244 0.0247312 0)
(0.037279 0.166644 0)
(0.0455277 -0.00090064 -3.27559e-17)
(0.0647601 0.25167 0)
(0.0656225 -0.00159802 0)
(0.137955 -0.0557541 1.03756e-17)
(0.0295528 0.207453 0)
(0.10671 -0.00312667 -1.52026e-17)
(0.0865024 0.194696 2.10705e-17)
(0.143354 -0.154805 -1.43768e-17)
(-0.160209 0.0460264 -1.4956e-17)
(0.0539641 -0.000839418 9.73367e-18)
(0.101454 -0.000994036 0)
(0.0214508 0.109346 0)
(-0.00640362 -0.110197 2.19346e-17)
(0.0558543 0.0355823 1.43748e-22)
(0.00574117 -0.0703886 -3.44852e-17)
(0.0469947 0.00533381 0)
(0.0604577 0.0921115 -2.27553e-17)
(0.00427347 -0.0614381 1.18062e-17)
(-0.164628 0.0708381 0)
(0.001385 -0.137598 -4.0904e-17)
(-0.0155597 -0.00708499 9.94791e-18)
(-0.0227488 -0.00747716 2.07149e-17)
(0.0207045 -0.00331994 2.03368e-17)
(-0.00875533 -0.0044549 1.91375e-17)
(-0.00509531 -0.00495721 0)
(-0.0284633 -0.0053999 1.70785e-17)
(0.00889873 0.00580485 1.66072e-17)
(-0.0119983 -0.00730467 -5.10628e-18)
(-0.00815041 -0.00592073 0)
(-0.000343071 -0.0037965 0)
(-0.0107257 -0.00570411 4.11058e-17)
(0.0402175 -0.0192051 -2.05267e-17)
(-0.0245603 -0.00780318 -2.72406e-17)
(-0.0010598 0.0025772 0)
(-0.0153264 -0.00597141 -1.97483e-17)
(-0.0173673 -0.00648191 0)
(0.0173574 -0.00614323 3.88484e-17)
(-0.00890062 -0.00448384 -2.04057e-17)
(-0.00496207 -0.00553078 0)
(-0.0212517 -0.00606391 3.29108e-17)
(0.0255253 -0.0117388 1.90968e-17)
(0.00411452 0.000622643 0)
(-0.0115265 -0.00524938 -1.52999e-17)
(-0.098103 0.00643315 -1.48894e-19)
(-0.0310375 -0.00314595 2.10187e-18)
(-0.145846 0.0396948 -3.09489e-17)
(0.063366 -0.058971 2.01355e-17)
(0.0362475 0.0726267 3.29341e-17)
(0.0357534 0.0598198 -2.1923e-17)
(-0.0234922 -0.00126163 2.02042e-17)
(0.0194859 -0.123189 -5.04987e-18)
(0.0438161 -0.0600039 -2.00031e-17)
(0.0646768 -0.0647607 4.15897e-17)
(0.0142511 -0.0449257 -2.27693e-17)
(0.00870642 -0.0710394 -2.33501e-17)
(-0.120147 0.0631294 1.04715e-17)
(-0.0819916 -0.00660991 -6.33938e-18)
(0.0520514 -0.038585 2.22558e-17)
(0.0473892 -0.0283963 2.74539e-18)
(0.0762873 0.232107 0)
(0.017118 -0.0582114 -2.13349e-17)
(-0.00100633 -0.0417339 -8.43848e-18)
(-0.0192719 0.00325045 1.85458e-17)
(0.0629169 -0.0892726 -2.66399e-17)
(0.0204092 0.0353206 2.42142e-17)
(0.0802711 -0.0759393 1.91954e-17)
(0.00111093 -0.029526 2.02579e-17)
(0.0885595 0.231687 0)
(0.00820059 -0.0627649 2.74492e-18)
(0.0379119 -0.0725732 2.16257e-17)
(0.101229 -0.0266769 4.27636e-17)
(0.0540608 0.0282777 8.61865e-18)
(0.0103837 -0.0762533 0)
(0.0816537 0.168293 -2.22336e-17)
(0.0325187 -0.0226183 -2.68919e-18)
(0.143172 -0.0893071 0)
(0.0207118 -0.0712761 -6.50423e-17)
(0.00229792 -0.0784342 0)
(-0.16973 0.0677382 0)
(0.00409323 -0.00533415 2.246e-17)
(0.041199 0.0101846 -1.05281e-17)
(-0.0108682 -0.00855203 -2.41084e-17)
(0.05359 0.104788 1.70308e-17)
(0.00191066 -0.00901857 -1.91431e-17)
(0.0884421 0.220883 0)
(0.00306215 -0.0666062 0)
(0.0847629 0.174983 0)
(-0.00140037 -0.0563804 1.32661e-18)
(0.0802853 -0.0526938 -4.10924e-17)
(-0.0185227 -0.0081671 1.03147e-17)
(0.0303302 -0.011907 -1.99783e-17)
(-0.0142643 -0.0412871 2.46635e-17)
(0.0816573 0.121877 -6.59745e-19)
(0.0216123 -0.076566 -3.85635e-17)
(0.0637014 -0.0270451 2.13567e-17)
(0.0791113 0.211613 0)
(-0.167373 -0.0121241 0)
(0.0663959 -0.0594414 -1.50444e-17)
(0.0262232 -0.0740217 4.32088e-17)
(0.0456434 0.0203146 0)
(0.0755323 0.131401 1.27618e-17)
(0.00890205 -0.0178473 -1.10599e-17)
(0.0529828 0.0296811 2.45285e-17)
(-0.167209 0.0686815 0)
(-0.00748152 0.00634184 -2.56373e-17)
(0.000137699 0.00877174 1.08968e-17)
(0.00313128 0.00539497 1.06976e-17)
(0.0342123 -0.0762551 2.28878e-17)
(0.0562198 0.138932 -2.06385e-17)
(0.0572451 0.0506163 0)
(-0.00926925 0.0155808 0)
(-0.0142891 0.0203263 0)
(0.048195 0.0557775 1.37659e-17)
(0.00205503 -0.0669981 2.59909e-17)
(0.120272 -0.0420806 -1.31395e-21)
(0.0537094 -0.0446685 1.6675e-17)
(0.0562775 -0.052658 -1.937e-17)
(-0.00691429 0.0326736 -1.99366e-17)
(-0.0124949 0.0286564 0)
(-0.0834952 -0.0127994 0)
(0.0949755 -0.00404181 0)
(0.010501 0.00323635 -1.20387e-17)
(0.0339802 -0.0505028 2.06574e-17)
(0.0419466 0.0233295 4.66431e-17)
(0.067417 0.118642 0)
(0.0482559 -0.00338592 -1.98424e-17)
(-0.00732571 0.0193522 -1.02975e-17)
(0.0175805 -0.00789278 -2.28462e-17)
(0.00885172 0.0136557 -1.05146e-17)
(0.0845779 -0.000883515 0)
(0.0273065 -0.0563465 -1.23941e-17)
(0.0566108 0.21079 1.57208e-17)
(0.0275802 -0.0597127 -2.08567e-17)
(-0.0915014 0.00381214 3.17343e-17)
(0.0225085 0.000431689 -2.23247e-17)
(-0.109907 0.0106114 -2.92326e-17)
(0.0432635 0.0032367 0)
(0.0013267 -0.00380554 1.1795e-17)
(0.0025209 -0.0507525 -1.23307e-17)
(0.00754781 0.0817199 -1.12201e-17)
(0.0860471 0.0827767 2.20821e-17)
(-0.029551 -0.00240723 -2.74555e-17)
(0.0438176 0.0166946 0)
(0.0873041 0.0927593 -1.16784e-17)
(-0.00257082 -0.095811 0)
(0.0506227 0.115696 -2.23598e-17)
(0.0145606 0.00752463 -1.28435e-17)
(0.00022509 -0.0365623 -1.32629e-17)
(-0.000426212 -0.000937415 0)
(-0.00560854 -0.112804 2.92228e-18)
(-0.000904557 -0.0112835 0)
(-0.00162379 0.0781835 0)
(0.0219054 -0.00671207 -1.34565e-17)
(-0.111438 -0.0297984 0)
(-0.000618827 -0.00533126 -1.22582e-17)
(0.0292322 0.0412215 0)
(0.0403122 0.111501 2.15902e-17)
(0.0189788 -0.07654 -2.32812e-17)
(-0.0260721 0.00393911 -2.34138e-17)
(-0.0259278 0.000651403 -2.4062e-17)
(-0.000604201 -0.0107852 0)
(-0.0145038 -0.00873341 0)
(-0.0126363 0.00735345 -3.08923e-17)
(0.00416969 -0.0446571 -2.6133e-17)
(0.00636386 -0.0165107 -1.28218e-17)
(0.027266 0.0219225 1.19748e-17)
(0.0419655 -0.0672074 1.3633e-18)
(0.0442198 0.00741324 2.26493e-17)
(0.0287074 0.018665 1.13273e-17)
(-0.00181415 -0.101159 2.98696e-17)
(-0.00106342 0.0160124 1.09001e-17)
(0.0494843 0.256719 -4.6506e-17)
(0.0696416 -0.0614568 -2.65877e-17)
(-0.0949138 -0.000626511 0)
(0.00610131 -0.0650411 1.42869e-17)
(0.00165453 -0.00410777 -1.25477e-17)
(0.0450553 0.0139967 5.09099e-18)
(0.0385118 0.0943699 0)
(0.013169 0.0190449 1.16486e-17)
(0.0357831 0.080036 -2.37389e-17)
(0.034049 0.0365137 0)
(0.0198068 0.0119544 -1.05358e-22)
(0.0150054 0.0126568 0)
(0.0229355 0.0256122 -1.49495e-18)
(0.0104811 0.00565045 -2.36232e-17)
(0.0184595 0.0172948 6.06617e-18)
(-0.029378 0.00370051 3.8617e-17)
(-0.0345294 0.000528954 -1.20974e-17)
(-0.00717677 -0.0886105 -3.09853e-17)
(0.0487823 -0.0542421 -5.06163e-17)
(0.0603086 0.0816002 3.7392e-17)
(0.0915216 -0.060337 2.49017e-17)
(-0.0267932 0.00480363 -1.26616e-17)
(-0.0238047 0.00311192 2.73904e-17)
(0.00797727 0.125422 0)
(0.0637968 0.100044 5.00905e-22)
(-0.00774231 0.00363571 2.13723e-17)
(0.0028591 0.000363973 -2.06282e-17)
(-0.142129 0.0613148 1.91122e-17)
(0.014997 -0.0772081 -2.93851e-17)
(0.00488648 0.00280868 -9.82845e-18)
(-0.0289386 -0.00408242 -3.31014e-17)
(0.119028 -0.0802888 -1.19788e-17)
(-0.0210032 0.00343515 5.69275e-18)
(-7.59918e-05 -0.0478502 -1.01593e-17)
(0.040234 0.0328185 0)
(0.00380913 -0.0669617 0)
(0.0572371 -0.0765043 3.15208e-17)
(0.0338892 -0.0298542 5.65795e-18)
(-0.0085675 0.0174743 0)
(0.00293982 -0.0799723 0)
(0.0839498 0.148264 0)
(0.111063 -0.0513542 1.31993e-17)
(-0.0727008 0.0220473 1.34107e-17)
(-0.0675835 -0.0104787 -7.17742e-18)
(0.0231492 -0.0304983 1.12365e-17)
(0.0443658 0.0304289 0)
(-0.00993434 0.0224747 -2.00468e-17)
(-0.0424314 -0.0202191 -7.55914e-18)
(0.0322662 -0.0882653 0)
(0.00349767 0.0729781 2.31924e-17)
(-0.00684153 0.00113031 -4.12453e-17)
(0.019224 -0.0507844 2.52944e-17)
(0.0456691 0.242009 0)
(0.0287082 0.0182233 2.55281e-17)
(0.000407325 -0.00374771 -2.37715e-17)
(0.0207376 -0.057279 8.25944e-18)
(-0.0831702 -0.0207477 -5.81118e-18)
(0.0545602 0.043152 -2.73847e-17)
(0.0507556 0.0300342 -3.21052e-17)
(0.0501097 -0.00534826 -2.51687e-17)
(0.00720036 -0.0754334 1.30017e-17)
(0.0137214 0.00792612 -2.58267e-17)
(-0.111017 0.0144911 3.67646e-17)
(-0.0223792 -0.0016258 2.62464e-17)
(0.0415794 0.00756129 5.1871e-18)
(0.0617732 0.0744618 0)
(-0.000935491 -0.0707735 0)
(0.000979072 0.0200519 2.27259e-17)
(-0.125705 0.0521804 0)
(0.0715656 0.209418 -6.5287e-18)
(-0.00173578 -0.00336408 1.01915e-17)
(0.0166432 -0.00868399 2.82145e-17)
(0.022206 0.0671214 1.19677e-17)
(0.0417264 -0.0737515 -2.1378e-17)
(0.00383903 -0.00103326 -2.40065e-17)
(0.0907308 -0.0197454 -4.89476e-17)
(0.0788899 0.141406 -2.08265e-17)
(0.0526596 0.151691 2.16304e-17)
(0.0155019 -0.0285603 1.10996e-17)
(0.0656405 0.275035 4.15977e-17)
(0.0109753 0.0030884 -2.41695e-17)
(0.0354513 -0.00697349 -1.24062e-17)
(0.0860165 0.135699 -1.17655e-17)
(0.00156022 -0.0103939 3.09582e-17)
(-0.138952 -0.0343375 2.43137e-17)
(0.0718476 0.0889183 -1.1348e-17)
(0.0777998 -0.0333589 3.40216e-18)
(0.0449107 0.0215044 0)
(0.0661479 0.219604 3.03102e-18)
(0.0318951 0.0504218 1.36326e-17)
(0.00628811 0.142562 0)
(-0.00392292 0.00249899 -1.29463e-17)
(-0.0819416 -0.0156852 1.21778e-17)
(0.0361302 -0.00550362 -2.48031e-17)
(0.0236578 -0.0849355 -2.76345e-17)
(-0.121502 0.0614114 3.7298e-19)
(-0.0165004 0.00592075 1.8757e-17)
(-0.00116303 0.0284514 -1.13596e-17)
(0.000736044 -0.0440671 1.42133e-17)
(0.0338376 -0.0519551 3.05792e-17)
(0.0324271 0.0029394 -6.60676e-18)
(0.015757 0.0214332 0)
(0.0385226 -0.0497973 -4.25489e-17)
(-0.1156 -0.0287496 -5.07377e-17)
(-0.0354001 -0.00164285 -1.75744e-17)
(0.0255211 -0.0780978 -1.15537e-17)
(0.0264265 0.000998174 4.04969e-17)
(0.0218056 0.222877 -1.37188e-17)
(0.0635504 -0.00686481 -1.52684e-17)
(0.0116426 0.00307327 -3.75383e-17)
(0.00186265 -0.0215811 0)
(0.0596836 0.195087 6.54425e-18)
(-0.0249763 -0.0397063 -2.28675e-17)
(0.0494759 0.190636 -1.3688e-17)
(0.0232754 0.0115967 2.64677e-17)
(0.0210835 -0.080964 9.57149e-18)
(0.0273687 0.0309961 1.28356e-17)
(0.00812864 -0.0791462 0)
(0.017487 -0.0728179 1.07815e-17)
(0.00436085 -0.0794608 0)
(-0.00721098 -0.00565454 0)
(0.0053205 0.00155156 -1.12398e-17)
(0.0227791 -0.07272 -4.2468e-22)
(-0.00248213 -0.0891832 -1.59435e-17)
(0.0180597 -0.0954403 6.87231e-18)
(0.11778 -0.062135 0)
(0.0376319 -0.000441674 2.35819e-17)
(-0.0153291 -0.112521 2.2171e-17)
(0.00130963 -0.0124186 1.31545e-17)
(0.0154336 -0.0308947 3.52695e-17)
(0.023816 -0.0178574 1.42453e-17)
(0.00846043 0.00810119 -5.39983e-18)
(-0.0659649 0.0125811 -1.41163e-17)
(0.0311945 0.000915412 -3.37185e-17)
(0.0222322 -0.027689 2.99323e-17)
(-0.114803 0.00422423 -1.44332e-17)
(0.00926196 -0.0332493 2.02499e-18)
(-0.108321 0.00577562 7.4693e-18)
(0.019276 0.0452074 0)
(0.0658988 0.0544968 2.82266e-17)
(-0.00118224 -0.0223348 0)
(0.0948184 0.0934187 1.27416e-17)
(-0.0172806 0.00301189 -4.18485e-17)
(0.0256483 0.00163307 1.47694e-17)
(-0.0208437 0.00168911 1.90995e-18)
(0.00299248 0.00104208 0)
(-0.0218968 0.00620657 2.58453e-17)
(0.0854653 -0.0491931 0)
(0.00613368 -0.00470941 0)
(0.0740631 -0.0613319 0)
(0.000743627 -0.022017 2.47134e-17)
(0.0634023 -0.0363773 -3.18869e-17)
(0.031602 0.178362 7.51411e-18)
(0.00189066 -0.0252005 -3.39298e-17)
(0.117544 -0.092006 1.44392e-17)
(0.0015719 -0.085375 -2.81944e-17)
(0.0106799 0.00222272 -2.79677e-17)
(0.0438359 0.0669427 -1.62044e-17)
(0.0896688 -0.0755227 -2.78688e-17)
(-0.0960613 0.0088135 0)
(0.0134305 -0.0749494 -3.20204e-17)
(-0.0978997 0.00377112 -7.3443e-22)
(0.0267337 -0.0516507 -1.55144e-22)
(0.0169602 -0.0798983 0)
(-0.110804 0.0134114 -8.60151e-18)
(0.0179996 -0.0793519 -4.19687e-17)
(0.0463589 0.0628474 0)
(0.0248008 -0.0750802 1.96242e-17)
)
;

boundaryField
{
    back
    {
        type            empty;
    }
    front
    {
        type            empty;
    }
    top
    {
        type            codedFixedValue;
        value           nonuniform List<vector> 
15
(
(0 -0.0785778 0)
(0 -0.0743111 0)
(0 -0.0572444 0)
(0 -0.0444444 0)
(0 -0.0572444 0)
(0 -0.0288 0)
(0 -0.0288 0)
(0 -0.0743111 0)
(0 -0.0785778 0)
(0 -0.0672 0)
(0 -0.0103111 0)
(0 -0.0103111 0)
(0 -0.0672 0)
(0 -0.08 0)
(0 -0.0444444 0)
)
;
        name            ParabolicTimeDependentU_max;
        code            #{
		const vectorField& Cf = patch().Cf();
		vectorField& field = *this;

		const scalar r = 18.0*1e-3;
		const scalar Umax = 0.4;
		const scalar Umin = 0.02;

		scalar 	Uvar = 0.08;
		scalar 	t = this->db().time().value();
		scalar	tau = fmod(t,1);
		
		if (tau > 0 && tau <= 0.35)
		{
			Uvar = 0.08+Umax*(1-(pow(tau-0.175,2)/(0.175*0.175)));
		}
		if (tau > 0.35 && tau <= 0.6)
		{
			Uvar = 0.08+Umin*(-1+(pow(tau-0.475,2)/(0.125*0.125)));
		}
		if (tau > 0.6 && tau <= 1)
		{
			Uvar = 0.08;
		}
		
		forAll(Cf, faceI)
		{
			const scalar x = Cf[faceI][0];
			const scalar y = Cf[faceI][1];
			field[faceI] = vector(0, Uvar*(-1+(pow(x+(0.02+r),2))/(r*r)), 0);
		}
	#};
    }
    outer_arc
    {
        type            noSlip;
    }
    bottom
    {
        type            zeroGradient;
    }
    inner_arc
    {
        type            noSlip;
    }
}


// ************************************************************************* //
