/*--------------------------------*- C++ -*----------------------------------*\
  =========                 |
  \\      /  F ield         | OpenFOAM: The Open Source CFD Toolbox
   \\    /   O peration     | Website:  https://openfoam.org
    \\  /    A nd           | Version:  9
     \\/     M anipulation  |
\*---------------------------------------------------------------------------*/
FoamFile
{
    format      ascii;
    class       volScalarField;
    location    "0.99";
    object      p;
}
// * * * * * * * * * * * * * * * * * * * * * * * * * * * * * * * * * * * * * //

dimensions      [0 2 -2 0 0 0 0];

internalField   nonuniform List<scalar> 
942
(
10.1037
10.1072
10.1019
10.1041
10.1021
10.1052
10.1054
10.1052
10.1055
10.1054
10.1086
10.1043
10.1043
10.108
10.104
10.1075
10.1058
10.1036
10.1067
10.1047
10.1051
10.1042
10.103
10.1025
10.1079
10.1021
10.1032
10.1031
10.1039
10.1032
10.1018
10.1034
10.1037
10.0903
10.1035
10.103
10.1034
10.103
10.1034
10.1028
10.0935
10.1033
10.103
10.1054
10.1053
10.1055
10.1075
10.0924
10.0968
10.108
10.1066
10.1029
10.1029
10.102
10.1051
10.1021
10.1057
10.105
10.1058
10.0935
10.1031
10.1033
10.088
10.1034
10.1031
10.1064
10.1035
10.1012
10.1027
10.1053
10.1073
10.1055
10.1071
10.1033
10.1022
10.1037
10.1054
10.1035
10.1018
10.1069
10.1053
10.1024
10.1059
10.1069
10.106
10.1032
10.0941
10.1052
10.1077
10.1044
10.1033
10.1045
10.1049
10.1016
10.1034
10.1016
10.1033
10.1053
10.1053
10.1031
10.1054
10.1048
10.1064
10.1053
10.1029
10.103
10.1056
10.1054
10.0986
10.1055
10.1027
10.1018
10.0993
10.1055
10.1085
10.1044
10.0996
10.1041
10.103
10.0864
10.103
10.103
10.1027
10.1069
10.1067
10.102
10.1029
10.1038
10.1044
10.1029
10.1064
10.1057
10.1083
10.0944
10.1007
10.1053
10.1028
10.1072
10.1019
10.0977
10.0935
10.1049
10.1011
10.102
10.1053
10.1032
10.1054
10.1054
10.1031
10.1032
10.1052
10.0864
10.1044
10.1052
10.1039
10.1033
10.1062
10.1055
10.0965
10.1029
10.1059
10.1031
10.1039
10.1049
10.086
10.1065
10.1054
10.1052
10.1055
10.1056
10.0936
10.1001
10.103
10.103
10.1027
10.1051
10.1018
10.1052
10.1013
10.1051
10.1052
10.1046
10.1032
10.105
10.1035
10.1026
10.1021
10.1021
10.1028
10.1049
10.102
10.1049
10.1032
10.1015
10.102
10.1045
10.1016
10.1033
10.0916
10.1022
10.103
10.1046
10.102
10.1053
10.1039
10.0987
10.1031
10.1023
10.1024
10.1022
10.1019
10.1048
10.1053
10.103
10.1019
10.1044
10.1024
10.1022
10.1014
10.1008
10.1042
10.1041
10.1048
10.1046
10.1055
10.1037
10.1028
10.104
10.103
10.1005
10.1027
10.1023
10.1037
10.1055
10.1044
10.105
10.1022
10.1043
10.1008
10.1006
10.1002
10.1053
10.1044
10.1052
10.1052
10.1018
10.1039
10.1046
10.1041
10.1012
10.1023
10.0956
10.1021
10.1015
10.1051
10.1048
10.1046
10.1048
10.1017
10.1053
10.104
10.1028
10.103
10.105
10.1037
10.1053
10.1052
10.1047
10.1018
10.104
10.1038
10.1026
10.0924
10.1028
10.1022
10.1034
10.1041
10.105
10.1014
10.1029
10.1051
10.103
10.103
10.1049
10.1038
10.0967
10.1049
10.1047
10.1051
10.1049
10.1043
10.0889
10.1046
10.1036
10.1051
10.1049
10.0912
10.0949
10.0908
10.0988
10.1008
10.105
10.0914
10.0969
10.1013
10.1044
10.1023
10.1051
10.1034
10.105
10.1054
10.1074
10.1052
10.1071
10.1037
10.108
10.1053
10.106
10.1038
10.1051
10.1059
10.1065
10.1053
10.1065
10.0872
10.1045
10.1093
10.1038
10.1036
10.1053
10.1039
10.1038
10.1046
10.0921
10.1049
10.103
10.099
10.1048
10.1044
10.1029
10.1025
10.1006
10.1028
10.1025
10.0999
10.1048
10.1007
10.1038
10.1046
10.0973
10.1033
10.0948
10.1039
10.0939
10.1044
10.105
10.1003
10.1039
10.0996
10.0998
10.0952
10.1045
10.1041
10.1039
10.0976
10.1038
10.1045
10.1059
10.102
10.1021
10.0856
10.1032
10.1075
10.1037
10.1012
10.0998
10.1006
10.1009
10.1042
10.0975
10.1033
10.103
10.097
10.1028
10.1053
10.0959
10.096
10.103
10.1005
10.096
10.1083
10.1
10.105
10.1039
10.0929
10.1046
10.104
10.1044
10.1049
10.1023
10.0952
10.1041
10.1044
10.1046
10.1013
10.1019
10.1031
10.0995
10.1036
10.1029
10.1047
10.1023
10.104
10.0981
10.1002
10.1043
10.1042
10.1041
10.1033
10.104
10.1046
10.1032
10.1049
10.1045
10.1012
10.0984
10.1008
10.1004
10.1011
10.1052
10.1049
10.0994
10.104
10.0989
10.1029
10.1045
10.1006
10.1045
10.1033
10.1033
10.1042
10.1038
10.102
10.1033
10.1045
10.1007
10.0991
10.0988
10.1039
10.1041
10.0992
10.0999
10.0996
10.1042
10.0986
10.102
10.0998
10.1072
10.1043
10.0989
10.0995
10.102
10.1033
10.0986
10.1045
10.0988
10.1049
10.1008
10.1015
10.1045
10.1027
10.1044
10.103
10.1005
10.1037
10.1051
10.103
10.1004
10.1012
10.1046
10.1043
10.1043
10.1007
10.1035
10.1026
10.1013
10.1021
10.1019
10.1039
10.105
10.1063
10.0996
10.1049
10.1
10.1044
10.1034
10.1022
10.1031
10.1
10.1045
10.1009
10.1047
10.1046
10.1038
10.1028
10.1017
10.1028
10.1066
10.1041
10.1065
10.103
10.1047
10.1051
10.1043
10.1066
10.1047
10.1062
10.1048
10.1054
10.1037
10.1035
10.1021
10.1047
10.105
10.1053
10.1046
10.1021
10.1023
10.1007
10.104
10.1043
10.1037
10.1027
10.1009
10.1039
10.1008
10.1015
10.1065
10.1047
10.1028
10.1035
10.1059
10.1045
10.105
10.103
10.1005
10.1058
10.1034
10.101
10.1007
10.1028
10.1032
10.1004
10.1022
10.1023
10.1014
10.1002
10.1026
10.1025
10.1042
10.1014
10.1045
10.1039
10.1005
10.1017
10.1023
10.1029
10.1032
10.1019
10.1053
10.1009
10.1025
10.1021
10.1001
10.1048
10.1016
10.1016
10.1007
10.1031
10.1039
10.104
10.1012
10.1051
10.1006
10.1047
10.1046
10.1031
10.1013
10.1051
10.102
10.1034
10.1048
10.1042
10.1016
10.1018
10.1034
10.1019
10.1048
10.1016
10.105
10.105
10.1031
10.1018
10.1018
10.1055
10.1039
10.1021
10.1051
10.1041
10.1019
10.1051
10.1018
10.1017
10.1017
10.105
10.1059
10.0881
10.1065
10.1037
10.1032
10.1018
10.1034
10.1018
10.1055
10.1025
10.1022
10.102
10.103
10.1032
10.1055
10.1048
10.103
10.0918
10.1036
10.1058
10.1066
10.1021
10.1053
10.1048
10.1043
10.1057
10.1054
10.1044
10.0917
10.1051
10.1043
10.1052
10.1046
10.1054
10.1053
10.1052
10.1049
10.1047
10.1052
10.1005
10.1067
10.1045
10.103
10.1051
10.1035
10.1054
10.1038
10.1039
10.1035
10.1044
10.1054
10.0867
10.1024
10.1034
10.1036
10.1023
10.1036
10.1055
10.1036
10.1055
10.1048
10.1036
10.1036
10.1055
10.1052
10.0995
10.1035
10.1036
10.1085
10.1095
10.1068
10.1027
10.1053
10.1086
10.1085
10.1052
10.1076
10.1053
10.1044
10.1029
10.1061
10.107
10.1053
10.1093
10.1092
10.1055
10.1029
10.1057
10.1073
10.1053
10.1053
10.1089
10.0866
10.1074
10.1053
10.1053
10.1042
10.1047
10.1032
10.1053
10.1035
10.1029
10.1068
10.1042
10.1045
10.1053
10.1052
10.1048
10.1057
10.105
10.1051
10.1051
10.1052
10.1037
10.0906
10.1052
10.1019
10.1037
10.1001
10.1013
10.1005
10.103
10.1042
10.104
10.1052
10.1044
10.1062
10.1032
10.1051
10.1036
10.1051
10.1038
10.104
10.1054
10.0897
10.1054
10.107
10.1053
10.1051
10.1051
10.0891
10.0888
10.1059
10.1063
10.1042
10.1091
10.1048
10.103
10.1019
10.1044
10.1053
10.1053
10.103
10.1017
10.1032
10.1023
10.1053
10.106
10.1055
10.1034
10.1013
10.1077
10.1021
10.1011
10.1062
10.1054
10.1055
10.1071
10.1066
10.1021
10.1053
10.105
10.1053
10.1035
10.1052
10.1064
10.1032
10.1054
10.1051
10.1049
10.1052
10.105
10.1053
10.1037
10.1069
10.1065
10.1022
10.1032
10.102
10.105
10.1011
10.0928
10.1021
10.1055
10.1035
10.1061
10.1018
10.1053
10.1055
10.102
10.1001
10.1034
10.1049
10.1068
10.1054
10.105
10.1055
10.1018
10.0945
10.1089
10.1054
10.1021
10.103
10.1032
10.1054
10.102
10.1019
10.1034
10.0894
10.1054
10.1052
10.105
10.1019
10.1034
10.1054
10.1057
10.1031
10.1051
10.1054
10.1032
10.1048
10.1055
10.1049
10.108
10.1047
10.1034
10.0936
10.103
10.1025
10.1028
10.1028
10.0879
10.1034
10.1054
10.0856
10.1033
10.1032
10.1002
10.1006
10.1034
10.1053
10.1064
10.1019
10.1016
10.105
10.0884
10.1054
10.1018
10.1051
10.105
10.1053
10.1079
10.1032
10.1019
10.1052
10.1037
10.1054
10.1038
10.1036
10.1051
10.1053
10.1047
10.1041
10.1053
10.1051
10.1045
10.103
10.1018
10.0876
10.1052
10.1032
10.103
10.1022
10.105
10.106
10.1056
10.0978
10.0907
10.1052
10.1055
10.1026
10.1051
10.1034
10.1045
10.1067
10.1049
10.1021
10.1053
10.0957
10.1049
10.1028
10.1047
10.1033
10.1018
10.102
10.1064
10.1051
10.1037
10.1054
10.1057
10.1026
10.105
10.1065
10.1035
10.1033
10.1023
10.1054
10.1031
10.1053
10.1037
10.0984
10.1018
10.1031
10.1055
10.1055
10.1036
10.1038
)
;

boundaryField
{
    back
    {
        type            empty;
    }
    front
    {
        type            empty;
    }
    top
    {
        type            zeroGradient;
    }
    outer_arc
    {
        type            zeroGradient;
    }
    bottom
    {
        type            uniformFixedValue;
        uniformValue    
        {
            type            table;
            format          csv;
            file            "outlet_p.csv";
            nHeaderLine     1;
            refColumn       0;
            componentColumns List<label> 1(1);
            separator       ",";
            mergeSeparators 0;
        }
        value           uniform 10.1017;
    }
    inner_arc
    {
        type            zeroGradient;
    }
}


// ************************************************************************* //
