/*--------------------------------*- C++ -*----------------------------------*\
  =========                 |
  \\      /  F ield         | OpenFOAM: The Open Source CFD Toolbox
   \\    /   O peration     | Website:  https://openfoam.org
    \\  /    A nd           | Version:  9
     \\/     M anipulation  |
\*---------------------------------------------------------------------------*/
FoamFile
{
    format      ascii;
    class       volScalarField;
    location    "1.06";
    object      p;
}
// * * * * * * * * * * * * * * * * * * * * * * * * * * * * * * * * * * * * * //

dimensions      [0 2 -2 0 0 0 0];

internalField   nonuniform List<scalar> 
942
(
11.6032
11.5427
11.4404
11.619
11.4389
11.5875
11.6128
11.5856
11.6401
11.6408
11.4984
11.566
11.6236
11.4935
11.5639
11.5447
11.4769
11.6048
11.4879
11.532
11.4793
11.5671
11.5831
11.4476
11.4996
11.4504
11.4576
11.5861
11.4577
11.5964
11.456
11.4559
11.453
11.5271
11.4678
11.569
11.5813
11.5964
11.5841
11.449
11.5369
11.5685
11.4442
11.6148
11.6104
11.4721
11.4934
11.5219
11.5385
11.494
11.4896
11.5809
11.5649
11.4394
11.6376
11.5541
11.5601
11.6349
11.558
11.5118
11.5932
11.4632
11.5272
11.5986
11.5963
11.5501
11.4616
11.5052
11.5511
11.616
11.5413
11.6369
11.5476
11.5989
11.4426
11.5293
11.5347
11.4663
11.4538
11.5466
11.5961
11.4544
11.507
11.5484
11.5518
11.4459
11.5104
11.5648
11.492
11.5096
11.5647
11.4775
11.6339
11.552
11.5587
11.5262
11.5692
11.564
11.5958
11.5949
11.6305
11.6344
11.4916
11.6139
11.5614
11.5905
11.475
11.465
11.5101
11.4996
11.5539
11.5457
11.5048
11.638
11.4963
11.4761
11.5034
11.6164
11.5937
11.5378
11.5888
11.5595
11.4379
11.5454
11.549
11.45
11.5758
11.4483
11.4546
11.558
11.4884
11.4787
11.4936
11.5185
11.509
11.4679
11.5499
11.5002
11.5419
11.5339
11.5258
11.4598
11.5013
11.4482
11.5846
11.4534
11.6187
11.635
11.575
11.4482
11.5824
11.5315
11.4751
11.6052
11.4709
11.5841
11.5546
11.6402
11.5087
11.5296
11.5553
11.581
11.6171
11.5739
11.5286
11.4886
11.6281
11.611
11.4695
11.4966
11.5162
11.5437
11.5584
11.5891
11.4419
11.6217
11.5244
11.6244
11.5552
11.6166
11.6073
11.4604
11.5774
11.6186
11.6026
11.4563
11.4999
11.4442
11.4467
11.613
11.4611
11.611
11.5931
11.4595
11.4461
11.6264
11.4517
11.5957
11.5322
11.433
11.5949
11.6242
11.4459
11.4733
11.4973
11.547
11.5606
11.4454
11.4381
11.4434
11.4494
11.6263
11.6359
11.4597
11.4481
11.6136
11.444
11.4777
11.4553
11.4579
11.6072
11.6111
11.6074
11.6203
11.6369
11.4567
11.4614
11.6014
11.5914
11.4636
11.4602
11.4486
11.4673
11.6298
11.6117
11.6303
11.4759
11.6056
11.4603
11.4616
11.464
11.6091
11.6019
11.6221
11.6175
11.4517
11.5957
11.618
11.5997
11.4577
11.4591
11.5454
11.4649
11.4541
11.6121
11.6243
11.6057
11.6057
11.4788
11.6202
11.6048
11.4816
11.4649
11.6072
11.5934
11.6375
11.6152
11.6007
11.4618
11.5942
11.5901
11.4487
11.5403
11.4562
11.4503
11.4826
11.447
11.5922
11.4598
11.5733
11.6102
11.5677
11.5761
11.5935
11.4887
11.513
11.5978
11.596
11.6054
11.6023
11.4858
11.5399
11.4851
11.5778
11.5936
11.4852
11.5216
11.5189
11.5272
11.5122
11.5062
11.5965
11.5447
11.5532
11.5027
11.6003
11.5623
11.5667
11.5276
11.4799
11.6173
11.5056
11.5804
11.544
11.5762
11.4918
11.6017
11.5572
11.517
11.5735
11.5372
11.4867
11.6098
11.5507
11.5354
11.4856
11.4984
11.5807
11.5722
11.5906
11.4889
11.5848
11.5836
11.5469
11.5856
11.4922
11.5561
11.489
11.489
11.5568
11.4978
11.5267
11.5654
11.4955
11.5177
11.4853
11.5144
11.5757
11.5973
11.5238
11.4925
11.5315
11.5798
11.5394
11.4912
11.5884
11.5115
11.5844
11.5082
11.5243
11.5463
11.5744
11.5606
11.5887
11.5538
11.556
11.5716
11.4827
11.5627
11.5298
11.5354
11.4952
11.4897
11.572
11.4997
11.5229
11.5033
11.5187
11.5916
11.5296
11.4421
11.5833
11.513
11.5513
11.4702
11.5371
11.5513
11.5596
11.5156
11.544
11.4959
11.5357
11.5847
11.5495
11.5201
11.5801
11.5694
11.5041
11.46
11.5429
11.5268
11.5786
11.559
11.574
11.5596
11.4958
11.5768
11.5123
11.5688
11.5676
11.4532
11.5549
11.5719
11.5504
11.5576
11.5905
11.587
11.5747
11.4916
11.575
11.5769
11.566
11.5821
11.5844
11.5602
11.5524
11.4997
11.525
11.5498
11.5508
11.5591
11.5461
11.5543
11.5187
11.574
11.5773
11.5341
11.5806
11.5689
11.5512
11.5781
11.5667
11.5244
11.5466
11.5927
11.5516
11.5081
11.5109
11.5718
11.5826
11.5171
11.5123
11.5211
11.5819
11.512
11.4953
11.5036
11.5415
11.586
11.514
11.5403
11.5286
11.4617
11.5167
11.4835
11.5202
11.5894
11.5442
11.5386
11.4934
11.5331
11.5326
11.5285
11.5558
11.4911
11.4865
11.5662
11.5251
11.5583
11.4857
11.5966
11.4882
11.5209
11.4938
11.5634
11.4984
11.5567
11.5249
11.5692
11.4909
11.4958
11.506
11.4959
11.5213
11.5952
11.4832
11.4974
11.4805
11.5028
11.5883
11.5075
11.4884
11.5874
11.4834
11.5309
11.4779
11.5289
11.5388
11.479
11.5428
11.5638
11.4864
11.487
11.484
11.4939
11.5916
11.4896
11.4861
11.5362
11.4759
11.5621
11.5286
11.5371
11.4872
11.5404
11.545
11.5003
11.4795
11.5047
11.5418
11.5323
11.4994
11.5616
11.4621
11.4824
11.475
11.465
11.4906
11.6022
11.4667
11.5978
11.4913
11.4812
11.6008
11.4749
11.466
11.4896
11.4798
11.4712
11.4691
11.4787
11.4822
11.4682
11.4759
11.4554
11.4742
11.4675
11.5062
11.4537
11.5022
11.4769
11.6075
11.606
11.4729
11.467
11.4667
11.4719
11.4652
11.4707
11.6343
11.4659
11.4503
11.4702
11.4698
11.6195
11.456
11.4726
11.4717
11.472
11.4724
11.6122
11.4349
11.6433
11.4737
11.6115
11.6134
11.4701
11.4352
11.631
11.4538
11.5658
11.6174
11.63
11.435
11.4354
11.6093
11.4355
11.5678
11.435
11.6257
11.6236
11.6007
11.4346
11.4351
11.6445
11.4706
11.4364
11.6286
11.4669
11.4359
11.4781
11.4368
11.436
11.4366
11.5707
11.5496
11.5422
11.5455
11.6005
11.6025
11.4365
11.5311
11.4366
11.6398
11.4401
11.444
11.4365
11.5953
11.5987
11.562
11.5337
11.5089
11.5289
11.5951
11.5572
11.5388
11.4486
11.6273
11.4593
11.494
11.5471
11.6194
11.5632
11.5156
11.5353
11.5692
11.5714
11.566
11.6217
11.6092
11.6289
11.4755
11.572
11.6426
11.503
11.5378
11.5336
11.4546
11.4633
11.6079
11.643
11.5992
11.6224
11.6119
11.629
11.6207
11.5258
11.4452
11.5738
11.4529
11.4994
11.4581
11.6349
11.4638
11.6313
11.6306
11.4508
11.4615
11.6333
11.6356
11.5557
11.4769
11.5819
11.4928
11.4969
11.5079
11.5246
11.4814
11.4941
11.503
11.5817
11.4903
11.6036
11.5135
11.5192
11.4847
11.4879
11.6078
11.4995
11.4961
11.511
11.5227
11.4836
11.4895
11.5837
11.6059
11.5015
11.5369
11.4928
11.4945
11.6454
11.4813
11.4659
11.6001
11.5885
11.4752
11.4512
11.4984
11.6175
11.4768
11.5872
11.4824
11.4807
11.4813
11.5813
11.5783
11.575
11.6012
11.62
11.546
11.4846
11.4402
11.6112
11.5076
11.5049
11.5148
11.5632
11.614
11.4735
11.5973
11.6201
11.4788
11.4446
11.5346
11.5881
11.5962
11.6086
11.4717
11.6274
11.5187
11.6348
11.4896
11.5573
11.5531
11.5769
11.5404
11.5312
11.5554
11.5526
11.4741
11.4949
11.6387
11.5958
11.4307
11.6324
11.6034
11.5852
11.5972
11.4307
11.5698
11.4376
11.5941
11.4871
11.639
11.4515
11.521
11.4948
11.5189
11.4322
11.4887
11.6275
11.6323
11.541
11.5388
11.4399
11.5895
11.4838
11.5639
11.5731
11.5648
11.5038
11.4527
11.6397
11.5685
11.5715
11.5925
11.4794
11.5983
11.4689
11.5417
11.5391
11.4412
11.5664
11.4388
11.5613
11.559
11.547
11.444
11.6414
11.5787
11.5543
11.4392
11.4726
11.6424
11.4392
11.5548
11.5709
11.4696
11.4908
11.4821
11.6325
11.6434
11.4405
11.5499
11.496
11.4866
11.4338
11.5953
11.592
11.6231
11.4447
11.4395
11.6025
11.543
11.6236
11.5811
11.4922
11.4449
11.447
11.5921
11.502
11.5885
11.5791
11.4859
11.5865
11.4829
11.6378
11.5787
11.5021
11.5716
11.5942
11.5497
11.4499
11.4437
11.5599
11.5614
11.5226
11.5876
11.6258
11.531
11.6026
11.4969
11.5194
11.5087
11.5928
11.5934
11.5369
11.4428
11.5136
11.5703
11.5213
11.6344
11.4382
11.602
11.5781
11.5994
11.4919
11.567
11.4415
11.6005
11.4965
11.6271
11.6118
11.5898
11.5978
11.6314
11.6387
11.4797
11.5998
11.6046
11.4643
11.5973
11.4363
11.5324
11.5899
11.5645
11.5802
11.4419
11.5553
11.4845
11.483
11.5527
11.5381
11.6064
11.643
11.442
11.4807
11.5757
11.6187
11.5405
11.5345
11.437
11.6244
11.5479
11.5757
11.4406
11.4721
11.572
11.44
11.4431
11.5371
11.5778
11.513
11.625
11.4792
11.4403
11.5757
11.4869
11.6054
11.589
11.5156
11.641
11.5708
11.5915
11.6101
11.5518
11.5587
11.5827
11.6417
11.4832
11.6054
11.6093
)
;

boundaryField
{
    back
    {
        type            empty;
    }
    front
    {
        type            empty;
    }
    top
    {
        type            zeroGradient;
    }
    outer_arc
    {
        type            zeroGradient;
    }
    bottom
    {
        type            uniformFixedValue;
        uniformValue    
        {
            type            table;
            format          csv;
            file            "outlet_p.csv";
            nHeaderLine     1;
            refColumn       0;
            componentColumns List<label> 1(1);
            separator       ",";
            mergeSeparators 0;
        }
        value           uniform 11.4339;
    }
    inner_arc
    {
        type            zeroGradient;
    }
}


// ************************************************************************* //
