/*--------------------------------*- C++ -*----------------------------------*\
  =========                 |
  \\      /  F ield         | OpenFOAM: The Open Source CFD Toolbox
   \\    /   O peration     | Website:  https://openfoam.org
    \\  /    A nd           | Version:  9
     \\/     M anipulation  |
\*---------------------------------------------------------------------------*/
FoamFile
{
    format      ascii;
    class       volScalarField;
    location    "0.08";
    object      p;
}
// * * * * * * * * * * * * * * * * * * * * * * * * * * * * * * * * * * * * * //

dimensions      [0 2 -2 0 0 0 0];

internalField   nonuniform List<scalar> 
578
(
10.1
10.1
10.1
10.2
9.99
10.1
9.99
9.99
10
10.1
10.1
10
10.2
10
10
10.1
10.2
10.1
10
10
10.1
10.1
10.2
10.1
10.1
9.99
10.2
10.1
10.1
10.1
10.1
10.1
10
10.1
10
10
10
9.98
10
9.99
9.99
10
9.98
10
10
9.99
9.99
10
10.1
10.2
10.1
10.2
10.2
10.1
10.2
10.1
10.2
10
10.2
10
10.1
10.2
10.1
10
10.2
10
10
10.1
10.1
9.99
10.1
10.1
10.2
9.99
10.1
9.99
10
10
10.2
10
10.1
10.1
10.1
10.1
10
9.97
10.1
10.1
9.99
9.98
10.1
10
9.99
10.2
10.1
10.1
10.2
10.2
10.1
9.99
10
9.98
10.2
10
10.2
9.99
10.1
9.99
9.97
9.99
10
9.98
10
10.1
10.1
10.2
10.2
10.1
9.98
10.2
9.98
10.1
9.99
10.1
10.1
9.98
10.1
10.1
9.99
9.97
9.99
9.98
10.2
9.98
9.99
10
10
10.2
10.1
9.99
9.99
9.97
9.99
10.1
9.98
10
9.98
10.2
9.99
9.97
10
10
10
9.98
10
10.2
10.1
10.2
10
10
10
10
9.99
10
10.1
9.98
10.1
10
10.2
10.2
10
10
10
9.98
10
10.2
10.2
10.1
10
10.1
10
10.1
9.97
10.2
10
10.2
10
9.99
10
10.1
10
10
10.1
10
10.1
10.2
10.2
10.2
10
10
10.2
10.2
10.1
10.2
10.2
10
10
10
10
10
9.98
10
9.98
10.2
9.99
10.1
10
10
10
9.98
10
10
9.98
10
10
9.98
10.1
10.2
10.2
10.1
10.1
10.1
9.98
9.97
9.97
10
10
10
10.2
9.98
10
10
10.2
9.99
10.2
9.99
9.99
10.1
10
10.1
10.2
9.98
10.1
9.98
10.1
9.97
10.1
10
10
10.1
9.98
10
10.2
10.2
10.1
9.98
9.98
9.98
10.1
9.98
9.98
9.98
9.98
10.1
10.2
10.1
10.1
9.98
10
10.1
10
10.1
10.1
10.2
10.1
9.98
9.98
9.98
10.1
10.1
9.97
9.98
10.2
10
10.1
10.1
10
9.97
10.1
10.1
10.1
9.97
10.1
10.1
10.1
10.1
9.97
10.1
10.1
10.1
9.98
10.1
10.1
9.98
10.1
10.1
9.98
9.98
9.98
10.1
9.98
10.1
10.1
10.1
10.2
10.1
10
9.99
10
10.1
10.2
10
10.1
10.1
9.98
10.1
10.2
10.1
10.1
10.1
10.1
10.1
10.1
10.1
10.1
10.1
10.2
9.98
9.98
9.99
9.99
9.99
9.99
10.1
9.99
9.99
10.1
9.99
9.98
9.99
10.1
10.2
10.1
9.98
10.1
10.2
10.1
10.1
10.2
10
9.98
10.2
10
10.1
10
10.2
10.2
9.98
9.98
10.2
10.2
9.99
9.99
10.1
10.1
10.1
10.3
9.99
9.99
9.98
10.2
10.2
10.2
9.98
10.1
10.2
10.1
10.1
10.2
10.1
10
10.1
10.2
10.1
10.2
10.2
10.1
10.2
10.1
10.1
10.2
10.1
10.1
9.98
10.2
10.1
9.99
9.99
9.99
10.2
9.99
10.1
10
9.99
9.98
9.98
9.97
10.1
9.97
9.97
10
10.1
10
10.2
9.98
9.98
9.98
10.1
9.97
10.1
10.1
10.1
10.2
10.1
10
10.1
10.1
10
10
10.1
9.99
10.2
10
10.2
10
10.1
10.1
10.2
10.1
10.1
10.1
10
10.1
9.98
10.1
10
9.98
10
10.1
9.98
10.1
10.1
10
10.2
10.1
10
9.98
10
10
10
10.1
10.1
10.1
10.1
10.2
9.97
10.1
10.2
10.2
10
10.2
10
9.98
10.2
10.2
9.98
10.1
9.98
10.3
10.3
9.99
10.1
9.98
10.1
10.1
10.2
9.99
10.2
9.98
10.2
10.1
10.1
10.1
9.99
9.99
10.1
9.99
9.99
10.1
10.2
10.1
10.2
10.1
9.98
9.98
10.1
10.1
10.2
10
10.1
9.99
10
10.2
10.1
10.1
10
10.1
9.99
10
10.2
10.2
10.1
10
9.98
10.1
10.1
10.1
10.1
10
9.98
10.1
10
9.98
10
10.2
10.1
10
10.1
10.1
10.2
10.2
9.99
9.98
10.2
10.2
10.1
10.2
10.1
10.2
10.2
9.99
10.1
10.2
10.1
10.1
10.1
10
10
)
;

boundaryField
{
    front
    {
        type            empty;
    }
    back
    {
        type            empty;
    }
    bottom
    {
        type            uniformFixedValue;
        uniformValue    
        {
            type            table;
            format          csv;
            file            "outlet_p.csv";
            nHeaderLine     1;
            refColumn       0;
            componentColumns List<label> 1(1);
            separator       ",";
            mergeSeparators 0;
        }
        value           uniform 9.97;
    }
    left
    {
        type            zeroGradient;
    }
    top
    {
        type            zeroGradient;
    }
    right
    {
        type            zeroGradient;
    }
    inner_arc
    {
        type            zeroGradient;
    }
}


// ************************************************************************* //
