/*--------------------------------*- C++ -*----------------------------------*\
  =========                 |
  \\      /  F ield         | OpenFOAM: The Open Source CFD Toolbox
   \\    /   O peration     | Website:  https://openfoam.org
    \\  /    A nd           | Version:  9
     \\/     M anipulation  |
\*---------------------------------------------------------------------------*/
FoamFile
{
    format      ascii;
    class       surfaceScalarField;
    location    "0.96";
    object      phi;
}
// * * * * * * * * * * * * * * * * * * * * * * * * * * * * * * * * * * * * * //

dimensions      [0 3 -1 0 0 0 0];

internalField   nonuniform List<scalar> 
2420
(
1.72801e-08
-1.02363e-07
8.50831e-08
3.0939e-08
-3.0939e-08
1.11508e-06
-7.47732e-07
-3.67348e-07
-6.49585e-07
6.49585e-07
-5.96144e-07
2.77983e-07
3.1816e-07
-1.24473e-07
7.19938e-08
5.24793e-08
5.31466e-07
5.83613e-07
-4.40172e-07
2.77927e-08
4.12379e-07
9.45891e-07
-1.01067e-06
6.47746e-08
-4.40711e-07
-1.55432e-07
-5.31987e-07
3.44084e-07
1.87903e-07
-1.30394e-07
-4.01592e-07
-4.40172e-07
-9.27853e-08
-7.3496e-08
1.66281e-07
5.91545e-08
-4.1155e-07
3.52396e-07
-3.95984e-08
2.95976e-08
1.00008e-08
1.85355e-07
2.02591e-07
-3.87946e-07
1.71349e-07
-2.39413e-07
6.80642e-08
1.90749e-07
-1.62585e-07
-2.81635e-08
-1.25873e-07
3.30873e-08
-7.93176e-08
2.21301e-07
-1.41983e-07
3.10626e-08
-3.81514e-07
4.48319e-07
-6.68057e-08
-4.47269e-07
6.57551e-08
-1.35678e-07
1.52958e-07
4.56237e-08
1.39731e-07
-1.58242e-08
-2.37742e-08
-3.12214e-07
-6.57741e-07
9.69955e-07
-7.54418e-07
4.42203e-07
1.92911e-07
-8.8664e-08
-1.04247e-07
-8.25273e-07
-3.99335e-07
1.22461e-06
9.52125e-07
1.0272e-07
-1.05485e-06
-4.38752e-07
4.34308e-07
4.44372e-09
5.30373e-07
3.9552e-07
-9.25893e-07
-4.85155e-08
2.19864e-07
6.58229e-07
-1.27856e-07
-1.23152e-07
-1.32091e-09
2.35128e-08
7.4262e-09
-3.59453e-08
-4.02806e-07
-5.82602e-09
-2.5113e-08
3.82468e-08
-1.17564e-07
3.89685e-07
1.40226e-07
-5.29911e-07
3.34103e-07
-3.70049e-07
1.20962e-07
-3.48803e-08
-8.60819e-08
4.83616e-08
-4.96652e-08
1.30355e-09
-2.03898e-07
-4.45687e-07
4.11813e-07
2.37772e-07
6.07931e-08
-1.24314e-08
-7.82327e-08
3.02322e-07
-2.2409e-07
-4.63666e-08
3.8047e-07
1.5987e-07
-8.78762e-08
2.04394e-07
-3.79574e-07
4.38728e-07
-6.64085e-07
-3.46581e-07
2.15481e-07
-5.55849e-09
-2.09922e-07
-5.32363e-08
3.03903e-08
2.28459e-08
3.19505e-08
1.98059e-09
-3.3931e-08
3.60039e-07
-1.5955e-08
-4.93109e-07
7.3309e-07
-2.3998e-07
1.27297e-07
-1.80533e-07
2.37659e-07
-1.06293e-06
-2.0689e-07
1.98013e-07
8.87682e-09
1.42324e-07
-2.44688e-07
-5.78682e-07
6.06475e-07
-3.12835e-07
-2.71353e-08
3.3997e-07
-1.08906e-06
6.8973e-07
5.92306e-07
-1.04716e-06
4.54858e-07
-2.54811e-07
4.85667e-07
-2.30856e-07
1.2789e-07
-1.76405e-07
-5.75837e-08
1.05229e-07
-5.57599e-07
1.69058e-07
-2.45288e-07
7.62291e-08
-1.84067e-07
-2.27483e-07
-3.36964e-07
3.6755e-07
-3.05854e-08
-3.5402e-08
8.60394e-08
-5.06374e-08
-7.32861e-07
-2.15565e-08
6.00746e-09
1.21882e-07
7.01973e-08
7.75932e-08
1.15317e-07
-2.98338e-07
-1.44968e-08
-5.75946e-09
-2.96426e-08
2.60107e-07
-4.46261e-08
1.72261e-07
-5.12987e-08
1.0823e-07
1.67694e-07
-2.75925e-07
-7.50358e-08
-4.02378e-08
1.15274e-07
1.23171e-07
-4.60135e-07
2.20386e-07
-5.13275e-08
-1.45342e-07
-7.46912e-09
1.52811e-07
3.67779e-08
-2.84519e-08
-8.32598e-09
-3.22496e-08
6.90275e-08
4.13533e-07
-7.80881e-07
1.11295e-07
7.94533e-08
8.30702e-08
-1.61303e-07
1.11956e-08
-5.93954e-08
4.81998e-08
1.09638e-08
-1.73549e-07
7.32081e-07
-1.39776e-07
-6.15461e-07
1.22352e-07
-8.87093e-07
9.89813e-07
-4.6739e-07
1.77011e-07
2.90378e-07
7.22783e-07
-3.0925e-07
3.89618e-07
-4.53962e-07
6.43442e-08
1.18205e-07
1.84118e-07
2.98267e-07
9.13506e-08
9.46827e-08
-1.38816e-07
4.41338e-08
-6.12928e-08
-1.45597e-07
-7.43741e-07
1.84487e-07
5.59254e-07
1.65304e-08
-1.05194e-07
-1.93866e-07
-2.73524e-07
-4.80092e-08
7.83996e-08
-1.16402e-08
-3.30754e-07
3.42394e-07
1.59073e-07
-2.89468e-07
-1.62554e-07
1.14544e-07
3.1458e-07
-2.0635e-07
7.41219e-07
-1.90943e-07
-5.50277e-07
-1.07285e-07
-5.90462e-07
-1.53279e-07
5.29192e-07
9.79964e-08
-2.43338e-07
9.19581e-08
2.72461e-09
-9.82392e-08
-6.43144e-08
1.88779e-07
2.37392e-07
-4.26172e-07
3.66635e-07
-8.45953e-07
4.79319e-07
-1.90886e-07
-8.6496e-07
1.05585e-06
3.71524e-07
3.60557e-07
-5.75431e-07
1.66721e-07
4.0871e-07
-3.22698e-07
2.76331e-07
1.02258e-07
-9.10621e-08
1.41948e-08
1.54027e-08
1.75095e-07
-3.72163e-07
1.97068e-07
1.63226e-07
-2.47992e-07
8.47657e-08
-3.40971e-07
3.29331e-07
-7.1899e-07
1.40307e-07
-3.50811e-07
-2.2462e-07
-5.15938e-08
5.15938e-08
6.27064e-08
6.00848e-08
-1.22791e-07
-3.00324e-07
-2.18067e-07
5.18391e-07
-3.79574e-07
1.98059e-09
-5.52844e-07
-4.9432e-07
1.27297e-07
-4.97553e-08
3.3931e-08
4.97553e-08
-3.43748e-08
-1.53805e-08
-1.12372e-07
-1.42258e-07
2.54629e-07
2.28645e-07
3.87946e-07
-6.16591e-07
1.42258e-07
4.65217e-08
1.66791e-08
-2.54629e-07
2.3795e-07
-2.78772e-07
1.80533e-07
-4.0822e-08
2.78772e-07
-2.3795e-07
-1.01836e-06
1.00215e-06
1.62113e-08
1.01836e-06
-7.80706e-07
-1.00215e-06
6.16591e-07
3.85562e-07
-4.65217e-08
4.14071e-07
-4.14071e-07
7.80706e-07
1.81661e-07
-2.21899e-07
-2.5779e-08
-2.96919e-07
-1.73063e-07
1.45928e-07
3.50902e-07
-6.21657e-07
2.70755e-07
1.50757e-07
-7.09242e-11
3.67581e-07
-1.42351e-07
-2.26635e-07
3.68986e-07
-8.03894e-07
1.39809e-07
-2.69358e-07
-3.52299e-07
-3.8173e-07
-2.35092e-07
-3.80369e-07
-1.00432e-06
4.69279e-07
-6.60222e-07
-8.24382e-08
1.25664e-08
-6.55896e-09
5.30312e-07
-3.2772e-07
-3.49731e-07
-5.40258e-08
4.03756e-07
2.2015e-07
-2.60972e-07
-7.72007e-07
1.38972e-07
6.33034e-07
-5.8752e-07
1.68075e-07
-4.84912e-09
1.06323e-07
-9.37567e-08
1.04232e-07
2.66323e-07
-3.70555e-07
-1.06306e-07
-1.95669e-08
-5.60595e-09
-3.50994e-07
1.26337e-09
2.71481e-08
1.32722e-07
-8.62931e-07
6.72045e-07
5.74707e-08
-2.58956e-08
-3.15751e-08
-4.30955e-07
8.66181e-08
3.44336e-07
-5.6948e-08
5.11886e-08
-3.26722e-07
7.62078e-08
1.02225e-07
-1.78433e-07
-2.8404e-07
-6.69541e-08
-2.92717e-08
-2.03935e-08
5.39917e-08
1.44022e-07
-6.08902e-08
5.33832e-08
7.50697e-09
-7.34434e-07
9.38828e-07
-4.5689e-07
6.02939e-08
3.96596e-07
-3.50635e-08
1.53177e-08
-3.70272e-07
-1.50484e-07
1.43015e-07
-3.04539e-07
2.04995e-08
2.32638e-07
-8.17895e-07
5.85257e-07
-5.13619e-07
7.46258e-07
-5.33041e-08
2.26782e-07
-1.73478e-07
7.09949e-08
1.50306e-07
-4.25245e-07
3.5027e-07
7.49746e-08
4.85995e-08
4.78367e-09
-2.21282e-07
3.96376e-07
-6.12369e-08
4.56757e-07
9.19155e-07
-3.68114e-07
-5.51042e-07
-7.1103e-07
-2.34038e-08
5.68804e-08
6.36e-07
1.20996e-08
-1.18405e-07
3.6843e-07
-9.21274e-07
1.44337e-07
5.13892e-07
-1.17543e-07
-2.48085e-08
-3.18884e-07
4.95593e-07
-1.7671e-07
-9.67067e-08
-2.07833e-07
3.84504e-09
7.84026e-08
3.25141e-07
1.09167e-07
-3.3477e-07
4.79888e-07
-1.45118e-07
-1.00104e-07
4.4405e-07
-4.77209e-07
3.31588e-08
-3.79619e-08
4.82012e-07
1.57234e-08
-3.71021e-09
-4.09492e-08
4.46594e-08
-2.3946e-07
2.3575e-07
-3.41129e-07
4.41326e-07
-1.00197e-07
2.24067e-07
4.85066e-07
-7.09132e-07
-6.92162e-07
9.16229e-07
-1.8651e-08
1.40533e-07
4.31106e-07
-8.08361e-08
-3.86073e-07
4.49439e-08
-4.16915e-07
-7.98025e-08
1.28402e-07
-4.56626e-07
4.18664e-07
2.34068e-07
8.20132e-07
-1.0542e-06
1.09668e-07
5.67554e-08
7.15308e-10
9.77843e-07
-7.43775e-07
2.9222e-08
2.23718e-08
-4.65777e-07
1.31007e-07
-1.44539e-07
9.3212e-08
1.16945e-06
-6.16512e-07
-5.52938e-07
-6.1135e-07
-1.92544e-07
-6.00294e-08
3.83182e-07
-1.45063e-07
1.10183e-07
-2.24104e-08
-2.78614e-07
3.01024e-07
2.08125e-07
3.95861e-08
3.9152e-07
-6.86998e-07
1.35145e-07
3.49304e-07
-4.84449e-07
-3.0741e-07
-1.58367e-07
2.21511e-07
-1.15188e-07
3.79347e-07
-2.7018e-07
2.79033e-07
-5.49487e-07
2.70453e-07
3.66683e-07
-1.0036e-07
4.70089e-07
1.19236e-08
4.7219e-07
1.43191e-07
-1.65602e-07
7.19521e-07
-5.58333e-07
-1.61187e-07
3.07587e-07
7.17603e-08
1.80558e-07
-2.06337e-07
3.38847e-07
-4.38951e-07
2.50207e-07
-7.46744e-08
-1.75533e-07
4.38728e-07
1.43903e-07
-1.62554e-07
2.74837e-08
7.68473e-08
2.89836e-07
1.19825e-08
1.28551e-07
2.19187e-07
-7.52831e-08
4.97434e-07
6.72016e-07
1.48254e-07
-4.55664e-07
2.89645e-08
5.5057e-08
-8.40215e-08
7.68776e-07
-2.41259e-07
-5.27517e-07
-4.42822e-08
1.7753e-07
-1.33248e-07
7.25946e-07
-5.70404e-07
-1.55542e-07
1.76432e-07
4.27541e-08
-1.96013e-07
-1.83561e-07
-2.65435e-07
6.94218e-08
-1.64318e-07
8.90352e-08
1.12749e-07
-1.05242e-07
4.63913e-07
-3.11932e-07
-1.51981e-07
3.82561e-07
5.731e-08
-1.59535e-07
-2.43524e-08
6.39119e-08
2.48035e-07
-3.11947e-07
4.80978e-07
-5.35004e-07
-1.00043e-07
2.02402e-08
4.66569e-07
-5.16865e-08
-4.14882e-07
4.12379e-07
-2.17659e-07
2.23718e-08
4.32204e-07
-2.65965e-07
-1.6624e-07
-3.42125e-07
4.72304e-07
-1.30178e-07
4.03164e-08
4.27538e-08
4.03164e-08
-4.49979e-07
4.76102e-07
-2.61227e-08
4.87526e-07
-1.74376e-08
-3.9229e-07
4.74778e-07
-8.24877e-08
-4.21184e-07
3.61154e-07
-3.56461e-08
1.93775e-07
-1.58129e-07
4.96755e-07
-9.22876e-09
2.24201e-07
-2.31788e-07
7.5867e-09
-5.81697e-07
8.10342e-07
-4.4235e-07
7.21383e-07
1.69244e-07
-1.35689e-07
1.78794e-07
4.97698e-07
-9.42904e-10
-3.37546e-07
4.72691e-07
-1.76711e-07
2.40623e-07
1.21788e-07
1.65901e-08
8.00138e-08
-3.23336e-07
4.45687e-07
-3.23336e-07
1.67612e-07
-1.05482e-07
4.54786e-07
4.30458e-07
8.92968e-08
-5.19755e-07
-3.47291e-07
3.86878e-07
-8.50015e-08
-6.66624e-08
6.66624e-08
4.15831e-07
-5.46769e-08
1.43508e-08
1.79425e-07
4.5716e-07
-3.84968e-08
-6.07449e-09
4.36532e-07
3.19795e-07
-4.84462e-07
4.96386e-07
1.42753e-07
-4.67724e-07
-4.84602e-07
-3.46642e-09
4.88069e-07
1.88415e-07
1.29478e-07
-3.68939e-07
-1.83561e-07
-8.50057e-09
4.23091e-07
3.90203e-07
3.5977e-07
-6.99341e-08
2.67731e-07
-2.67731e-07
8.3184e-08
1.43598e-07
6.14544e-07
-3.79799e-07
4.59813e-07
5.19237e-07
-5.75573e-07
5.63361e-08
-2.84284e-08
5.26126e-07
-4.87929e-07
5.13464e-07
-1.70784e-08
1.52933e-07
1.49262e-07
-3.02195e-07
4.76229e-07
-4.6348e-07
-1.27492e-08
-5.62638e-08
3.527e-08
-1.11856e-07
6.31093e-07
5.83094e-07
-7.29071e-07
1.45977e-07
2.65274e-08
-2.65274e-08
5.34039e-08
-2.2776e-07
2.2776e-07
-2.92834e-07
4.44824e-07
4.49684e-08
-4.89793e-07
5.17118e-08
-5.17118e-08
-4.60636e-07
-4.31254e-08
4.31254e-08
5.42132e-07
-5.04236e-07
-3.78965e-08
2.19588e-07
-2.19588e-07
-5.19634e-09
7.81987e-07
-9.63557e-07
1.8157e-07
4.82721e-07
3.69858e-07
7.14676e-08
-4.5477e-07
2.26874e-07
-3.27071e-07
8.00649e-07
-2.17555e-07
4.87835e-07
-6.49022e-07
-5.55287e-07
-1.73784e-07
-5.78016e-08
4.80893e-07
-9.45954e-08
5.13704e-07
2.97516e-07
2.66955e-07
4.39723e-07
4.64231e-08
-2.83039e-07
3.66223e-07
8.83533e-07
-1.01545e-07
-4.35749e-07
-9.9255e-08
5.15787e-07
-2.77183e-08
5.73196e-07
-5.94921e-08
5.10478e-07
1.56481e-08
-7.23206e-07
1.81349e-07
-6.97498e-07
5.1615e-07
2.83406e-07
-2.25294e-07
-5.81122e-08
1.82605e-07
6.18044e-07
-7.38375e-07
1.67971e-07
7.97654e-07
-1.44377e-07
-6.53276e-07
4.36451e-07
-4.49308e-08
-5.02703e-07
1.231e-07
-4.06139e-07
2.35128e-08
-1.77156e-07
-7.86401e-07
-2.08227e-07
2.08227e-07
-7.98671e-07
1.46793e-07
6.51878e-07
-6.64019e-07
1.08732e-07
6.20497e-07
4.30866e-07
5.58498e-09
-7.77227e-07
6.67915e-07
1.09312e-07
-1.19521e-07
2.64374e-07
-9.56536e-07
-5.37426e-07
-1.26593e-07
4.97307e-08
5.23465e-07
4.92916e-07
-3.11567e-07
-6.16066e-07
1.32782e-07
-6.82888e-07
5.50107e-07
5.60209e-07
8.9822e-08
-6.04844e-07
5.15022e-07
-3.01299e-07
8.50672e-07
-5.49373e-07
1.08451e-06
4.98708e-07
3.77334e-07
3.85964e-07
6.24568e-07
-1.01053e-06
-4.74717e-07
5.93908e-07
-6.75079e-07
8.11707e-08
6.13287e-07
2.32486e-07
3.98036e-08
-2.7229e-07
-6.30433e-07
-6.81766e-07
-2.31363e-07
9.13129e-07
-7.53752e-08
5.202e-07
8.96926e-08
-2.6317e-07
-1.31173e-07
1.31173e-07
-1.82814e-07
8.50728e-07
6.2575e-07
-7.90239e-08
-5.46726e-07
5.76523e-07
-4.53423e-07
5.26836e-07
3.33727e-08
-5.5167e-07
6.60402e-07
-8.64579e-07
-6.1576e-07
4.36424e-09
6.11396e-07
7.09794e-07
-8.16663e-07
2.00903e-07
8.76088e-08
-7.22677e-07
1.10864e-06
7.22608e-07
5.89184e-07
-1.31179e-06
-6.13781e-07
1.3805e-06
-7.66721e-07
-5.81378e-07
7.27355e-07
-1.33646e-06
-5.8893e-07
-1.11289e-07
7.00219e-07
5.28027e-07
-6.71254e-07
1.43227e-07
-6.02697e-07
5.10271e-08
-1.92095e-07
7.2669e-07
-5.51221e-07
8.29727e-07
-2.78506e-07
3.68201e-08
-5.68898e-07
1.29151e-06
1.84313e-07
3.08603e-07
-1.72387e-07
-7.58611e-08
6.37334e-07
-6.97855e-08
-5.67548e-07
5.81857e-07
2.47869e-07
8.56076e-07
-2.74218e-07
4.64672e-07
-9.48138e-08
4.32146e-07
7.50759e-07
6.57192e-07
-1.40795e-06
6.02331e-07
2.53745e-07
8.20174e-07
-2.17844e-07
-6.93387e-07
-2.36283e-07
9.2967e-07
7.09772e-07
-1.09459e-07
-6.00313e-07
-1.78309e-07
-6.32435e-07
8.10744e-07
4.91877e-07
-9.47138e-07
1.60738e-07
6.26047e-07
1.12867e-08
6.99698e-07
6.80804e-07
-6.75594e-07
-2.26996e-07
9.0259e-07
-8.53388e-07
1.06315e-06
-4.87685e-07
-5.75462e-07
1.67609e-07
-8.20886e-07
6.43127e-08
-5.57668e-07
4.93355e-07
-5.72073e-07
1.32283e-06
-6.49275e-07
6.07228e-07
4.20476e-08
7.35359e-07
1.33149e-06
-1.07933e-06
-2.52161e-07
-5.37568e-07
1.06537e-06
-5.27806e-07
-9.06957e-07
-6.74495e-07
7.97138e-07
-1.22644e-07
4.30712e-07
2.19741e-07
3.76821e-07
9.5467e-07
-1.28835e-06
3.38964e-07
9.49383e-07
5.93178e-07
4.90321e-07
-1.38509e-06
8.94772e-07
-3.13267e-07
8.16378e-07
-5.03111e-07
7.98026e-07
4.15238e-07
-1.21326e-06
1.31076e-06
-6.11061e-07
-1.10647e-06
-1.13345e-06
6.4576e-07
3.90663e-07
3.80957e-07
-7.71621e-07
6.49659e-07
4.15715e-07
-5.15137e-07
1.89815e-07
3.25323e-07
6.66307e-07
7.35296e-07
-1.20249e-06
1.23159e-07
7.27901e-07
5.63605e-07
6.21469e-07
3.50392e-07
-9.71861e-07
-8.90542e-07
2.16047e-07
8.19173e-07
-1.29443e-07
4.90757e-07
1.93877e-07
-6.84634e-07
1.04591e-06
-1.78196e-08
-1.02809e-06
4.4551e-07
-7.19729e-07
-7.13691e-08
-7.69213e-07
7.89358e-07
-2.01454e-08
-6.78332e-07
1.09357e-06
9.84257e-07
-3.62788e-07
5.26219e-07
-3.91516e-07
-1.34704e-07
-8.02537e-07
1.1415e-06
2.07628e-07
-8.56903e-07
-3.02277e-07
3.02277e-07
4.75588e-07
-4.75588e-07
2.36297e-07
-2.36297e-07
-2.5113e-08
4.27538e-08
3.03091e-08
-3.03091e-08
2.45869e-07
-2.45869e-07
1.86394e-07
-1.86394e-07
3.81229e-07
-2.44085e-07
2.44085e-07
4.11813e-07
-2.24396e-07
2.24396e-07
1.56669e-07
-1.56669e-07
-2.87628e-07
2.87628e-07
4.03739e-07
-4.03739e-07
-2.32479e-07
9.06509e-07
-6.74031e-07
7.27348e-08
-7.27348e-08
-1.12809e-07
1.12809e-07
-5.34041e-07
9.58711e-07
-4.2467e-07
9.89971e-07
-5.74257e-07
4.50216e-07
4.83872e-07
8.46972e-07
-1.80665e-07
-4.62331e-08
-1.15626e-06
-4.52641e-07
-8.18768e-07
9.61285e-07
4.0726e-08
-1.00201e-06
-5.94406e-08
-1.10405e-06
5.53011e-07
3.05027e-07
-1.72697e-07
-1.3233e-07
-6.68098e-07
5.38655e-07
-4.44956e-07
-8.66836e-07
8.42981e-07
-1.45404e-06
-1.60778e-07
-6.43868e-07
4.26024e-07
7.54422e-07
-1.52114e-06
-3.30154e-07
-1.84983e-07
-4.17788e-07
-6.86265e-07
-1.10121e-06
6.5625e-07
4.30906e-07
1.30628e-07
-5.8405e-07
-4.27287e-07
6.43335e-07
8.65913e-07
3.11639e-07
2.91033e-07
-1.69471e-07
-2.86869e-07
9.15051e-07
2.13613e-07
9.27889e-07
-4.25686e-07
1.26867e-06
-1.71057e-07
1.21697e-06
-1.19955e-06
6.81658e-07
5.1789e-07
1.14195e-06
-1.27838e-07
-1.01411e-06
6.14493e-07
-2.63616e-07
1.09194e-06
-8.2832e-07
-3.80694e-07
8.7145e-07
-5.19432e-07
5.96697e-07
-7.72643e-08
9.28124e-07
-1.38766e-07
1.11367e-07
-1.98357e-07
-6.75812e-07
2.84297e-07
-6.99619e-07
-8.22546e-07
-2.44983e-08
8.47044e-07
-8.4672e-07
5.78865e-07
-9.41653e-07
-9.03589e-07
4.78919e-07
-3.43748e-08
-9.32906e-07
1.2305e-06
-2.97598e-07
-1.75442e-07
6.59314e-07
-9.01002e-07
3.26746e-07
6.75918e-07
1.85321e-07
4.67892e-07
9.70896e-07
7.8817e-08
6.50946e-07
-7.29763e-07
-1.27241e-06
8.00286e-07
-6.50641e-07
6.91367e-07
9.53349e-07
7.11242e-07
3.52018e-07
-3.64593e-07
-8.34955e-07
1.60112e-07
6.90616e-07
1.17009e-06
-4.8843e-07
-7.91155e-08
-9.26507e-07
1.60319e-07
7.66188e-07
-4.70097e-07
-5.38249e-07
-5.78229e-07
8.89868e-07
4.91464e-07
-7.26555e-07
-3.24724e-07
-7.50814e-07
3.27237e-07
-7.60687e-07
4.33451e-07
-4.95181e-07
-2.12702e-07
8.18209e-07
8.06155e-07
-1.21352e-07
3.05665e-07
2.91464e-07
6.15046e-07
-7.12894e-07
-1.28703e-06
1.98885e-07
1.08814e-06
1.20537e-07
4.09774e-07
-9.57405e-07
-1.36619e-07
7.29797e-07
-2.41211e-07
1.0415e-06
6.50189e-07
2.92905e-07
-9.43095e-07
2.55639e-07
1.16153e-07
-6.43022e-07
5.26869e-07
6.78955e-07
-9.20166e-07
-8.81418e-07
-6.39725e-07
-3.94743e-07
1.34809e-06
2.7591e-08
4.40301e-07
8.12717e-07
-9.5998e-07
-1.96276e-07
8.36031e-07
7.19395e-07
-1.41901e-06
1.03977e-06
-5.84917e-07
3.36058e-07
7.30646e-07
7.32327e-07
-8.11442e-07
-5.93391e-07
1.04865e-06
-4.55255e-07
-5.52295e-07
5.91693e-07
-3.93984e-08
-2.09177e-07
-7.92833e-07
7.89449e-07
-1.15404e-06
-6.9322e-07
-3.17312e-07
8.99372e-08
1.32523e-07
-2.2246e-07
-4.46384e-07
8.06941e-07
-8.37642e-07
-4.98816e-07
-1.48772e-06
6.06298e-07
1.19433e-06
-6.76441e-07
6.97264e-07
1.16387e-06
-9.98055e-07
-1.65811e-07
7.38131e-07
-3.90497e-07
-3.16446e-07
-9.94823e-07
-4.92892e-07
-1.29242e-06
-1.16916e-06
-4.06506e-08
1.87424e-07
-1.46773e-07
-1.09354e-06
-2.29506e-07
8.44551e-07
-1.47737e-06
5.0114e-07
-5.19827e-07
-2.4086e-07
-2.22902e-07
-4.92521e-07
3.55902e-07
-5.96057e-07
1.92825e-07
4.03233e-07
-5.85334e-07
3.81613e-07
2.03722e-07
2.55812e-07
-2.90683e-07
1.26158e-06
-9.72069e-07
-5.05299e-07
-6.56e-07
9.46886e-07
-2.9594e-07
2.13389e-07
8.17305e-07
-1.03069e-06
8.66143e-08
-7.79529e-07
-6.78051e-08
4.88966e-07
-4.21161e-07
2.59611e-07
-7.144e-07
4.54789e-07
9.10357e-07
2.75442e-07
-1.54905e-07
8.92592e-08
-1.04666e-06
1.46496e-06
-2.46473e-07
2.5406e-07
6.87455e-07
-1.4936e-07
-5.89015e-07
-3.75916e-07
-5.56202e-07
9.32119e-07
-1.19204e-06
3.70193e-07
-5.76628e-07
2.06435e-07
-7.18446e-07
-1.82594e-07
5.92368e-07
-2.93114e-08
-6.03086e-08
8.962e-08
-7.44389e-07
-1.00428e-06
-4.29612e-08
3.84377e-08
4.52353e-09
2.11809e-07
-5.41963e-07
1.17376e-06
-3.84307e-07
1.31879e-06
-3.64124e-07
6.71843e-07
-1.1271e-06
4.87236e-07
4.5965e-07
1.83676e-07
-5.49133e-07
-9.38891e-08
-6.79255e-07
3.03338e-07
5.56223e-07
-8.73535e-07
4.62634e-07
3.44307e-07
4.97315e-07
-1.88166e-07
1.3151e-07
6.1061e-07
-7.4212e-07
2.65654e-07
9.78878e-09
6.47589e-07
-8.30183e-07
2.25271e-07
-1.35333e-07
1.71771e-07
-3.74397e-07
2.02626e-07
-6.13924e-07
-6.53212e-07
-8.36119e-08
-7.34203e-07
8.52142e-07
-1.17939e-07
-3.9251e-07
1.36186e-07
8.90849e-08
-5.83456e-07
5.20131e-07
6.3325e-08
-5.02591e-07
-5.43482e-07
5.04083e-07
-6.03212e-07
4.85272e-07
-2.38211e-07
-1.4904e-07
-4.34416e-07
5.29325e-07
9.45716e-07
-6.6497e-08
-3.78541e-07
-8.13495e-07
-1.12763e-06
6.39197e-07
-3.10322e-07
6.44604e-07
-4.56437e-07
-8.70441e-08
1.11573e-07
4.07467e-07
-8.76085e-08
5.8297e-08
-9.92465e-07
-1.02051e-06
2.09069e-07
3.92702e-07
-2.60179e-07
-1.08436e-08
2.64626e-07
3.88817e-07
-6.53443e-07
8.11276e-09
5.46203e-07
-5.54316e-07
1.24057e-06
-6.90258e-07
-2.18709e-08
-1.5449e-07
-4.22137e-07
-9.93265e-08
7.74556e-08
-4.84265e-07
-4.01036e-07
5.99984e-08
3.41038e-07
-6.68494e-07
-1.86208e-07
5.67821e-07
1.70351e-07
1.35314e-07
1.61777e-07
1.93982e-07
-3.55759e-07
-1.15093e-07
1.19616e-07
-1.79402e-07
-3.60877e-07
5.40279e-07
-3.00666e-08
-3.68863e-07
3.98929e-07
-2.47422e-07
-5.95015e-07
7.26526e-07
-2.39024e-07
4.00801e-07
-3.92923e-07
4.52787e-07
-3.41214e-07
2.5481e-07
-1.14528e-06
1.26345e-07
-2.73118e-07
-7.44056e-07
2.10625e-08
1.49288e-07
1.31706e-06
-4.22285e-07
-7.83431e-07
9.44169e-07
7.48024e-07
-2.14986e-08
2.66579e-07
7.99267e-07
-1.07901e-07
5.77659e-08
-1.25051e-07
1.22776e-06
-2.78374e-07
2.71057e-08
-3.68319e-07
-5.79202e-07
7.85637e-07
-8.09352e-07
9.90922e-07
4.55363e-07
-1.30041e-07
6.86229e-07
-4.82507e-07
-1.41528e-07
5.39193e-08
-1.52194e-07
1.06725e-06
-1.00949e-07
-1.42425e-07
4.30986e-08
-6.40721e-08
1.35054e-08
3.96993e-08
-1.40648e-07
5.65363e-07
-7.6397e-08
8.53587e-08
-3.23875e-07
2.38516e-07
-7.01623e-07
-1.34817e-07
8.36439e-07
-7.09419e-07
-2.83046e-07
3.05093e-07
4.98633e-07
1.88815e-09
-7.85319e-07
-2.46013e-07
2.28088e-08
1.60867e-07
1.6722e-07
-1.44092e-08
-6.88117e-07
6.67859e-07
-1.63691e-07
1.09158e-06
7.60462e-07
-1.49852e-07
-8.54176e-08
-2.77017e-07
3.7993e-08
2.58459e-07
-8.37661e-07
1.81929e-07
-1.07354e-06
8.18228e-07
3.86988e-08
1.03644e-07
-9.26127e-07
8.22483e-07
5.61757e-07
-7.11117e-07
1.06407e-06
2.52579e-07
-1.04996e-07
1.59609e-07
-5.46137e-08
-9.00548e-07
1.10962e-06
1.14234e-07
-1.32085e-07
1.78514e-08
6.75004e-07
-1.13246e-07
3.79325e-08
-2.81438e-08
6.88399e-07
-4.24669e-08
1.32087e-07
1.03868e-06
1.50438e-07
-1.92905e-07
-8.15084e-07
-7.46621e-07
-7.12058e-07
8.15702e-07
-1.31024e-07
6.20284e-07
-4.8926e-07
1.61827e-07
8.45141e-08
6.47074e-07
-1.00896e-07
-3.57709e-07
4.58605e-07
-5.05148e-07
5.69461e-07
-1.21314e-07
-1.80881e-07
8.20782e-07
1.70141e-07
-1.59496e-07
3.62123e-07
-4.49107e-08
-3.24986e-07
1.05346e-07
7.78187e-07
4.57463e-07
-4.88733e-07
2.15476e-07
-1.26391e-07
-1.64265e-07
-2.37318e-07
1.02716e-07
1.15178e-08
5.19462e-07
-3.04078e-07
6.94741e-07
3.33082e-07
-4.5263e-07
1.19548e-07
3.55589e-08
7.42628e-07
-3.9247e-09
1.51736e-08
-1.12489e-08
5.598e-08
-6.90228e-08
7.11121e-07
-3.22304e-07
-2.26745e-07
5.84651e-07
-3.57906e-07
1.97537e-07
-3.27578e-07
7.89229e-08
7.11388e-07
-4.84751e-08
-3.10491e-07
-1.45173e-07
-3.43667e-07
6.2771e-07
-5.92151e-07
-1.13787e-07
-5.9733e-07
5.83397e-07
-2.18473e-07
-3.64925e-07
3.30369e-07
-1.03495e-07
-4.74525e-07
5.12219e-07
-3.7694e-08
-4.67997e-07
7.01396e-07
-2.33399e-07
3.16205e-07
1.03418e-07
-1.48328e-07
-1.90587e-07
-6.12724e-07
-5.09969e-07
-9.48754e-08
-4.01864e-07
-1.7714e-07
-2.67384e-07
-8.81529e-07
-3.76025e-07
-3.66095e-07
1.11761e-06
7.11699e-07
-1.61593e-07
3.89297e-07
-5.42261e-07
-1.43998e-07
6.86259e-07
2.91138e-08
-4.37473e-08
1.46336e-08
-3.03067e-09
-5.64517e-07
5.61269e-07
2.76708e-08
1.03639e-06
1.85351e-07
2.9495e-07
1.08872e-07
1.72877e-07
4.54833e-07
2.76717e-08
-1.59757e-07
1.08243e-07
-1.67556e-07
5.93131e-08
-1.17647e-07
3.9247e-07
-5.59235e-09
-4.64423e-07
-1.36925e-07
4.80879e-07
-5.08598e-07
1.55262e-07
-4.15441e-07
-6.22642e-07
5.08855e-07
4.23893e-08
2.84614e-07
3.51811e-08
-6.39337e-07
5.95694e-07
4.36425e-08
-7.86283e-08
-5.57398e-07
6.32695e-07
-7.52976e-08
-3.43465e-08
2.44479e-07
-2.10133e-07
4.47456e-07
-2.55866e-07
3.62717e-07
6.39049e-08
-4.26622e-07
-3.50664e-07
-3.93391e-07
5.05959e-07
5.46695e-07
-3.44757e-08
2.47232e-08
-1.71425e-07
1.46702e-07
6.08249e-07
-3.98322e-07
-2.40249e-07
2.87486e-07
-2.87318e-07
3.14519e-08
4.15157e-07
-1.27671e-07
1.60976e-08
-6.49081e-07
5.35835e-07
-5.45431e-07
-7.72117e-08
-6.64175e-09
-3.60822e-07
1.20572e-07
3.77462e-07
-1.11846e-07
7.0754e-07
-1.01719e-07
-2.10722e-08
-4.31805e-07
-4.7213e-07
4.63629e-07
2.35555e-07
4.64666e-07
5.55337e-08
-6.57277e-07
1.1021e-07
6.32564e-08
2.2015e-07
-1.2956e-07
3.48466e-07
2.8996e-08
3.87441e-07
5.30126e-07
-6.54602e-08
3.06883e-07
8.05573e-08
-6.93596e-07
1.6104e-07
5.32556e-07
2.16992e-08
-5.68425e-07
9.57509e-10
-7.31396e-07
1.42381e-07
4.64535e-07
6.55908e-08
-4.42999e-07
2.46737e-08
4.18325e-07
-6.21186e-07
5.77868e-08
-1.06475e-07
4.86882e-08
-8.33388e-08
-5.39386e-08
-6.34222e-07
1.18558e-07
5.15665e-07
-1.40419e-07
-2.30137e-07
-2.59647e-07
5.36413e-07
-3.22816e-07
3.19884e-07
3.06367e-07
-3.94119e-08
2.37906e-08
5.32319e-09
2.93342e-07
-2.58832e-07
3.77036e-07
-2.29746e-07
3.73101e-08
1.92436e-07
-4.18948e-07
1.53648e-08
4.03583e-07
-4.02465e-08
-8.61449e-08
-2.36269e-07
5.2844e-07
-3.98055e-07
-5.51215e-07
-6.70489e-08
-5.43045e-07
-2.27866e-07
-1.87939e-09
-3.025e-07
4.28534e-08
-2.70493e-07
2.07356e-07
6.31371e-08
-3.89312e-07
4.3943e-07
-5.84603e-07
-1.43766e-07
7.31288e-07
-5.91479e-07
3.29476e-08
-1.56105e-07
2.23609e-07
2.47858e-07
-1.18875e-07
-1.18564e-09
3.18308e-07
4.54772e-07
-6.54756e-08
-5.23198e-07
7.66349e-07
-3.85392e-07
6.0047e-07
1.55283e-07
-7.00248e-07
5.44964e-07
-1.7957e-07
7.1252e-07
-5.3295e-07
4.42103e-07
1.94949e-07
4.5674e-08
4.63356e-07
-2.55527e-07
-4.69733e-08
-5.26052e-07
8.65452e-09
5.17398e-07
3.37803e-07
-2.18255e-07
8.20781e-08
2.24289e-07
-2.47002e-08
-6.59534e-07
7.03177e-07
6.09995e-07
-1.67892e-07
5.84234e-07
-6.78829e-07
-3.07497e-07
5.19704e-08
4.64876e-07
-3.30093e-08
2.87069e-07
1.05014e-07
1.47551e-07
1.82534e-07
2.63333e-07
9.94441e-08
2.36502e-07
6.24156e-08
-2.98918e-07
1.21246e-07
-6.72461e-07
1.41792e-07
-1.76139e-07
5.9047e-07
-6.24946e-07
6.75713e-07
-6.68875e-07
-6.83766e-09
1.34399e-07
9.30842e-08
-2.10106e-08
4.87295e-08
-2.77189e-08
-1.76775e-07
-1.12677e-07
-6.2016e-07
5.00639e-07
-6.28122e-08
7.74458e-08
4.31048e-07
-1.22445e-07
-6.40066e-07
5.40811e-07
7.00527e-07
-4.42877e-07
-2.76851e-07
-6.37222e-07
-2.23124e-08
-4.92077e-07
3.1837e-07
-2.3013e-07
-3.68802e-09
2.33818e-07
4.43363e-08
5.38386e-07
-7.17956e-07
-2.47658e-07
3.06971e-07
-1.39427e-07
-3.10971e-07
-6.83608e-07
-6.92311e-07
1.38018e-07
-7.25538e-07
-2.12031e-07
-6.75224e-07
3.10299e-07
4.29627e-07
-3.52363e-07
8.19911e-08
1.68796e-07
1.7467e-07
-2.20041e-08
8.50426e-08
4.43397e-07
-5.32635e-07
2.2998e-07
1.66378e-07
-1.71574e-07
7.79132e-07
4.33515e-08
-3.41348e-07
3.67509e-07
7.89803e-08
1.86453e-07
2.73475e-07
6.2948e-07
-1.13331e-07
-9.41135e-08
-5.28992e-10
8.98409e-07
-7.00896e-08
-9.9329e-08
-5.78397e-07
4.83522e-07
-7.66948e-08
-6.47258e-07
-2.20391e-07
1.24472e-07
-1.2816e-07
1.38546e-07
1.28121e-07
1.87121e-07
1.56345e-07
-2.68831e-07
-4.693e-07
3.81574e-07
9.57698e-07
5.64175e-08
-1.11687e-06
6.21689e-07
4.07657e-07
-7.93048e-07
5.65588e-07
-7.8598e-07
-9.2594e-08
-5.9455e-07
7.14208e-07
9.44088e-08
7.83912e-08
-3.34958e-08
8.12628e-07
-3.30884e-07
-3.28409e-07
4.20519e-07
-4.31846e-08
-5.18755e-07
7.01301e-07
-1.82547e-07
4.56237e-08
-1.66809e-08
-2.2746e-07
-3.80955e-07
1.64861e-07
-5.25738e-07
-6.45348e-07
5.74781e-07
-3.24324e-07
3.76294e-07
3.95819e-07
-1.27398e-07
-2.98084e-07
8.52439e-09
5.07035e-07
-7.02371e-07
6.42452e-07
-1.41312e-07
1.96729e-07
5.23955e-07
-4.9268e-07
-2.24545e-07
-2.15627e-07
1.84326e-08
-3.87295e-07
8.02439e-08
9.25561e-08
2.29308e-07
-4.70469e-07
5.89027e-07
-4.31098e-07
4.18349e-07
6.36847e-07
-4.71986e-07
-5.12332e-07
5.27697e-07
-3.52791e-08
3.41015e-07
-5.85168e-07
3.07342e-07
6.77222e-09
-1.95461e-08
-8.53234e-07
2.34695e-07
2.11172e-07
-1.1879e-07
6.02311e-07
1.14649e-08
-5.00198e-07
-3.29835e-07
3.98198e-07
1.49756e-07
3.83869e-07
4.05165e-07
-4.735e-07
1.99774e-07
-4.64004e-07
4.72659e-07
-5.15979e-07
1.58073e-07
2.2253e-07
2.80252e-08
3.55843e-07
-2.87021e-07
8.16213e-07
-4.90633e-07
3.37569e-07
-1.06921e-07
-5.03486e-07
6.99168e-08
6.99562e-07
1.18283e-07
4.46374e-07
1.79744e-08
-4.45572e-07
4.54301e-07
-1.30325e-07
7.2742e-08
-1.79663e-07
6.02847e-07
-8.9388e-07
1.80986e-07
-8.02248e-10
1.63433e-07
1.71246e-08
4.58303e-07
-6.57576e-07
4.36642e-08
1.32162e-08
1.05298e-07
-8.75161e-07
1.22299e-08
2.70226e-07
-3.77396e-08
1.70629e-07
-1.04664e-07
8.4237e-07
-4.00167e-07
3.89768e-08
1.58603e-07
-1.19012e-08
-4.94417e-07
5.25479e-07
5.77394e-07
7.09425e-08
-6.48337e-07
1.5438e-07
-8.63163e-08
-1.57642e-07
-8.33213e-08
-7.08796e-09
-5.11034e-09
-5.01988e-08
2.33033e-07
-9.4053e-08
1.37152e-07
5.03704e-07
-2.25721e-07
2.0338e-07
-2.014e-07
1.34903e-07
3.67352e-07
-4.91919e-08
3.96137e-08
2.64591e-07
1.83729e-07
2.00529e-07
1.96213e-08
1.497e-07
-1.49286e-07
3.08321e-07
-1.59035e-07
4.21724e-07
-9.34423e-09
1.04048e-06
4.75539e-07
-1.08973e-07
3.38577e-07
1.73252e-08
3.5391e-07
4.88461e-07
-9.82606e-07
-4.91615e-07
-6.00301e-07
4.55558e-07
6.71539e-07
4.21724e-07
3.47943e-08
-3.11283e-08
-2.20273e-07
-2.63573e-07
-1.51867e-07
3.01795e-07
-2.68847e-07
-1.82927e-07
-8.82996e-07
1.20784e-07
6.56102e-08
-3.47018e-08
1.07437e-07
1.43679e-07
-1.1337e-07
2.35208e-07
1.08896e-09
-2.09149e-07
2.45798e-07
1.28764e-07
-2.14557e-07
-2.35208e-07
2.09149e-07
2.14557e-07
2.95271e-08
-2.28762e-07
-5.88657e-08
-2.45798e-07
-1.28764e-07
1.20784e-07
-3.47018e-08
1.43679e-07
-2.28762e-07
-5.89063e-07
1.54647e-07
2.63963e-07
6.24308e-07
2.1422e-07
-1.62005e-07
1.62005e-07
2.63963e-07
-3.46768e-07
-2.20515e-07
2.01657e-07
4.1688e-07
-2.05707e-07
3.47561e-07
-7.85523e-08
1.93097e-07
-3.06159e-07
3.88269e-09
3.06159e-07
-1.85318e-08
-6.13604e-07
-3.90717e-07
1.1029e-07
-5.52864e-08
-9.48593e-08
6.72253e-07
-1.70742e-07
-2.36319e-08
-2.19706e-07
1.58781e-07
-8.06149e-07
-1.97493e-07
-4.60035e-07
1.9407e-07
3.91191e-07
2.28339e-08
-4.85407e-07
-6.20819e-09
-3.07714e-08
1.95598e-07
1.40713e-07
-3.35751e-08
2.51503e-08
3.45117e-07
-3.66025e-07
2.09077e-08
3.54987e-07
-9.03962e-08
5.3142e-08
-5.3142e-08
-1.73114e-07
-4.81124e-08
-4.45793e-07
4.99918e-08
2.21038e-07
-2.17155e-07
-1.13333e-07
4.5845e-07
4.69029e-07
-4.5288e-07
1.40948e-07
8.34587e-08
5.26448e-07
-3.32541e-08
2.90449e-07
-2.64437e-07
-1.25365e-07
-3.39469e-07
-7.54958e-08
-1.04167e-07
2.61359e-08
4.82622e-07
2.18038e-07
1.06271e-08
-8.61229e-08
-5.93954e-08
-2.90713e-07
-4.31856e-08
4.51896e-07
-3.58518e-07
3.92804e-08
-3.92804e-08
2.48028e-07
5.42487e-08
-2.48028e-07
4.00103e-08
-1.34828e-08
1.34828e-08
-5.21372e-07
-5.86634e-07
-4.61852e-08
-7.12606e-08
-8.48448e-08
-6.21353e-07
-3.78071e-08
1.62279e-07
6.44506e-08
4.41145e-08
-2.54935e-07
-4.77926e-07
1.06535e-07
-1.85087e-07
4.35658e-07
-2.32005e-07
2.95329e-07
-3.50635e-08
-1.40574e-07
4.59636e-07
-4.59636e-07
4.60539e-07
-1.81525e-07
1.07911e-07
-4.53897e-07
-3.09361e-07
3.03698e-08
2.78991e-07
1.30367e-07
6.10087e-08
-6.23296e-08
-1.26093e-07
-9.56606e-08
-8.50718e-08
2.68032e-08
-1.60366e-07
3.16064e-09
-1.31321e-07
-3.48788e-08
3.48788e-08
1.52109e-07
1.56212e-07
2.24545e-07
6.61603e-07
-2.39132e-07
-4.2247e-07
1.67283e-07
2.69878e-08
-2.42281e-08
-2.18038e-07
-1.3629e-08
2.42281e-08
-1.89458e-07
9.37586e-08
9.56989e-08
2.39287e-08
-5.33976e-09
2.4215e-07
4.81998e-08
-8.29448e-07
4.75243e-07
3.54205e-07
-3.35751e-08
-1.37364e-07
-1.59035e-07
1.37364e-07
1.14794e-07
5.53442e-08
-4.85719e-08
-3.7414e-08
-9.3433e-08
3.7414e-08
9.3433e-08
2.36456e-07
-2.36456e-07
-2.28521e-07
7.39125e-08
-3.25716e-07
-2.04196e-07
4.95279e-08
1.7151e-07
-1.58634e-07
-3.16954e-07
3.16954e-07
-4.00167e-07
-8.74051e-09
9.56606e-08
-1.10486e-07
7.26706e-09
1.81525e-07
1.87565e-08
-1.76591e-07
-2.77273e-08
1.39029e-07
4.54534e-07
7.42163e-08
-5.6891e-08
1.36214e-07
-8.30621e-07
-4.61852e-08
-1.15887e-07
7.00736e-08
-2.40522e-08
-4.10565e-07
-1.10902e-07
-2.41489e-08
2.00445e-07
-2.49879e-07
-3.95884e-08
4.04045e-07
-8.79015e-08
4.88726e-08
-2.80877e-07
4.02927e-07
1.15464e-07
-2.16723e-08
6.45652e-07
-1.19204e-07
8.56469e-08
8.06344e-08
4.05648e-07
1.57675e-07
1.17866e-08
-1.52109e-07
-6.74795e-08
4.88461e-07
-1.09327e-08
3.23787e-07
-1.08074e-07
-2.02066e-07
-7.39125e-08
-2.08932e-07
-4.42694e-07
5.97487e-07
4.87271e-07
1.44509e-07
1.91665e-07
3.86887e-07
2.98003e-07
-2.9356e-07
1.2093e-07
1.58061e-07
5.61379e-08
7.80119e-08
-1.82632e-08
-1.06609e-07
2.61256e-07
1.19544e-07
-1.39143e-07
2.25758e-07
1.01281e-07
-6.05197e-09
-2.71675e-07
-1.05349e-07
1.13363e-07
)
;

boundaryField
{
    back
    {
        type            empty;
        value           nonuniform List<scalar> 0();
    }
    front
    {
        type            empty;
        value           nonuniform List<scalar> 0();
    }
    top
    {
        type            calculated;
        value           nonuniform List<scalar> 
15
(
-4.71467e-07
-4.45867e-07
-3.43467e-07
-2.66667e-07
-3.43467e-07
-1.728e-07
-1.728e-07
-4.45867e-07
-4.71467e-07
-4.032e-07
-6.18667e-08
-6.18667e-08
-4.032e-07
-4.8e-07
-2.66667e-07
)
;
    }
    outer_arc
    {
        type            calculated;
        value           uniform 0;
    }
    bottom
    {
        type            calculated;
        value           nonuniform List<scalar> 
15
(
9.14829e-07
1.23158e-07
-2.52565e-07
-2.27483e-07
7.57086e-07
9.46425e-08
4.25481e-07
5.30592e-07
-9.04092e-08
2.95587e-07
-1.82931e-07
6.20002e-07
1.00072e-06
-4.07111e-08
8.42666e-07
)
;
    }
    inner_arc
    {
        type            calculated;
        value           uniform 0;
    }
}


// ************************************************************************* //
