/*--------------------------------*- C++ -*----------------------------------*\
  =========                 |
  \\      /  F ield         | OpenFOAM: The Open Source CFD Toolbox
   \\    /   O peration     | Website:  https://openfoam.org
    \\  /    A nd           | Version:  9
     \\/     M anipulation  |
\*---------------------------------------------------------------------------*/
FoamFile
{
    format      ascii;
    class       surfaceScalarField;
    location    "0.91";
    object      phi;
}
// * * * * * * * * * * * * * * * * * * * * * * * * * * * * * * * * * * * * * //

dimensions      [0 3 -1 0 0 0 0];

internalField   nonuniform List<scalar> 
2420
(
3.91687e-08
-1.41502e-07
1.02333e-07
8.12135e-08
-8.12135e-08
9.10594e-07
-8.51116e-07
-5.94774e-08
-1.0411e-06
1.0411e-06
-5.3469e-07
2.54995e-07
2.79695e-07
-6.64773e-09
-4.88293e-08
5.54771e-08
3.276e-07
5.82994e-07
-5.05513e-07
2.72731e-08
4.7824e-07
1.0344e-06
-1.10089e-06
6.6493e-08
-3.89752e-07
-1.44938e-07
-6.02216e-07
4.2155e-07
1.80666e-07
-1.54727e-07
-4.47489e-07
-5.05513e-07
-9.02577e-08
-6.69084e-08
1.57166e-07
4.44645e-08
-4.27805e-07
3.83341e-07
-3.06054e-08
4.30859e-08
-1.24805e-08
1.75938e-07
2.08701e-07
-3.84639e-07
1.97133e-07
-3.16101e-07
1.18968e-07
2.18651e-07
-2.34084e-07
1.54334e-08
-1.239e-07
3.36421e-08
-8.24255e-08
2.2412e-07
-1.41695e-07
2.78692e-08
-3.56266e-07
4.51634e-07
-9.53684e-08
-4.34438e-07
7.81721e-08
-1.57503e-07
1.96672e-07
4.15256e-08
1.34412e-07
-4.75767e-09
-2.58477e-08
-3.51781e-07
-7.26774e-07
1.07856e-06
-8.49977e-07
4.98196e-07
1.94271e-07
-9.11321e-08
-1.03139e-07
-6.97879e-07
-4.52495e-07
1.15037e-06
7.62505e-07
4.27924e-07
-1.19043e-06
-4.41977e-07
4.33098e-07
8.87819e-09
7.31009e-07
6.04791e-08
-7.91488e-07
-9.38623e-08
2.90995e-07
5.55605e-07
1.75404e-07
-7.48693e-08
6.82216e-08
4.1699e-08
3.95144e-08
-3.96389e-08
-4.02338e-07
6.25321e-09
-8.74667e-08
3.32674e-08
-1.15693e-07
3.90865e-07
1.00486e-07
-4.91351e-07
3.3061e-07
-3.70249e-07
2.24825e-07
-1.7877e-07
-4.60551e-08
8.18875e-08
-6.03037e-08
-2.15838e-08
-3.15764e-07
-7.2534e-07
6.19354e-07
4.2175e-07
8.74099e-08
-5.52239e-09
-1.65597e-07
3.49614e-07
-1.84017e-07
-4.98917e-08
3.80501e-07
9.41953e-08
-1.43025e-07
-8.86115e-08
-4.25065e-07
4.69529e-07
-7.25129e-07
-3.75764e-07
1.57977e-07
4.83703e-08
-2.06347e-07
3.93309e-08
5.9315e-08
-9.8646e-08
2.66761e-08
1.55664e-08
-4.22424e-08
4.51625e-07
-3.00756e-08
-6.20671e-07
1.02037e-06
-3.99701e-07
7.42924e-08
-3.49614e-08
2.34537e-07
-9.32416e-07
-1.97052e-07
1.52237e-07
4.48148e-08
1.52014e-07
-2.93516e-07
-6.47872e-07
6.75145e-07
-2.02709e-08
-1.77668e-07
1.97939e-07
-9.9829e-07
5.45795e-07
3.64951e-07
-7.03726e-07
3.38774e-07
-3.00511e-07
6.19468e-07
-3.18957e-07
1.22275e-07
-2.16137e-07
-4.35728e-08
1.51114e-07
-6.7069e-07
1.68557e-07
-2.50549e-07
8.19921e-08
-1.80616e-07
-2.47189e-07
-2.86309e-07
3.07384e-07
-2.10745e-08
-7.14218e-08
7.98585e-08
-8.43676e-09
-8.23607e-07
-2.63707e-08
-2.1084e-08
1.43359e-07
5.99435e-08
8.31553e-08
1.11116e-07
-1.74927e-07
1.54656e-07
-4.65893e-08
-2.48325e-08
2.51155e-07
-9.31778e-08
1.27501e-07
9.7324e-08
1.09459e-07
1.67393e-07
-2.76853e-07
-1.55172e-07
-7.02849e-08
2.25457e-07
3.4155e-08
-3.20464e-07
2.28708e-07
-6.0151e-08
-2.33108e-07
2.94863e-08
2.03622e-07
-1.57666e-07
3.69389e-08
1.20727e-07
-9.15445e-08
-6.61211e-08
4.91842e-07
-5.51319e-07
5.09408e-08
1.6771e-07
6.61044e-08
-2.31701e-07
2.99141e-08
-5.52016e-08
2.52876e-08
-5.96084e-08
-1.74476e-07
4.37935e-07
-7.29839e-08
-8.25214e-07
2.04543e-07
-5.6136e-07
9.89284e-07
-4.67695e-07
1.74483e-07
2.93212e-07
6.12734e-07
-1.20893e-07
2.86532e-07
-2.3749e-07
-4.90418e-08
1.85077e-07
1.64537e-07
2.69671e-08
2.59564e-07
1.65532e-07
-1.99571e-07
3.40393e-08
-1.06295e-07
-9.07567e-08
-7.77759e-07
1.5842e-07
6.1934e-07
1.3995e-08
-1.05127e-07
-1.92591e-07
-2.75104e-07
1.11874e-07
-5.25588e-08
-9.73327e-09
-3.31599e-07
3.41332e-07
1.86902e-07
-3.41629e-07
3.82656e-08
7.36083e-08
3.16939e-07
-2.0748e-07
7.44815e-07
-1.4417e-07
-6.00645e-07
-2.46716e-07
-6.46464e-07
-1.31295e-07
7.04608e-07
5.49197e-08
-2.88028e-07
1.49473e-07
1.60586e-08
-5.94718e-08
9.77374e-08
1.45536e-07
1.11518e-07
-2.57053e-07
2.97468e-07
-6.46889e-07
3.49422e-07
-7.33346e-07
-5.28085e-07
1.26143e-06
1.18653e-07
3.19283e-07
-6.0605e-07
1.51817e-07
4.54233e-07
-3.23408e-07
2.73516e-07
9.25055e-08
-6.25914e-08
3.58215e-08
7.26442e-09
1.74616e-07
-3.72328e-07
1.97712e-07
3.05614e-07
-2.56858e-07
-4.87553e-08
-3.40442e-07
3.30709e-07
-7.83086e-07
1.35214e-07
-3.83256e-07
-2.22795e-07
-4.91615e-08
4.91615e-08
9.51636e-08
8.79141e-08
-1.83078e-07
-2.81019e-07
-1.88242e-07
4.69261e-07
-4.25065e-07
1.55664e-08
-3.52947e-07
-3.50779e-07
7.42924e-08
-4.70001e-08
4.22424e-08
4.70001e-08
-2.28206e-08
-2.41795e-08
-1.07453e-07
-5.98035e-09
1.13433e-07
2.33437e-07
3.84639e-07
-6.18076e-07
5.98035e-09
1.39556e-07
-1.72426e-08
-1.13433e-07
1.30676e-07
-9.44333e-08
3.49614e-08
3.62423e-08
9.44333e-08
-1.30676e-07
-9.78944e-07
9.8623e-07
-7.28612e-09
9.78944e-07
-7.44407e-07
-9.8623e-07
6.18076e-07
3.68154e-07
-1.39556e-07
4.46939e-07
-4.46939e-07
7.44407e-07
2.25511e-07
-2.95796e-07
-2.71016e-08
-2.96306e-07
-9.89098e-08
-7.87581e-08
1.4002e-07
-2.98443e-07
1.58423e-07
9.83512e-08
-1.4796e-07
1.22778e-07
-8.40948e-08
-2.23911e-07
3.08006e-07
-8.59031e-07
1.33901e-07
-6.62667e-08
-2.32177e-07
-1.73719e-07
-3.72241e-07
-4.52973e-07
-1.10254e-06
5.15149e-07
-6.59319e-07
-1.18837e-07
-1.29221e-08
-8.16199e-09
5.35104e-07
-3.26403e-07
-3.8147e-07
1.77388e-08
3.63731e-07
6.85197e-08
-3.22773e-08
-8.06813e-07
1.09775e-07
6.97038e-07
-6.48393e-07
1.53755e-07
1.51858e-07
8.77762e-08
-1.00698e-07
1.03304e-07
2.68663e-07
-3.71967e-07
-1.0415e-07
-1.97495e-08
-6.1707e-08
-3.09161e-07
-7.23089e-08
4.49743e-08
4.92211e-08
-1.13021e-06
3.96861e-07
6.15537e-08
-5.64444e-09
-5.59092e-08
-4.3323e-07
8.5136e-08
3.48094e-07
-6.80614e-08
2.14722e-08
-3.29926e-07
1.59549e-07
9.38723e-08
-2.53421e-07
-3.3548e-07
2.63191e-08
-3.26495e-08
-2.76542e-08
-1.64463e-08
1.68684e-07
-1.36187e-07
3.35655e-08
1.02621e-07
-9.45485e-07
8.56873e-07
-4.60218e-07
5.86054e-08
4.01613e-07
-3.51665e-08
2.33625e-08
-3.75082e-07
-1.87344e-07
2.1683e-07
-2.552e-07
-8.02804e-08
-1.66116e-08
-8.43857e-07
8.60469e-07
-8.31182e-07
8.1457e-07
-3.50645e-08
2.42752e-08
1.07894e-08
7.2278e-08
1.51842e-07
-4.2503e-07
3.60872e-07
6.4158e-08
1.07206e-07
-7.36406e-08
-2.22373e-07
3.96989e-07
-2.17649e-07
2.78128e-07
1.21189e-06
-6.28252e-07
-5.83639e-07
-6.80935e-07
-2.6455e-07
1.01417e-07
6.66966e-07
1.32154e-08
-1.17366e-07
6.27774e-07
-9.80721e-07
6.22017e-08
4.93404e-07
-3.96907e-08
-4.44041e-08
-4.51147e-07
8.0801e-07
-3.56863e-07
-7.43395e-09
-2.47766e-07
1.93485e-08
8.70128e-08
3.3165e-07
1.01448e-07
-3.82209e-07
4.41164e-07
-5.89547e-08
-9.33794e-08
4.5035e-07
-4.82078e-07
3.17273e-08
-3.78586e-08
4.88209e-07
-1.01186e-07
-8.11992e-08
-2.41278e-07
3.22477e-07
-5.24532e-09
-7.59538e-08
-3.6369e-07
4.67793e-07
-1.04102e-07
2.98243e-07
2.75439e-07
-5.73682e-07
-5.28679e-07
8.26922e-07
2.00611e-08
1.23297e-07
4.33427e-07
-7.25555e-08
-4.22508e-07
5.88181e-08
-4.23472e-07
-2.69387e-09
1.099e-07
-4.61648e-07
4.2379e-07
3.9394e-07
7.33994e-07
-1.12793e-06
1.6375e-07
6.86506e-08
-7.09689e-09
1.17248e-06
-7.78536e-07
3.606e-08
1.31014e-08
-4.46816e-07
6.4607e-08
-1.47176e-07
8.70251e-08
1.1441e-06
-5.80177e-07
-5.63918e-07
-6.69082e-07
-1.89949e-07
-6.00358e-08
4.3373e-07
-1.95873e-07
1.71028e-08
1.04816e-07
-1.91077e-07
8.62603e-08
5.30956e-07
2.72979e-08
4.06129e-07
-1.0794e-06
1.32225e-07
3.533e-07
-4.85524e-07
-3.56369e-07
-9.04471e-08
2.20255e-07
-1.32479e-07
3.77915e-07
-2.76467e-07
3.1079e-07
-5.65031e-07
2.54241e-07
3.70051e-07
-1.01388e-07
4.76659e-07
1.15504e-08
5.4346e-07
7.61286e-08
2.86878e-08
6.97003e-07
-5.99557e-07
-9.74467e-08
3.17872e-07
6.00428e-08
1.79008e-07
-2.0611e-07
3.45243e-07
-4.38623e-07
2.45349e-07
-6.95254e-08
-1.75823e-07
4.69529e-07
1.76054e-07
-1.55993e-07
3.6001e-08
7.72214e-08
2.9283e-07
1.67044e-08
1.06593e-07
2.18311e-07
-4.22575e-08
5.05597e-07
6.38499e-07
1.0791e-07
-4.64278e-07
9.35429e-08
5.12534e-08
-1.44796e-07
8.24978e-07
-2.86578e-07
-5.384e-07
-1.16905e-07
1.84198e-07
-6.72931e-08
6.87456e-07
-6.01845e-07
-8.56112e-08
1.62495e-07
5.58164e-08
-2.20452e-07
-2.04612e-07
-3.01653e-07
8.1201e-08
-1.55234e-07
1.12977e-07
1.47574e-07
-4.49524e-08
4.6463e-07
-3.15982e-07
-1.48647e-07
3.8203e-07
1.35002e-07
-2.28875e-07
-2.86678e-08
5.33532e-08
2.54672e-07
-3.08025e-07
5.3295e-07
-5.15211e-07
-5.11851e-08
4.84912e-08
4.72883e-07
-4.65239e-08
-4.26359e-07
4.7824e-07
-5.98141e-07
1.31014e-08
4.33322e-07
-2.68163e-07
-1.65159e-07
-3.47989e-07
4.73995e-07
-1.26006e-07
-8.34987e-10
6.69394e-08
-8.34987e-10
-4.61697e-07
4.84962e-07
-2.3265e-08
4.94596e-07
-1.79371e-08
-4.00129e-07
4.78275e-07
-7.8146e-08
-4.25316e-07
3.6528e-07
-4.69722e-08
2.11356e-07
-1.64384e-07
5.05682e-07
-1.10867e-08
2.32121e-07
-2.35282e-07
3.16083e-09
-5.82621e-07
8.16059e-07
-4.47371e-07
7.58162e-07
9.6358e-08
-9.81573e-08
1.1189e-07
5.05253e-07
4.29241e-10
-3.42368e-07
4.74592e-07
-1.7844e-07
2.31794e-07
1.1664e-07
1.11857e-08
7.3866e-08
-5.20797e-07
7.2534e-07
-5.20797e-07
8.78994e-08
-1.03395e-07
4.56695e-07
3.75862e-07
-9.99813e-08
-2.7588e-07
-3.6411e-07
3.91408e-07
3.53875e-09
-6.72648e-08
6.72648e-08
4.22652e-07
-5.73723e-08
1.24054e-08
1.9895e-07
4.63982e-07
-4.01923e-08
1.69094e-07
2.06768e-07
3.14715e-07
-4.92112e-07
5.03662e-07
1.22305e-07
-4.68374e-07
-4.95086e-07
-2.68918e-09
4.97776e-07
1.79199e-07
1.38664e-07
-1.4391e-07
-2.04612e-07
-1.01242e-08
4.31751e-07
3.96446e-07
3.67043e-07
-7.42135e-08
2.98695e-07
-2.98695e-07
-1.26294e-09
2.55381e-08
4.14103e-07
-3.89328e-07
4.63194e-07
5.63692e-07
-5.73717e-07
1.00252e-08
-3.54635e-08
5.40717e-07
-4.94801e-07
5.22022e-07
-1.83595e-08
1.66708e-07
1.69867e-07
-3.36575e-07
4.84494e-07
-4.73126e-07
-1.13676e-08
-1.3032e-07
1.79205e-08
-8.33896e-08
6.47082e-07
6.05872e-07
-7.76968e-07
1.71097e-07
-1.23937e-08
1.23937e-08
3.34297e-08
-2.33054e-07
2.33054e-07
-2.44227e-07
4.67839e-07
4.32787e-08
-5.11117e-07
7.06032e-08
-7.06032e-08
-4.61884e-07
-8.44293e-08
8.44293e-08
5.55006e-07
-5.10935e-07
-4.40709e-08
1.98455e-07
-1.98455e-07
2.3244e-09
7.37373e-07
-7.21929e-07
-1.54447e-08
5.35671e-07
3.9732e-07
7.04729e-08
-4.63074e-07
2.38908e-07
-3.4301e-07
8.48467e-07
-2.42596e-07
5.21803e-07
-6.1925e-07
-5.66583e-07
-2.10385e-07
-5.45873e-08
4.86339e-07
-4.07673e-08
5.19542e-07
2.77777e-07
2.87937e-07
4.46045e-07
3.40957e-08
-1.41364e-07
1.40101e-07
5.94914e-07
1.42459e-07
-4.92272e-07
-2.29397e-08
5.25163e-07
-2.7387e-08
5.94823e-07
-7.52811e-08
5.18189e-07
2.25272e-08
-7.52472e-07
4.28891e-08
-6.95347e-07
6.52457e-07
3.13158e-07
-2.17231e-07
-9.59269e-08
1.88183e-07
6.60284e-07
-6.98342e-07
9.64971e-08
5.18169e-07
-7.85222e-09
-5.10317e-07
4.42964e-07
-3.68352e-08
-4.65953e-07
4.3161e-08
-1.84524e-07
4.1699e-08
1.29103e-08
-7.34839e-07
-1.72219e-07
1.72219e-07
-8.29797e-07
1.3203e-07
6.97767e-07
-7.07734e-07
1.41151e-07
5.3108e-07
4.47855e-07
-4.8906e-09
-7.89259e-07
7.1799e-07
7.12689e-08
-3.22229e-08
3.95206e-07
-9.23886e-07
-5.44448e-07
-1.63286e-07
6.5655e-08
5.29168e-07
5.33297e-07
-4.90408e-07
-6.41614e-07
4.52e-07
-7.61045e-07
3.09045e-07
5.83844e-07
1.17933e-07
-6.32745e-07
5.14812e-07
-2.91129e-07
8.61335e-07
-5.70206e-07
1.1292e-06
5.06803e-07
3.8246e-07
2.32987e-09
7.16061e-07
-7.18391e-07
-4.7806e-07
3.11866e-07
-8.29335e-07
5.17469e-07
6.47101e-07
2.01787e-07
6.09434e-08
-2.62731e-07
-6.57229e-07
-7.47373e-07
-1.71657e-07
9.19031e-07
-6.18634e-08
5.29702e-07
6.72224e-08
-5.64331e-08
-1.1537e-07
1.1537e-07
-1.38044e-07
8.56034e-07
6.54108e-07
-1.06633e-07
-5.47474e-07
3.34709e-07
-2.91548e-07
5.34482e-07
4.93627e-08
-5.6039e-07
7.01541e-07
-8.85417e-07
-7.66208e-07
4.26959e-07
3.39249e-07
4.31098e-07
-5.48805e-07
-2.17403e-07
-5.09761e-08
-7.9125e-07
7.9358e-07
8.67975e-07
4.93203e-07
-1.36118e-06
-1.89414e-07
1.0804e-06
-8.90983e-07
-5.94907e-07
7.66004e-07
-9.80664e-07
-5.99088e-07
-1.24391e-07
7.23479e-07
6.73555e-07
-8.05849e-07
1.32294e-07
-6.37135e-07
7.67453e-08
1.67256e-07
7.63866e-07
-5.82382e-07
8.74459e-07
-2.92077e-07
5.50195e-08
-4.99215e-07
1.36719e-06
5.04696e-08
4.82827e-07
-1.37516e-07
-1.02653e-07
6.40522e-07
-6.62497e-08
-5.74272e-07
6.32992e-07
2.41467e-07
8.66429e-07
-2.33437e-07
4.71742e-07
-7.44219e-08
3.26857e-07
6.9279e-07
5.34896e-07
-1.22769e-06
6.6388e-07
2.02548e-07
7.96174e-07
-1.32294e-07
-7.6843e-07
-1.55034e-07
9.23464e-07
9.08356e-07
-2.50028e-07
-6.58328e-07
2.56631e-07
-8.42272e-07
5.85642e-07
5.07021e-07
-8.21025e-07
8.61864e-08
6.8413e-07
-4.36075e-08
2.45921e-07
8.34476e-07
-7.44992e-07
-1.42828e-07
8.8782e-07
-5.72704e-07
8.51994e-07
-1.85922e-08
-8.33402e-07
7.16752e-08
-5.81992e-07
7.68746e-08
-5.68205e-07
4.9133e-07
-2.86224e-07
9.79014e-07
-8.19356e-07
3.28243e-07
4.91114e-07
7.55399e-07
1.05881e-06
-8.58518e-07
-2.00291e-07
-8.30193e-07
1.303e-06
-4.72805e-07
-9.16649e-07
-7.18307e-07
7.866e-07
-6.82927e-08
9.72175e-09
1.50601e-07
2.76529e-07
7.82281e-07
-1.17157e-06
1.40968e-07
1.0306e-06
6.53346e-07
3.32165e-07
-1.22746e-06
8.95295e-07
-3.70517e-07
8.57456e-07
-4.86939e-07
8.39406e-07
4.7599e-07
-1.3154e-06
1.12629e-06
-8.80372e-07
-1.32941e-06
-8.35883e-07
8.17291e-07
2.30005e-07
5.12844e-07
-7.42849e-07
6.4077e-07
6.62228e-07
-2.8068e-07
-2.89649e-08
3.09644e-07
7.32785e-07
2.92892e-07
-1.08632e-06
2.27802e-07
6.92564e-07
6.74626e-07
8.71214e-07
2.28695e-07
-1.09991e-06
-8.11045e-07
9.27372e-08
8.12053e-07
-2.66258e-07
2.12479e-07
2.07831e-07
-4.2031e-07
1.04731e-06
-1.41896e-07
-9.05415e-07
4.81271e-07
-7.14707e-07
1.00786e-09
-8.65624e-07
1.05233e-06
-1.86709e-07
-7.39376e-07
1.21537e-06
1.14848e-06
-2.77268e-07
7.12606e-07
-8.4925e-07
1.36644e-07
-9.32145e-07
1.07311e-06
-2.44586e-07
-5.7477e-07
-3.4192e-07
3.4192e-07
4.31944e-07
-4.31944e-07
1.99838e-07
-1.99838e-07
-8.74667e-08
6.69394e-08
-4.63609e-08
4.63609e-08
1.0516e-07
-1.0516e-07
2.81175e-07
-2.81175e-07
1.86183e-07
-2.71534e-07
2.71534e-07
6.19354e-07
-3.14583e-07
3.14583e-07
9.93872e-08
-9.93872e-08
-2.72691e-07
2.72691e-07
3.46023e-07
-3.46023e-07
-1.53673e-07
9.01406e-07
-7.47733e-07
-1.4171e-07
1.4171e-07
-2.03188e-07
2.03188e-07
-7.91287e-07
1.1513e-06
-3.60014e-07
1.22862e-06
-5.66391e-07
3.57196e-07
4.16084e-07
8.2518e-07
-9.23947e-08
-1.59847e-07
-9.26474e-07
-1.40687e-09
-7.34484e-07
8.31463e-07
-1.34366e-07
-6.97097e-07
4.27321e-08
-1.44238e-06
8.58737e-07
4.40011e-07
-1.37866e-07
-3.02145e-07
-6.91369e-07
4.25111e-07
-3.25478e-07
-1.0357e-06
4.92085e-07
-1.37246e-06
-3.66794e-07
-6.02e-07
4.69706e-07
4.16384e-07
-1.30737e-06
-2.50673e-07
-3.00063e-08
-5.17655e-07
-9.24721e-07
-1.29769e-06
9.72212e-07
6.78497e-07
7.27117e-08
-3.64259e-07
-5.09237e-07
6.01974e-07
9.01751e-07
4.89244e-07
2.8322e-07
-2.17918e-08
-5.05185e-07
6.71616e-07
-2.22039e-08
1.09532e-06
-7.79191e-07
1.27128e-06
-1.2059e-08
1.05937e-06
-1.2959e-06
1.23772e-06
5.81759e-08
1.16803e-06
4.15182e-08
-1.20955e-06
6.71507e-07
-1.48411e-07
8.2723e-07
-6.7882e-07
-3.31719e-07
5.44197e-07
-5.60065e-07
2.30445e-07
3.29619e-07
1.05944e-06
-7.10631e-09
-8.41255e-08
-1.20729e-07
-7.90308e-07
-5.89421e-08
-9.56073e-07
-9.82141e-07
-3.09374e-07
1.29151e-06
-6.59473e-07
7.09929e-07
-9.87197e-07
-9.83108e-07
6.23093e-07
-2.28206e-08
-1.11772e-06
1.56017e-06
-4.42451e-07
-2.78188e-07
6.94271e-07
-1.11001e-06
5.43618e-07
7.98131e-07
3.82747e-08
3.23786e-07
1.15597e-06
-2.14454e-08
7.33581e-07
-7.12135e-07
-1.43866e-06
1.10096e-06
-5.87386e-07
4.5302e-07
9.10959e-07
4.95512e-07
-1.58672e-08
-9.50584e-07
-3.45315e-07
8.80243e-08
7.6801e-07
1.26742e-06
-2.96933e-08
-5.59862e-07
-8.99977e-07
-1.30395e-07
1.03037e-06
-4.31513e-07
-1.04108e-06
-6.41383e-07
1.13063e-06
4.97466e-07
-8.69707e-07
-2.73179e-07
-1.06899e-06
2.94908e-07
-8.16417e-07
5.2151e-07
-7.81766e-07
-1.8765e-07
1.04108e-06
9.18001e-07
-3.13754e-07
3.64224e-07
2.18757e-07
6.82648e-07
-9.22181e-07
-1.34755e-06
3.40636e-07
1.00692e-06
1.10759e-07
4.24345e-07
-1.42709e-06
-3.92134e-08
6.9256e-07
-1.05041e-07
1.206e-06
7.6844e-07
1.95853e-07
-9.64293e-07
1.75731e-07
5.52574e-08
-6.17308e-07
5.6205e-07
9.04057e-07
-1.0091e-06
-9.84189e-07
-3.23178e-07
-2.57278e-07
1.16824e-06
-1.32717e-07
4.56503e-07
1.04251e-06
-1.01592e-06
8.94483e-08
8.86155e-07
5.79926e-07
-1.536e-06
6.56848e-07
-3.18073e-07
4.86488e-07
7.26765e-07
3.02764e-07
-8.62626e-07
-5.1951e-07
6.84926e-07
-1.65417e-07
-6.53516e-07
3.19335e-07
3.34181e-07
3.96576e-08
-7.36754e-07
3.31298e-07
-1.28188e-06
-6.97807e-07
-2.05846e-08
-4.13514e-08
1.01372e-07
-6.00204e-08
-1.37338e-07
4.56621e-07
-8.2535e-07
-1.55314e-07
-1.47767e-06
4.93485e-07
1.21579e-06
-1.15761e-06
8.79049e-07
1.11975e-06
-1.30523e-06
1.85482e-07
6.72826e-07
-3.83219e-07
-1.17302e-07
-1.0951e-06
-3.82575e-07
-1.53755e-06
-9.76264e-07
1.4024e-07
3.07042e-07
-4.47283e-07
-1.19691e-06
-1.80193e-07
8.62842e-07
-1.14853e-06
5.46572e-07
-5.89663e-07
-2.26754e-07
-1.30049e-07
-4.39126e-07
3.99913e-07
-7.46294e-07
6.24464e-07
1.2183e-07
-7.28862e-07
7.75768e-07
-4.69058e-08
-5.18284e-08
-1.37004e-07
1.29298e-06
-9.00872e-07
-2.47656e-07
-7.92173e-07
9.51359e-07
-2.17779e-07
7.37265e-07
3.40883e-07
-1.07815e-06
1.45321e-07
-7.4935e-07
1.4288e-07
2.31627e-07
-3.74507e-07
5.04787e-08
-4.76948e-07
4.26469e-07
9.18611e-07
2.82585e-07
-1.71826e-07
-2.55985e-07
-1.17111e-06
1.28345e-06
-2.87343e-07
2.90504e-07
7.88562e-07
-8.87477e-08
-6.09594e-07
-3.60203e-07
-6.61061e-07
1.02126e-06
-8.53121e-07
2.37169e-07
-3.46921e-07
1.09752e-07
-4.44506e-07
-2.08351e-07
6.32695e-07
1.09597e-07
3.08784e-10
-1.09906e-07
-4.8626e-07
-1.4529e-06
-2.85703e-07
1.57191e-07
1.28512e-07
8.0203e-08
-3.30876e-07
1.28301e-06
-9.51709e-07
9.69136e-07
-1.86855e-07
8.50867e-07
-1.01628e-06
3.68239e-07
5.8312e-07
1.26256e-07
-6.00165e-07
-1.71428e-08
-7.65186e-07
4.04983e-07
5.85758e-07
-6.06343e-07
4.96335e-07
-3.9714e-08
1.25397e-07
9.94985e-08
-5.96074e-08
8.29332e-07
-7.69725e-07
3.00936e-07
-1.83511e-08
6.55701e-07
-8.64052e-07
7.62943e-08
-1.17646e-07
9.3707e-08
-1.8723e-07
9.35229e-08
-5.55864e-07
-7.14101e-07
-1.45463e-07
-8.01022e-07
8.7884e-07
-7.78177e-08
-1.04398e-07
8.89279e-08
-1.26336e-08
-2.62492e-07
3.53759e-07
-9.12674e-08
-3.96745e-07
-2.67276e-07
6.01457e-07
-6.40581e-07
5.62764e-07
-9.8302e-08
3.99066e-08
-3.02399e-07
4.33754e-07
1.04003e-06
3.05798e-08
-1.31641e-07
-7.2148e-07
-1.20186e-06
1.17216e-06
-8.60973e-07
3.97504e-07
-4.97003e-07
2.29727e-07
4.97059e-07
-1.05464e-09
4.75458e-08
6.20511e-08
-6.87505e-07
-6.27174e-07
-2.35452e-07
1.99501e-07
-9.81287e-08
-7.88617e-09
7.2047e-07
1.09892e-07
-8.30363e-07
1.48983e-07
6.91528e-07
-8.40511e-07
9.29265e-07
-5.09281e-07
1.575e-07
-1.01198e-07
-2.45723e-07
1.51403e-08
1.4236e-07
-6.28274e-07
-6.64652e-07
1.68672e-07
4.9598e-07
-6.43042e-07
6.55998e-08
7.10168e-07
4.69361e-08
3.17288e-07
2.10691e-07
2.02422e-07
-4.13113e-07
-1.7357e-07
3.02081e-07
-2.44226e-07
-3.29428e-07
5.73653e-07
4.42234e-09
-3.69767e-07
3.65345e-07
-4.75714e-07
-5.84658e-07
5.25051e-07
-2.45941e-07
4.56632e-07
-5.15669e-07
5.52782e-07
-5.57232e-08
2.9305e-07
-1.20629e-06
-1.02713e-07
-3.4457e-07
-5.44752e-07
-1.86635e-07
2.33571e-07
9.73543e-07
-7.82481e-08
-8.77491e-07
9.63677e-07
6.11103e-07
-8.60523e-08
6.18382e-07
5.77744e-07
-1.24724e-07
1.01823e-07
-1.1432e-07
9.25432e-07
1.05171e-07
3.57176e-07
-4.12899e-07
-4.04723e-07
5.14474e-07
-8.66595e-07
8.5115e-07
1.83172e-07
1.26473e-07
8.45914e-07
-8.9282e-07
-8.14666e-08
1.29012e-07
-1.46307e-07
8.17924e-07
-1.20063e-07
-1.54614e-07
1.69754e-07
6.0893e-08
-1.30343e-07
2.69997e-08
-1.47063e-07
3.69525e-07
-1.37899e-07
4.33511e-08
-3.24535e-07
2.81184e-07
-8.37634e-07
-9.70827e-08
9.34717e-07
-5.69776e-07
-1.17729e-07
3.09671e-07
2.67707e-07
1.22064e-07
-9.99554e-07
1.26059e-08
-1.47467e-07
2.73724e-07
1.59712e-07
4.39094e-08
-9.67977e-07
8.423e-07
2.36364e-07
8.58954e-07
7.66412e-07
6.29204e-08
-9.65524e-08
-2.5909e-07
1.31492e-08
1.38999e-07
-5.43721e-07
8.7089e-08
-7.56631e-07
8.68234e-07
1.18884e-07
-1.3879e-07
-6.93737e-07
8.32528e-07
5.66596e-07
-6.55344e-07
1.1618e-06
2.03063e-07
-8.80055e-08
2.0544e-07
-1.17434e-07
-9.00766e-07
6.65314e-07
9.35032e-08
-1.39543e-07
4.60393e-08
6.24984e-07
-5.83881e-08
2.78863e-08
-4.62374e-08
8.45712e-07
-3.36573e-08
-7.62484e-08
1.07871e-06
-4.07083e-08
7.05099e-09
-6.17632e-07
-8.8067e-07
-7.96285e-07
6.57495e-07
-3.16692e-07
6.46434e-07
-3.29742e-07
1.7962e-07
8.16132e-08
4.31437e-07
-2.59456e-07
-2.62475e-07
5.2193e-07
-5.09955e-07
5.8683e-07
-1.28042e-07
-2.08533e-07
8.53469e-07
-2.31933e-09
-5.98242e-08
1.53347e-07
-9.13887e-11
-4.43473e-07
-1.59732e-07
7.54646e-07
2.44801e-07
-5.79167e-07
4.49105e-08
-5.7544e-08
-1.19095e-07
-2.32091e-07
1.19177e-07
-2.56735e-08
5.39373e-07
-4.46786e-07
6.76791e-07
1.36664e-07
-4.43791e-07
3.07127e-07
2.94601e-07
4.60045e-07
-1.87084e-08
3.74133e-08
-1.87049e-08
-1.49137e-08
-7.3525e-08
8.68269e-07
-7.58377e-07
-1.27041e-07
5.57176e-07
-4.30135e-07
2.09105e-07
-8.26324e-08
-4.12833e-07
8.20397e-07
2.21711e-07
-3.52661e-07
-1.11617e-07
-3.63321e-07
6.31136e-07
-3.36534e-07
-6.5775e-08
-5.89569e-07
6.02163e-07
-7.48891e-08
-5.27274e-07
3.23744e-07
-8.48366e-08
-5.75011e-07
5.39245e-07
3.57662e-08
-5.4975e-07
6.72999e-07
-1.23249e-07
1.99649e-07
1.60028e-07
-1.6012e-07
-1.12285e-07
-3.58007e-07
-5.11549e-07
-1.21197e-07
-2.13855e-07
-1.23341e-07
-2.27668e-07
-8.18077e-07
-6.8239e-07
-8.73351e-08
6.6588e-07
5.70272e-07
-2.61227e-07
4.09878e-07
-5.58263e-07
-8.44845e-08
6.42748e-07
1.71454e-07
-1.40924e-07
-3.05298e-08
-6.25071e-09
-5.68022e-07
9.3119e-07
5.40408e-07
6.21388e-07
-5.05192e-08
2.55354e-07
2.71512e-08
3.90609e-07
2.40527e-07
-1.31054e-10
-1.39411e-07
2.00883e-07
-2.9215e-07
9.12662e-08
-6.60494e-07
4.1651e-07
-2.51019e-08
-4.72697e-07
-7.8627e-09
4.94601e-07
-5.21988e-07
1.13206e-07
-2.11334e-07
-5.56495e-07
4.9072e-07
-1.08739e-09
2.99622e-07
1.50925e-08
-6.2891e-07
5.80769e-07
4.81411e-08
5.41884e-08
-5.88515e-07
6.10157e-07
-2.16421e-08
8.58204e-08
2.6268e-07
-3.485e-07
4.59041e-07
-2.53342e-07
3.45753e-07
6.60248e-08
-4.11778e-07
-8.14765e-08
-4.63275e-07
5.27272e-07
5.94349e-07
-5.51038e-08
3.27152e-08
-1.65451e-07
1.32736e-07
5.73557e-07
-3.9084e-07
-2.03292e-07
4.52383e-07
-2.61888e-07
8.5458e-09
4.45168e-07
7.21524e-09
2.37023e-07
-5.91206e-07
5.32818e-07
-5.13368e-07
-4.31278e-08
-1.87534e-08
-3.73193e-07
1.699e-07
4.80934e-07
-8.46025e-08
6.65372e-07
-1.59522e-07
-2.35555e-08
-4.80703e-07
-4.88833e-07
4.78709e-07
2.49322e-07
4.77848e-07
5.18546e-08
-5.9797e-07
7.58029e-08
9.06519e-08
2.22507e-07
-7.9877e-08
3.85274e-07
9.56604e-08
3.78468e-07
5.31742e-07
-5.38948e-08
2.76466e-07
1.02002e-07
-6.74119e-07
1.01605e-07
5.72515e-07
4.84862e-08
-5.95961e-07
-4.58331e-08
-7.04861e-07
9.52666e-08
4.6277e-07
6.89722e-08
-4.70437e-07
2.97926e-08
4.40644e-07
-6.29058e-07
1.90709e-08
-6.58937e-08
4.68228e-08
-9.54293e-08
-9.67265e-08
-7.6349e-07
2.11378e-07
5.52112e-07
-1.40137e-07
-2.3183e-07
-2.62019e-07
5.46455e-07
-3.31857e-07
3.17543e-07
3.35235e-07
-4.72977e-08
7.86615e-08
9.27928e-08
2.68393e-07
-1.98602e-07
3.83679e-07
-1.99083e-07
1.85675e-08
1.80516e-07
-3.88356e-07
-1.03284e-08
3.98685e-07
-1.07146e-07
4.96021e-08
-2.47415e-07
5.28795e-07
-4.11619e-07
-5.78853e-07
-8.83923e-08
-5.54026e-07
-2.31166e-07
3.2083e-08
-2.95191e-07
3.31721e-08
-2.65959e-07
2.25735e-07
4.02238e-08
-3.9321e-07
4.83196e-07
-5.94813e-07
-2.13488e-07
7.67552e-07
-6.3365e-07
6.87582e-08
-1.45225e-07
2.24091e-07
2.47375e-07
-5.29578e-08
1.1642e-08
1.06997e-07
4.47105e-07
-3.72269e-08
-5.20771e-07
7.26847e-07
-2.14002e-07
5.84801e-07
6.91249e-08
-6.69276e-07
6.00151e-07
-8.27238e-08
6.86321e-07
-6.03597e-07
4.94354e-07
2.02748e-07
2.90452e-08
4.9892e-07
-2.61145e-07
-3.4046e-08
-5.47953e-07
2.87376e-08
5.19215e-07
3.41285e-07
-3.41581e-08
8.67597e-08
2.48475e-07
-2.66518e-08
-6.51625e-07
6.99767e-07
5.81989e-07
-8.76355e-08
6.42697e-07
-6.83464e-07
-3.13966e-07
5.28212e-08
5.23035e-07
-6.19417e-08
3.52445e-07
1.22628e-07
2.06178e-07
1.8134e-07
2.64527e-07
-6.47959e-08
2.41688e-07
6.86544e-08
-3.10342e-07
9.58938e-08
-6.74747e-07
2.42221e-07
-1.564e-07
6.04038e-07
-6.59142e-07
7.09049e-07
-4.86282e-07
-2.22767e-07
1.93473e-07
1.00413e-07
-1.50648e-08
4.47326e-08
-2.96678e-08
-2.7543e-07
6.04293e-08
-5.9216e-07
5.59937e-07
-1.69512e-07
1.38983e-07
4.12106e-07
7.07215e-08
-6.2318e-07
6.00241e-07
6.69012e-07
-4.66085e-07
-2.48622e-07
-6.64679e-07
1.30534e-08
-4.99233e-07
4.72535e-07
-2.17841e-07
-3.88062e-08
2.56647e-07
4.72229e-08
6.18937e-07
-7.01661e-07
-3.05147e-07
3.96414e-07
-6.32436e-08
-2.83848e-07
-7.33949e-07
-7.42967e-07
8.32232e-08
-7.31616e-07
-2.68224e-07
-6.81364e-07
1.54091e-07
1.31877e-07
-4.61496e-07
7.07088e-08
1.68857e-07
1.7461e-07
5.4226e-08
1.02854e-07
4.25941e-07
-5.81376e-07
3.60752e-07
2.24839e-07
-2.22515e-07
5.23401e-07
3.09127e-07
-2.76626e-07
3.78326e-07
7.27083e-08
3.79307e-07
3.5834e-07
5.50292e-07
1.02165e-07
-9.98057e-08
1.7933e-08
6.85027e-07
-6.20693e-09
-1.36447e-07
-5.94184e-07
4.72988e-07
-2.21196e-07
-6.46088e-07
-4.40837e-07
9.68769e-08
-1.35683e-07
1.38811e-07
1.27856e-07
1.88046e-07
1.5542e-07
-1.17179e-07
-5.55647e-07
7.09915e-07
9.85766e-07
2.23785e-07
-1.00281e-06
2.21041e-07
5.4757e-07
-7.61572e-07
3.28334e-07
-7.69172e-07
-1.49807e-07
-5.44814e-07
6.96509e-07
9.43731e-08
7.84269e-08
-2.73378e-07
7.9678e-07
-3.58508e-07
-3.56958e-07
4.29707e-07
-4.7247e-08
-5.19891e-07
7.48785e-07
-2.28894e-07
4.15256e-08
1.47019e-07
-4.33238e-07
-3.75207e-07
2.1623e-07
-5.45657e-07
-6.83177e-07
6.33265e-07
-3.31079e-07
3.839e-07
4.03055e-07
-1.20449e-07
-3.00212e-07
3.94157e-08
6.21014e-07
-7.5966e-07
6.74243e-07
-1.27672e-07
1.85938e-07
5.27943e-07
-4.9859e-07
-2.58203e-07
-2.4731e-07
-1.01079e-09
-3.68757e-07
8.03287e-08
9.24713e-08
2.89806e-07
-4.90558e-07
7.01936e-07
-4.39325e-07
4.27957e-07
6.73038e-07
-4.56808e-07
-5.23331e-07
5.13002e-07
-3.62693e-08
3.47631e-07
-3.63542e-07
3.07668e-07
-7.79457e-08
1.5229e-08
-1.02856e-06
2.34325e-07
2.11541e-07
-1.52185e-07
6.25173e-07
-1.80921e-07
-3.98246e-07
-2.91614e-07
4.12101e-07
1.51892e-07
3.80803e-07
3.75757e-07
-4.96809e-07
3.23328e-07
-4.55969e-07
4.84706e-07
-5.22976e-07
9.28413e-08
2.22229e-07
2.05917e-08
3.60211e-07
-3.95242e-07
1.09985e-06
-4.74844e-07
4.76451e-07
-1.20503e-07
-4.72533e-07
9.81242e-08
7.54554e-07
1.19089e-07
4.48549e-07
-9.86178e-09
-4.56979e-07
4.44144e-07
-1.68365e-07
4.93996e-08
-1.69903e-07
7.35385e-07
-1.01861e-06
9.64241e-08
8.43065e-09
1.62608e-07
1.64e-08
4.58417e-07
-9.74252e-07
7.77942e-08
2.36227e-08
1.66494e-07
-7.00747e-07
-4.2946e-07
2.41741e-07
-3.99541e-08
1.87277e-07
-8.23254e-08
9.60709e-07
-4.62512e-07
2.45847e-08
1.79052e-07
-4.6316e-08
-5.50604e-07
5.78473e-07
6.43772e-07
2.94352e-07
-9.38124e-07
2.29522e-07
-1.10554e-07
-1.57763e-07
-1.15724e-07
9.77104e-09
-7.06637e-09
6.7481e-08
2.18292e-07
5.59357e-08
1.13819e-07
4.56969e-07
-2.01974e-07
1.7595e-07
-1.26504e-07
1.57083e-07
3.21669e-07
-4.19735e-08
1.34315e-08
2.88436e-07
1.63198e-07
-1.54061e-08
8.39258e-08
1.49905e-07
-1.33427e-07
2.63673e-07
-1.30246e-07
4.88883e-07
-1.06428e-08
1.02464e-06
5.27952e-07
3.29626e-07
3.10658e-07
8.92541e-08
4.03991e-07
5.56717e-07
-1.18858e-06
-4.97262e-07
-5.87463e-07
7.06562e-07
3.09722e-07
4.88883e-07
5.89479e-09
-9.44579e-08
-2.20998e-07
-6.00402e-08
-1.51294e-07
2.89228e-07
-2.20469e-07
-1.82202e-07
-8.73751e-07
2.53012e-07
2.81629e-08
-2.06957e-07
6.52472e-08
8.55571e-08
-1.31918e-07
2.26719e-07
-2.68806e-08
-1.54864e-07
-4.27998e-08
2.33263e-07
-2.65741e-07
-2.26719e-07
1.54864e-07
2.65741e-07
5.79252e-09
-1.8789e-07
-8.48012e-08
4.27998e-08
-2.33263e-07
2.53012e-07
-2.06957e-07
8.55571e-08
-1.8789e-07
-2.6542e-07
-3.69786e-08
2.73039e-07
5.62911e-07
2.15551e-07
-1.54882e-07
1.54882e-07
2.73039e-07
-3.47617e-07
-2.2333e-07
2.03991e-07
4.17023e-07
-2.05482e-07
3.74396e-07
8.53432e-08
-1.17349e-08
-3.13091e-07
-2.88295e-08
3.13091e-07
-4.03996e-08
-6.76557e-07
-4.25981e-07
1.04035e-07
-4.44215e-08
-2.27345e-07
8.71116e-07
-2.33047e-07
8.63833e-10
-2.88891e-07
1.29258e-07
-8.66506e-07
-1.97718e-07
-4.60475e-07
1.92313e-07
4.04547e-07
3.90882e-08
-4.66244e-07
-3.10179e-08
6.07733e-08
1.9465e-07
1.39867e-07
-3.36227e-08
1.00543e-07
3.61424e-07
-3.76349e-07
1.49245e-08
3.73182e-07
-8.4746e-08
5.33722e-08
-5.33722e-08
-1.69468e-07
-5.7322e-08
-4.52812e-07
2.52391e-08
2.44321e-07
-2.73151e-07
-1.06143e-07
4.67568e-07
4.3745e-07
-4.53871e-07
1.37889e-07
6.72129e-08
5.85086e-07
-5.33037e-08
2.97543e-07
-2.65826e-07
-4.54024e-08
-3.57573e-07
-9.53792e-08
-7.45238e-08
1.58702e-07
4.89656e-07
3.54302e-07
-3.87663e-08
-5.66129e-08
-5.52016e-08
-2.93891e-07
-4.04923e-08
4.94726e-07
-3.29896e-07
6.50808e-08
-6.50808e-08
3.13719e-07
2.8201e-08
-3.13719e-07
4.72031e-08
-5.95968e-08
5.95968e-08
-5.38113e-07
-6.799e-07
-1.11022e-07
-1.30907e-08
-1.32134e-07
-7.02176e-07
-7.35738e-08
1.70451e-07
1.89317e-08
5.7013e-08
-2.85893e-07
-5.37714e-07
1.12279e-07
-2.69354e-08
2.1985e-07
-1.92843e-07
1.01576e-07
-3.51665e-08
-1.40886e-07
4.84454e-07
-4.84454e-07
4.40774e-07
-1.54202e-07
1.12566e-07
-4.22021e-07
-3.49093e-07
4.27129e-08
3.06381e-07
1.50387e-07
5.27226e-08
1.5499e-08
-1.25781e-07
-4.66646e-08
-1.00618e-07
2.67002e-08
-1.67355e-07
-2.00655e-08
-1.15618e-07
-3.49018e-08
3.49018e-08
1.31214e-07
1.32459e-07
2.58203e-07
5.05438e-07
-2.4058e-07
-2.64858e-07
1.54659e-07
2.69649e-08
-3.46021e-08
-3.54302e-07
6.99213e-09
3.46021e-08
-1.92435e-07
7.63283e-08
1.16107e-07
-4.32045e-08
-2.78975e-08
2.3163e-07
2.52876e-08
-9.31943e-07
5.36431e-07
3.95512e-07
-3.36227e-08
-1.48308e-07
-1.30246e-07
1.48308e-07
9.68033e-08
4.74996e-08
-1.25445e-07
-3.90418e-08
-7.5416e-08
3.90418e-08
7.5416e-08
1.91364e-07
-1.91364e-07
-2.38622e-07
1.27239e-07
-3.12808e-07
-1.78543e-07
1.33346e-08
2.30987e-07
-3.99347e-08
-3.92009e-07
3.92009e-07
-4.62512e-07
3.06857e-08
4.66646e-08
-1.12539e-07
1.20632e-08
1.54202e-07
7.4108e-08
-1.46624e-07
-1.62167e-08
1.39558e-07
4.22126e-07
1.1279e-07
-2.35357e-08
8.23313e-08
-6.59006e-07
-1.11022e-07
-1.06269e-07
6.8168e-08
-2.38989e-08
-5.16374e-07
-1.09946e-07
-1.63948e-08
2.37055e-07
-2.76875e-07
-6.47541e-08
4.04394e-07
-8.26569e-08
-5.53959e-08
-1.37447e-07
3.55935e-07
1.13326e-07
-3.76812e-08
7.11874e-07
-1.26788e-07
8.65724e-08
7.05937e-08
5.83476e-07
1.80003e-07
6.84163e-08
-1.31214e-07
-6.72416e-08
5.56717e-07
7.22788e-09
5.49712e-07
-1.68695e-07
-8.38132e-08
-1.27239e-07
-4.37965e-07
-4.42538e-07
4.31008e-07
5.48357e-07
1.17637e-07
2.63191e-07
3.86934e-07
3.00733e-07
-2.91855e-07
1.40392e-07
1.65988e-07
1.62571e-07
1.33548e-07
-1.84704e-08
-9.05003e-08
5.35217e-08
1.19436e-07
-1.39603e-07
2.59188e-07
1.00966e-07
2.97039e-08
-2.45785e-07
-1.52637e-07
1.1183e-07
)
;

boundaryField
{
    back
    {
        type            empty;
        value           nonuniform List<scalar> 0();
    }
    front
    {
        type            empty;
        value           nonuniform List<scalar> 0();
    }
    top
    {
        type            calculated;
        value           nonuniform List<scalar> 
15
(
-4.71467e-07
-4.45867e-07
-3.43467e-07
-2.66667e-07
-3.43467e-07
-1.728e-07
-1.728e-07
-4.45867e-07
-4.71467e-07
-4.032e-07
-6.18667e-08
-6.18667e-08
-4.032e-07
-4.8e-07
-2.66667e-07
)
;
    }
    outer_arc
    {
        type            calculated;
        value           uniform 0;
    }
    bottom
    {
        type            calculated;
        value           nonuniform List<scalar> 
15
(
1.00653e-06
7.64667e-08
-3.28805e-07
-2.93886e-07
8.0946e-07
8.18727e-08
4.20661e-07
5.21846e-07
-1.05953e-07
2.5821e-07
-2.56584e-07
6.51809e-07
1.1149e-06
-9.80949e-08
9.52229e-07
)
;
    }
    inner_arc
    {
        type            calculated;
        value           uniform 0;
    }
}


// ************************************************************************* //
