/*--------------------------------*- C++ -*----------------------------------*\
  =========                 |
  \\      /  F ield         | OpenFOAM: The Open Source CFD Toolbox
   \\    /   O peration     | Website:  https://openfoam.org
    \\  /    A nd           | Version:  9
     \\/     M anipulation  |
\*---------------------------------------------------------------------------*/
FoamFile
{
    format      ascii;
    class       volVectorField;
    location    "0.91";
    object      U;
}
// * * * * * * * * * * * * * * * * * * * * * * * * * * * * * * * * * * * * * //

dimensions      [0 1 -1 0 0 0 0];

internalField   nonuniform List<vector> 
1655
(
(-0.00707198 -0.0225353 -3.64845e-18)
(-0.0020507 0.00690789 2.40551e-17)
(-0.0461498 0.130731 1.94292e-17)
(0.108491 -0.0313146 -1.15532e-17)
(0.0443078 0.0564871 0)
(0.0056053 -0.0101624 7.34106e-18)
(-0.0813564 0.105589 0)
(0.0289569 0.0993615 -1.30096e-17)
(0.0643011 0.14947 0)
(0.0456215 0.0526901 -6.35226e-18)
(0.0636426 -0.0649537 2.90359e-17)
(0.0551876 -0.0680462 -2.86066e-17)
(0.0187539 0.05738 -4.30637e-22)
(0.00338323 -0.0272411 -1.51277e-17)
(-0.00416088 0.0783165 1.49398e-17)
(0.00599571 -0.00665418 0)
(-0.0495937 -0.00567159 2.61219e-17)
(0.00593359 -0.0546873 7.81468e-18)
(-0.0365383 -0.015762 -2.91988e-17)
(0.00154903 -0.0215487 -8.40156e-18)
(0.0030491 -0.033724 3.41937e-18)
(0.0618754 0.166683 0)
(0.0390454 0.0711281 -1.57006e-17)
(0.0328044 0.0634938 7.29022e-18)
(0.00785746 -0.0497667 -4.58595e-18)
(-0.0315777 -0.00667663 -3.10443e-17)
(0.000608287 -0.00264089 -1.35515e-17)
(0.0491468 0.155623 -1.56471e-17)
(0.0409486 0.150269 2.11327e-17)
(0.0021749 -0.0282215 -1.51192e-17)
(-0.153327 0.0555415 3.75416e-17)
(0.00407256 0.183021 -3.99088e-18)
(0.0079147 -0.0717428 -5.55435e-18)
(0.0661517 0.0934545 0)
(0.00174104 -0.0481396 0)
(0.0864471 0.0753031 0)
(0.0203515 -0.00838478 -1.97534e-17)
(-0.00441271 0.0129905 0)
(0.00601653 -0.069658 -7.601e-18)
(-0.00949726 0.014429 -2.59679e-17)
(-0.00109537 -0.0195463 1.46714e-17)
(0.0387038 0.0663083 1.26791e-17)
(0.00578912 -0.0628298 -7.947e-18)
(-0.0372571 -0.00240506 2.31237e-17)
(-0.00863372 0.00668015 0)
(0.149758 -0.0456428 0)
(0.164317 -0.0320562 3.59224e-17)
(-0.0100625 0.010059 0)
(0.0468475 0.0247715 1.41517e-17)
(0.00600342 -0.0596475 1.9351e-18)
(0.0122353 -0.0129395 2.17965e-17)
(-0.0343653 0.153383 -1.44486e-17)
(0.0136668 0.101887 -1.59795e-17)
(0.0631504 0.147239 1.40002e-17)
(0.03482 0.0259786 -1.82184e-17)
(-0.0123594 -0.00652357 0)
(-0.00530246 0.00421594 -7.10684e-18)
(0.0581825 -0.0534975 0)
(0.136797 -0.0716946 0)
(-0.00183154 0.00511522 1.54311e-17)
(-0.150584 0.0558514 -3.75483e-17)
(-0.0252954 -0.0229325 0)
(-0.00774512 -0.0353033 0)
(0.0390235 0.112164 -3.59887e-18)
(-0.0112894 0.0295113 0)
(-0.122347 0.0783723 0)
(0.0907528 0.0226431 3.36147e-17)
(0.0861222 -0.0643492 -1.66314e-17)
(-0.000937142 -0.0394968 0)
(0.034316 0.0592106 -1.45065e-17)
(0.0723601 -0.0522976 1.85061e-17)
(-0.0960399 0.0946914 -8.80974e-19)
(0.00580599 -0.0434514 -9.40381e-19)
(-0.0156202 0.0635451 1.37037e-17)
(-0.0276681 0.0478152 -1.74883e-17)
(0.00788436 0.00775914 8.24728e-18)
(0.0359433 0.135384 -4.79463e-18)
(-0.00153806 -0.0236712 0)
(-0.000826949 -0.00863061 0)
(0.00215161 -0.0294478 0)
(-0.0041879 0.0357303 1.86342e-17)
(0.000391423 0.0126682 -8.38789e-18)
(0.0326876 0.0198775 1.86081e-17)
(-0.0309755 0.00416743 9.32645e-18)
(0.00556608 -0.0462846 0)
(-0.0427082 0.0146023 0)
(-0.0284768 0.0640757 -1.05808e-17)
(0.00369386 -0.0377672 0)
(-0.0146441 0.0390388 -7.28801e-18)
(-0.0209112 -0.00492994 0)
(-0.0257063 -0.000532614 0)
(-0.0309466 0.133102 9.16259e-18)
(-0.0310925 -0.0107818 1.78726e-17)
(0.0308933 0.0139893 0)
(0.00442077 -0.00829407 0)
(-0.0297197 -0.013977 2.97477e-17)
(0.076514 0.0139824 -2.85637e-17)
(0.122328 -0.0624141 0)
(0.017039 0.176869 -8.55584e-18)
(0.00992494 -0.0793107 1.8343e-17)
(-0.0324638 0.108895 -5.75434e-17)
(0.0343839 0.0278913 -1.88703e-17)
(0.0424051 0.028609 -1.84718e-17)
(0.0193099 0.0386545 1.97901e-17)
(0.0181791 -0.0298868 0)
(-0.01428 -0.0212946 -1.14327e-18)
(0.0595987 0.117914 -1.59056e-17)
(0.000733766 -0.0207581 0)
(0.00689341 -0.07892 0)
(-0.013138 -0.0127169 -1.63128e-17)
(0.00384239 -0.0794542 1.27874e-17)
(0.0327135 -0.0456594 1.48085e-17)
(-0.0053793 -0.0178229 9.87118e-18)
(0.00733688 -0.053856 1.68362e-17)
(0.0594911 0.107088 1.51078e-17)
(-0.0421897 0.00820687 -9.55309e-18)
(0.0578808 0.112063 -1.61686e-17)
(0.148988 -0.0611972 0)
(-0.0171375 0.0385593 1.44312e-17)
(0.0172582 -0.0259177 -3.23672e-17)
(-0.00406324 -0.013916 -2.78466e-17)
(0.00737169 0.0292957 2.84504e-17)
(-0.0898675 0.0567271 -2.23874e-17)
(0.182918 0.100119 2.07073e-17)
(0.0588423 0.028257 7.3298e-18)
(0.0399914 0.0890044 0)
(0.00439575 -0.0519459 -1.82822e-17)
(0.00890845 -0.0133877 1.64824e-17)
(0.00682845 -2.62069e-05 -2.28973e-18)
(0.00446428 -0.0630514 -2.19055e-18)
(0.0525724 0.00558481 4.1839e-18)
(0.00378293 -0.0803643 2.25663e-17)
(0.0452019 0.112172 1.39534e-17)
(0.0388871 0.0829159 1.46748e-17)
(-0.000665842 -0.00728653 0)
(-0.0022665 0.026709 0)
(0.0436673 0.0619574 -8.55206e-18)
(0.00920688 0.0601455 1.44987e-17)
(-0.00233386 0.00186415 7.7675e-18)
(0.112908 0.0247929 -7.61924e-18)
(-0.0012242 0.0150147 1.00666e-17)
(-0.00408811 0.00601138 1.39044e-17)
(-0.00169889 0.00365239 0)
(-0.000734236 0.0139219 0)
(-0.11696 0.0138473 -8.58589e-18)
(-0.0187355 0.016328 0)
(0.0153973 0.015931 -2.99747e-17)
(0.00772506 -0.00448622 2.40486e-17)
(0.0200848 0.00822149 1.55311e-17)
(-0.220003 0.0364521 0)
(-0.198034 0.0321601 1.4618e-17)
(-0.192807 0.0305945 -7.87961e-18)
(-0.0652196 0.0234857 1.54073e-17)
(-0.13474 0.0283163 1.33767e-17)
(-0.0551447 0.0234847 0)
(0.00303514 -0.0492413 2.94931e-17)
(-0.0239861 0.0159903 1.88404e-18)
(0.0323605 0.018205 7.9435e-18)
(0.0617302 0.111186 0)
(-0.0017505 0.0296889 -2.01089e-17)
(0.0150144 0.0148988 2.27018e-17)
(0.0384746 -0.0350447 0)
(0.0666061 0.132425 -5.35899e-22)
(0.0454729 0.0280808 0)
(-0.000658544 0.0185735 0)
(0.110229 -0.069853 -7.68688e-18)
(0.0569387 0.149642 0)
(0.0538085 0.100835 -3.04551e-17)
(0.0439279 0.0229612 4.65137e-18)
(-0.00127051 0.00259204 0)
(-0.0889604 -0.0306708 0)
(0.0522319 0.0564674 0)
(0.00981419 -0.00299779 9.34351e-18)
(0.0656453 0.122157 1.60763e-17)
(0.00410286 -0.0399803 9.82918e-19)
(0.0642385 0.118043 1.60157e-17)
(0.0523649 0.0139865 4.19918e-18)
(-0.00525217 0.0169593 0)
(0.0118963 -0.065738 -1.74784e-17)
(0.00187863 -0.021975 1.37372e-17)
(-0.0217042 0.00258109 2.00055e-17)
(0.0444909 0.0394845 1.25618e-17)
(-0.00703528 -0.0187354 -2.66888e-17)
(0.182544 0.0863574 -4.52108e-18)
(-0.00764665 0.00598004 -8.81315e-18)
(0.0170469 -0.0726047 0)
(-0.000744852 0.00981274 0)
(0.013975 -0.0706596 0)
(0.00400509 -0.0410904 0)
(0.0473777 0.0478113 -1.22152e-17)
(-0.00780834 0.00847862 -1.58613e-17)
(-0.0216038 -0.0181527 0)
(0.00831718 -0.0199856 -1.6367e-17)
(-0.0414074 0.142374 2.03014e-17)
(0.022768 -0.0783513 0)
(3.4867e-05 -0.0109477 -9.94151e-18)
(0.00980067 -0.0269631 0)
(0.0194106 -0.0764861 0)
(-0.0230236 0.0504399 1.88972e-17)
(0.0363019 0.0316371 0)
(0.191077 0.0239199 1.03703e-17)
(0.183306 0.0251758 -4.65116e-18)
(-0.0490699 0.0866431 1.71259e-17)
(-0.104102 0.0714319 3.80845e-17)
(-0.000462827 -0.00346181 -1.45793e-17)
(0.00579664 -0.0382231 1.15619e-17)
(0.0172845 -0.071411 0)
(-0.00309148 -0.0218749 0)
(0.00608554 -0.0676379 5.1887e-17)
(0.0426743 0.0722332 0)
(0.0321366 0.194715 2.72054e-17)
(-0.0151509 0.154831 -7.51711e-18)
(-0.00282425 0.0178355 0)
(0.0482863 0.0981928 1.59349e-17)
(0.00352091 -0.0254394 -1.63341e-18)
(0.153541 0.0546012 3.52802e-17)
(0.0767266 0.0556074 -8.90288e-18)
(0.00677741 0.00171578 0)
(0.0117261 0.131355 1.55442e-17)
(0.0340351 0.0431662 0)
(-0.00823947 0.0151675 0)
(0.00538393 -0.0423154 -3.34104e-17)
(0.0108858 -0.0695932 2.35012e-17)
(0.0431927 0.0710691 1.62883e-17)
(0.0136195 -0.0725187 -1.69651e-17)
(0.0287153 -0.0828389 1.63141e-17)
(0.0292627 -0.0822611 -1.62565e-17)
(-0.0174053 -0.00271308 0)
(-0.00424994 0.0558488 1.98434e-17)
(0.00541533 0.00896448 1.596e-17)
(0.0419397 -0.0633426 0)
(-0.0119729 -0.0948724 -1.98426e-17)
(0.00528519 -0.1309 1.97768e-17)
(-0.0128652 -0.0187038 -3.14499e-17)
(0.020121 -0.0744455 -1.67561e-17)
(0.0405632 -0.0663356 1.63598e-17)
(0.0252531 -0.0811712 0)
(-0.00603324 -0.0124826 0)
(0.0264665 -0.0790761 2.02574e-17)
(0.0042214 -0.190205 1.58105e-17)
(-0.0339614 0.0111672 -1.52541e-17)
(-0.00826101 0.0105004 2.904e-17)
(0.0221084 -0.189928 -1.97687e-17)
(-0.00183213 -0.00702229 1.38855e-17)
(0.0348989 0.0629584 4.07395e-18)
(0.000594798 -0.0257547 -2.05946e-17)
(-0.175593 0.0270978 1.20991e-17)
(0.0660648 0.129238 0)
(0.0230864 -0.0767515 -4.06181e-18)
(0.0429894 0.0617876 0)
(-0.0330291 -0.00193292 -1.3227e-17)
(0.000985586 -0.0213354 3.29944e-18)
(0.0258479 0.0141448 -1.60695e-17)
(0.011362 0.188613 -1.13724e-17)
(0.024176 -0.0735139 1.64717e-17)
(0.0333212 0.167412 -1.94501e-17)
(0.0142325 -0.0784735 -1.69134e-17)
(0.0370432 0.0730221 -4.05747e-18)
(-0.000334529 0.0411932 2.16818e-17)
(0.0112298 -0.0643493 1.55097e-17)
(0.0776277 -0.0590867 1.20456e-17)
(0.0118782 -0.062003 1.67224e-17)
(0.0327655 -0.0842111 1.61918e-17)
(-0.0154328 0.126111 1.56879e-17)
(0.00801057 0.0150432 1.61271e-17)
(0.0600687 0.104574 1.61232e-17)
(0.0145446 -0.0621287 0)
(0.00317824 -0.0383994 -2.28289e-17)
(0.0130019 -0.0758743 8.86116e-18)
(0.00487275 -0.0394543 0)
(0.0131484 0.077071 -1.71381e-17)
(-0.0147038 -0.0309159 1.23642e-17)
(-0.0085654 0.0102814 8.51404e-18)
(0.0146048 -0.0644389 0)
(-0.0193839 -0.00340728 3.58536e-22)
(-0.025819 -0.0214623 -1.24415e-17)
(-0.174427 0.0181305 0)
(0.0296131 0.0662699 2.02748e-17)
(0.0140255 -0.0197505 -2.06042e-17)
(0.0869634 -0.0978769 3.95036e-18)
(0.0248451 0.00362468 1.66977e-17)
(0.0600988 0.10461 4.04347e-18)
(-0.0380221 -0.00943505 1.65004e-17)
(0.00649797 0.0682188 1.44721e-17)
(-0.0180257 0.0532659 -2.73076e-17)
(-0.0235344 -0.0214633 -1.65639e-17)
(0.0172603 -0.00232981 1.64657e-17)
(0.010515 -0.0797986 1.4724e-17)
(0.0178045 -0.0662166 0)
(-0.0060242 -0.0443452 0)
(-0.00866958 -0.0331648 1.61839e-17)
(-0.000830641 -0.0177857 1.5816e-17)
(0.0109121 -0.0504475 3.42064e-17)
(0.0594158 0.0750634 0)
(-0.00358395 0.00125648 -1.64617e-17)
(0.0270068 -0.0812098 4.12457e-18)
(0.0171395 0.0635875 0)
(0.0171566 0.0918762 -2.75965e-17)
(-0.00148094 -0.00324977 -1.61111e-17)
(0.0104348 -0.0721098 -4.07744e-17)
(0.015893 -0.080547 -1.7143e-17)
(0.0124643 0.00470967 0)
(-0.00167247 -0.00589171 2.49133e-17)
(0.0322075 -0.0833722 -4.09727e-18)
(0.0331057 -0.0837827 -3.23665e-17)
(0.0153693 -0.015104 -1.75369e-17)
(0.021368 -0.08152 -4.15382e-18)
(0.0202969 -0.0724125 4.05625e-18)
(-0.023797 0.0222564 -4.08779e-18)
(0.036944 -0.0859268 -1.61207e-17)
(-0.0471305 -0.000457522 0)
(-0.141109 -0.00483841 8.62598e-18)
(0.0171787 -0.0699389 -4.08375e-18)
(0.0872294 -0.0798913 -4.01345e-18)
(0.0621902 0.106833 0)
(-0.0084192 0.0165241 0)
(-0.00266385 -7.36023e-05 -1.60958e-17)
(0.0315133 0.0171482 -1.64539e-17)
(0.0372908 -0.0857917 2.69334e-22)
(0.0160225 -0.0802421 1.7937e-17)
(0.0302823 0.0113875 0)
(0.00922037 -0.0421628 -1.72241e-17)
(0.0139747 -0.0797338 2.26603e-18)
(0.0306849 -0.0816837 -4.11319e-18)
(0.0195502 -0.0808341 -1.66834e-17)
(0.122038 -0.047653 2.29838e-17)
(0.0676281 -0.029753 7.89346e-18)
(0.0613299 0.105348 -2.0366e-17)
(0.0153114 -0.0767951 0)
(0.0645462 0.0084594 -1.59993e-17)
(0.0252432 -0.0685418 0)
(0.0144249 0.0132289 1.64514e-17)
(0.00147163 -0.00898452 7.33469e-18)
(0.019963 -0.0701947 -1.63404e-17)
(-0.0360406 0.0136345 1.63658e-17)
(0.0264135 -0.0777301 -1.21835e-17)
(0.0549162 0.0203799 1.20243e-17)
(0.0143228 -0.0553114 -1.71169e-17)
(0.0353269 -0.0859375 0)
(-0.0264197 -0.00169469 0)
(0.0144275 -0.0808245 1.76814e-17)
(0.0366975 -0.0856314 1.6277e-17)
(-0.0329352 0.00365905 0)
(-0.011416 -0.0196322 -1.98539e-17)
(0.00743496 0.0328343 0)
(0.0355287 -0.0842526 -2.85818e-17)
(0.00540617 -0.0364489 0)
(0.0250576 -0.082148 4.13608e-18)
(0.019496 -0.0810962 0)
(0.0138915 -0.0613639 0)
(0.0159929 0.0386105 0)
(0.00622735 -0.0011816 1.5989e-17)
(0.00119513 -0.0659392 0)
(0.0211782 -0.0794072 1.66393e-17)
(0.0627315 0.086893 0)
(0.0418231 -0.0880729 0)
(0.0344669 -0.0855446 0)
(0.0387601 -0.0872792 -2.93666e-22)
(0.00662951 0.0480312 -1.62363e-17)
(0.033515 -0.0817356 2.01884e-17)
(-0.00329012 0.0324498 -1.38985e-17)
(0.0219424 -0.064116 0)
(0.0656327 0.104138 -4.35601e-18)
(0.0776934 -0.106904 1.58929e-17)
(0.00334305 0.00182073 1.67866e-17)
(-0.016359 0.0237296 -1.40975e-17)
(0.0133939 -0.0734137 4.28225e-18)
(0.0133555 0.0299934 -1.59797e-17)
(0.0205008 0.0306343 0)
(0.0433851 -0.0819704 0)
(-0.00645572 0.00733488 0)
(0.0189757 -0.0775639 1.66533e-17)
(-0.00547236 0.0118598 0)
(0.0436259 -0.0889328 0)
(0.0131873 0.0242345 0)
(-0.012809 0.0349462 4.07345e-18)
(0.13734 -0.0112487 1.19303e-17)
(0.0507044 0.105205 -4.52125e-22)
(0.044456 -0.0720777 4.05058e-18)
(0.0311224 -0.0842573 -1.63339e-17)
(0.0398142 -0.0494674 -4.16275e-18)
(0.0844719 -0.109974 0)
(0.0559744 0.0993247 -1.67346e-17)
(0.0764419 -0.102123 -1.98412e-17)
(0.0265184 -0.0827393 -4.10764e-18)
(0.0639346 0.0902718 0)
(0.0448567 -0.0896732 0)
(0.0131258 0.0495166 -5.76992e-22)
(-0.0474868 0.00167837 0)
(0.0299975 -0.0804427 -4.04951e-18)
(0.000483408 -0.00974045 1.53129e-17)
(0.0231742 -0.00225252 -1.5998e-17)
(0.123116 0.00469127 -1.59201e-17)
(0.0594325 0.0796245 0)
(0.0397669 -0.0865832 0)
(0.0498041 -0.0907402 -1.60066e-17)
(0.0423581 -0.0883909 1.60308e-17)
(-0.0310352 -0.00829931 0)
(0.0672834 0.11686 0)
(0.118088 -0.0180483 0)
(0.0396619 -0.0877141 -1.61201e-17)
(0.0310177 -0.0366899 3.40165e-17)
(0.0847772 -0.11573 3.95901e-18)
(0.0608853 0.106144 -2.01747e-17)
(0.0893877 -0.0134154 -3.98667e-18)
(0.0267117 -0.0766006 -1.65188e-17)
(0.0526792 0.0659572 1.63954e-17)
(0.0321085 -0.011267 -2.00595e-17)
(-0.00216681 0.00641912 0)
(0.130175 -0.0170961 0)
(0.0146341 0.0182304 0)
(0.0768751 -0.119707 3.95937e-18)
(0.0691967 -0.100296 3.98745e-18)
(0.100979 -0.00823241 0)
(0.0307764 -0.0764198 0)
(0.0679703 -0.12158 -1.58483e-17)
(0.0514079 0.0728254 0)
(-0.00589646 -0.153659 0)
(0.0670975 -0.0967344 -1.19829e-17)
(0.0515615 -0.0921358 1.59903e-17)
(0.0987094 -0.0225005 1.59506e-17)
(0.07778 -0.115731 -3.96092e-18)
(0.112213 0.0427504 4.00328e-18)
(0.0479443 -0.0908748 0)
(0.060568 -0.0921345 1.59896e-17)
(-0.15581 -0.0230309 -1.00793e-17)
(0.0126426 -0.179937 0)
(0.0409146 -0.0876146 1.21418e-17)
(0.0232179 -0.0732312 1.62974e-17)
(0.0828721 0.10308 1.98428e-17)
(0.0243385 -0.0817868 0)
(0.125823 0.0415983 1.01113e-21)
(0.0577858 -0.0931612 0)
(0.0400896 0.0403972 -5.23147e-18)
(0.0684602 -0.117872 1.18891e-17)
(0.0832854 -0.1326 -1.1865e-17)
(0.0437122 -0.0814587 1.61985e-17)
(0.00209505 -0.0109971 6.89588e-18)
(0.0116883 0.0121611 0)
(0.0738276 -0.127076 0)
(-0.00424132 0.00878326 1.40292e-17)
(0.0576293 -0.0991185 0)
(0.0527287 -0.0136044 2.0007e-17)
(0.0487524 -0.0918046 0)
(0.0639947 -0.0999126 0)
(0.0813476 -0.128897 -1.97855e-17)
(0.116017 0.0457649 1.58661e-17)
(0.0870563 0.00393789 0)
(0.102492 0.0712303 5.87658e-22)
(0.0338313 0.00354934 1.59941e-17)
(0.0854617 0.120031 -3.96463e-18)
(0.150105 -0.163968 -1.56937e-17)
(0.0797501 0.168178 -3.94559e-18)
(0.0716267 -0.106959 3.96814e-18)
(0.0803197 0.145104 -3.16187e-17)
(0.0636177 -0.107898 1.98484e-17)
(0.128701 -0.035517 0)
(0.0564684 -0.0964099 0)
(0.0908504 0.0801332 0)
(0.126577 0.0262508 0)
(0.0920103 -0.105094 -3.95877e-18)
(0.0557765 -0.100606 -3.97479e-18)
(0.0898884 -0.106503 3.96129e-18)
(0.15718 -0.155819 -1.5704e-17)
(0.086782 -0.0162288 -1.59556e-17)
(0.0521285 0.0956238 3.2202e-17)
(0.0643695 -0.10258 -3.97315e-18)
(0.0555811 -0.0946794 0)
(0.0509353 -0.102739 4.00793e-18)
(0.0933786 -0.115099 0)
(0.086973 -0.111379 -1.58492e-17)
(0.0405767 -0.0675693 1.21209e-17)
(0.0712624 -0.110428 3.96727e-18)
(0.0640728 -0.00878554 3.99515e-18)
(0.15997 -0.108372 1.57185e-17)
(0.0869453 -0.120269 -3.95907e-18)
(0.0729406 -0.11306 -2.77373e-17)
(0.0831363 -0.133934 -1.18633e-17)
(0.0331455 -0.149336 1.19434e-17)
(0.105615 0.086554 -7.61268e-18)
(0.0383501 -0.085155 -2.01445e-17)
(0.145919 -0.0300365 0)
(0.0486208 -0.112214 -3.96708e-18)
(0.0818264 0.158501 3.94748e-18)
(0.0800104 -0.129083 -3.95644e-18)
(0.0614237 -0.110657 -1.19055e-17)
(0.113753 0.0707557 -1.57648e-17)
(0.0882711 0.135522 0)
(0.104713 -0.0227667 0)
(0.0506131 -0.0879354 -4.02395e-18)
(0.154202 -0.0663082 -3.5496e-17)
(0.125432 0.0444289 -1.5853e-17)
(0.057038 -0.118982 3.96425e-18)
(0.0748462 0.156553 -3.94801e-18)
(0.148287 -0.145902 -1.57271e-17)
(0.0866441 -0.131262 3.95511e-18)
(-0.136764 -0.0130238 -2.24624e-19)
(0.0915712 0.115469 0)
(0.0845054 -0.13432 1.18636e-17)
(0.0750343 0.16534 1.97394e-17)
(0.191185 -0.048466 0)
(0.0729648 -0.118811 1.58481e-17)
(0.105624 0.0678675 8.00452e-18)
(0.180781 -0.0784195 1.96656e-17)
(-0.123846 -0.0645391 0)
(0.181323 -0.104766 1.17921e-17)
(0.0753684 0.179767 -1.58056e-17)
(0.186056 -0.075435 -3.93936e-18)
(0.149701 -0.160681 -3.5389e-21)
(0.0949236 0.116058 -1.18945e-17)
(0.100778 0.0656516 1.19915e-17)
(0.160915 -0.135073 -1.9655e-17)
(0.0374015 0.0414294 -3.99235e-18)
(0.0812203 -0.130808 -3.95663e-18)
(0.0763529 0.165046 0)
(0.0862543 0.171729 1.57841e-17)
(0.170361 -0.135723 0)
(0.109097 -0.15982 1.18284e-17)
(-0.130697 0.00359579 1.42691e-17)
(-0.11768 0.0489206 0)
(0.0489936 -0.0405024 -1.5903e-17)
(0.05135 -0.173576 0)
(0.0789952 -0.0934579 3.18678e-17)
(0.171956 -0.106738 0)
(-0.137506 0.0340262 -1.52462e-17)
(0.0540888 -0.177121 1.97335e-17)
(0.178087 -0.0944247 -1.18777e-17)
(0.171753 -0.125847 1.8398e-21)
(0.110619 -0.148812 3.94012e-18)
(0.0640883 0.129328 -1.97254e-17)
(0.191081 -0.0451972 1.58778e-17)
(0.111016 0.0723167 1.58545e-17)
(-0.0457909 0.0347327 -8.85632e-18)
(0.0723326 0.00737191 1.50392e-17)
(-0.0253614 -0.0198446 9.98968e-19)
(-0.00363265 0.0103452 1.90168e-18)
(0.00553449 0.00570348 -3.60624e-23)
(-0.00511146 -0.00666958 -3.25301e-17)
(0.0168326 0.0134305 0)
(0.0876771 -0.0316262 -1.39736e-17)
(-0.0385046 -0.0162101 -2.34715e-17)
(-0.0701086 0.113632 -4.12982e-17)
(-0.0360331 -0.0213972 -1.5934e-17)
(0.103208 -0.0151291 0)
(-0.0288563 0.0375322 2.33185e-17)
(-0.0139991 -0.0142678 1.60799e-17)
(-0.0413676 0.0196553 1.7378e-17)
(0.0507446 0.00114212 0)
(0.0828187 -0.128103 1.1869e-17)
(-0.0208303 -0.00203805 -2.47821e-17)
(0.0273032 -0.0180611 0)
(0.122333 -0.136519 -3.94063e-18)
(-0.0630308 0.00298362 0)
(0.155716 -0.119554 -1.1812e-17)
(0.123984 -0.150265 3.94062e-18)
(-0.121517 -0.0470931 0)
(0.00455575 -0.00215859 0)
(0.0715128 -0.123715 3.96005e-18)
(0.0869483 0.155873 -1.57874e-17)
(0.0893691 0.128546 -3.96349e-18)
(0.147301 -0.136727 1.17963e-17)
(0.064549 0.118038 -2.77396e-17)
(0.0470814 -0.154044 3.98639e-18)
(0.0525812 0.224678 -1.16549e-17)
(0.0712718 -0.0325164 0)
(-0.0931287 0.0561225 -2.78971e-21)
(0.134088 -0.181277 1.96269e-17)
(0.060039 -0.0955574 -3.98492e-18)
(0.0681813 0.208382 2.18032e-21)
(0.057556 0.167318 -1.17388e-17)
(0.0578219 -0.0901418 -4.01446e-18)
(0.0771137 0.198307 3.14619e-17)
(0.0192674 0.0145306 1.46297e-17)
(0.024214 0.0403764 3.59453e-17)
(0.0685493 0.224755 -1.95027e-17)
(0.131234 -0.180489 -1.17863e-17)
(0.134441 -0.134045 1.97031e-17)
(0.0635328 -0.020096 -3.19861e-17)
(-0.102973 -0.00304787 1.58883e-17)
(0.0886699 -0.119389 -1.97873e-17)
(0.165523 -0.106556 1.57949e-17)
(0.184578 -0.0736063 7.85384e-22)
(0.130373 -0.0238886 0)
(-0.0696157 0.0849519 2.68824e-17)
(0.0679438 0.133789 1.18847e-17)
(0.193166 -0.020914 1.60594e-17)
(0.0505308 0.208301 3.1063e-17)
(0.0763616 -0.18122 1.57825e-17)
(0.151526 0.172317 3.93525e-18)
(0.0725525 -0.205744 -1.1828e-17)
(0.075012 -0.122806 -1.58422e-17)
(0.0778989 -0.121857 3.956e-18)
(0.0806472 -0.0453637 0)
(0.0858047 0.0415112 -3.96866e-18)
(0.0669149 -0.177335 -3.94888e-18)
(-0.0868642 0.0217715 -1.59093e-17)
(0.0590377 -0.0789646 3.18178e-17)
(0.0175828 0.00848491 -1.48416e-17)
(0.090051 0.124649 -1.18582e-17)
(0.0707364 0.217394 -1.57151e-17)
(0.0925824 0.19493 -1.17765e-17)
(-0.150269 0.0253401 3.94984e-18)
(0.0165984 0.198851 1.14327e-17)
(0.106143 0.085687 1.58663e-17)
(-0.150373 0.0294488 7.77303e-18)
(-0.112936 0.0180699 0)
(-0.0294571 -0.00330408 -8.53724e-18)
(0.00489357 0.0109516 -2.72787e-17)
(-0.00379047 0.00739856 3.23895e-17)
(-0.071269 0.0065272 3.70313e-18)
(0.103459 -0.132318 -1.58028e-17)
(0.110839 -0.12055 3.95191e-18)
(-0.00462269 0.00219357 0)
(-0.119412 0.0166418 -3.26996e-17)
(0.0219039 0.0164874 0)
(0.0926905 0.238048 -1.95746e-17)
(-0.0970044 -0.0601488 1.58777e-17)
(0.139625 -0.113308 1.57773e-17)
(0.058246 -0.133988 -1.5839e-17)
(-0.040224 0.0916025 1.97641e-17)
(-0.0900649 -0.0389677 -1.58897e-17)
(0.0881864 -0.199624 0)
(-0.0842382 -0.112069 -3.17627e-17)
(0.0429998 0.221601 -1.8861e-17)
(0.0801086 -0.190928 1.97433e-17)
(0.0440479 0.096372 1.59086e-17)
(0.0913848 -0.158216 -1.18361e-17)
(0.0926691 -0.0910585 0)
(0.0960994 -0.00877422 3.97017e-18)
(0.165272 0.140827 -7.86033e-18)
(0.0755699 -0.131691 -3.95778e-18)
(0.14185 0.192163 1.17964e-17)
(0.0995446 0.0800381 0)
(0.191784 0.0035592 1.73721e-17)
(0.12948 -0.118948 -1.97203e-17)
(0.10095 0.158256 3.54533e-17)
(0.158319 -0.090943 0)
(0.115645 -0.0858072 7.89134e-18)
(0.10121 -0.121866 0)
(0.114237 -0.182147 3.93025e-18)
(0.092565 -0.0962275 -1.98051e-17)
(0.0677986 0.119442 -1.36766e-17)
(0.0818219 -0.125358 1.18718e-17)
(0.132309 -0.096898 0)
(0.106183 -0.107947 -2.08348e-17)
(0.0665639 -0.0186774 1.59921e-17)
(0.0888756 -0.125367 -3.95633e-18)
(0.189403 -0.0192294 -1.72755e-17)
(0.0952637 0.211608 -1.57155e-17)
(-0.0788582 -0.0431875 -4.02676e-18)
(0.101075 0.223125 0)
(0.0561892 -0.10724 0)
(0.0906002 -0.186163 -3.93754e-18)
(0.094106 -0.138679 0)
(0.0866599 -0.133379 1.9774e-17)
(0.0440441 -0.090326 0)
(0.0914606 -0.160728 3.95009e-18)
(0.0789155 0.203036 0)
(0.113998 -0.162303 1.18009e-17)
(-0.0595997 -0.0461985 0)
(0.0942308 -0.131844 1.58028e-17)
(0.080717 0.24484 3.90866e-18)
(0.102367 0.162031 2.76515e-17)
(0.0959946 -0.153644 -1.97156e-17)
(0.0667865 -0.136624 0)
(0.0692567 0.238525 0)
(0.104034 0.0503526 1.55703e-17)
(0.115354 -0.105438 2.44221e-17)
(0.14184 -0.0889262 0)
(0.0656624 -0.110214 0)
(0.072872 0.200743 2.73937e-17)
(0.125264 0.0717383 1.57953e-17)
(0.090226 0.0875651 -4.03704e-18)
(0.0972648 0.042898 0)
(0.0770024 0.121413 1.58712e-17)
(0.172616 0.124278 7.86155e-18)
(0.0738165 0.107096 -3.96786e-18)
(-0.00991051 0.0146643 0)
(0.054161 0.229871 3.90794e-18)
(0.0592052 0.052444 -7.1492e-18)
(0.0757726 0.149732 0)
(0.0816485 0.229486 0)
(0.141991 0.181812 -7.8706e-18)
(0.0736001 -0.151694 3.95624e-18)
(0.116679 0.20628 -7.86387e-18)
(-0.080467 -0.0934629 3.97471e-18)
(0.107476 -0.0911801 7.87223e-18)
(0.0223052 -0.0141784 7.48433e-18)
(0.0871782 0.226377 0)
(0.095582 0.242189 7.83091e-18)
(0.101827 0.198065 -1.90498e-21)
(0.102936 0.137833 3.95112e-18)
(0.0623967 -0.0309708 0)
(0.104204 0.230151 3.91768e-17)
(0.0835051 -0.115751 1.97936e-17)
(0.0764506 0.17472 -3.94243e-18)
(0.0822586 0.0578459 -1.18206e-17)
(0.0768379 0.239552 0)
(0.0726258 -0.10786 -2.05933e-17)
(0.0841813 -0.0990649 2.79291e-17)
(0.0806707 -0.149509 -3.94955e-18)
(0.0912907 -0.112452 3.95914e-18)
(0.0362797 -0.0804965 1.69548e-17)
(0.124626 0.185081 -2.35996e-17)
(0.129213 0.00892162 0)
(0.139458 -0.0213173 -1.98462e-17)
(0.0713674 0.096193 0)
(0.104765 -0.198836 -1.57178e-17)
(0.0755943 0.175086 3.54778e-17)
(0.102302 0.0851596 2.72704e-22)
(-0.065279 -0.138382 1.58356e-17)
(0.151905 0.0953856 1.96989e-17)
(-0.106954 -0.0935575 0)
(0.107042 -0.19147 -3.93726e-18)
(0.121625 -0.186232 1.17875e-17)
(0.137218 -0.0314396 0)
(0.0176826 0.0643835 4.20109e-18)
(0.0459925 0.0729273 1.59287e-17)
(0.0799202 -0.134192 -1.18627e-17)
(-0.0389218 -0.0332965 0)
(0.115784 0.210945 0)
(0.0847079 0.1933 0)
(-0.0529978 0.012147 0)
(0.0845461 -0.138337 1.58194e-17)
(0.0608953 0.105796 2.01295e-17)
(-0.0413909 -0.150468 -1.59056e-17)
(0.0715435 0.128245 -3.95956e-18)
(0.0219095 0.0568912 -1.596e-17)
(0.134254 -0.167727 1.17878e-17)
(0.0372243 0.0836854 0)
(-0.0861328 -0.0742293 3.97303e-18)
(0.00425684 -0.0193045 3.6047e-17)
(0.0856873 0.0654688 0)
(0.117042 0.22922 -1.96095e-17)
(0.0303066 -0.0297838 -3.99548e-18)
(0.0243096 0.0529844 -1.19725e-17)
(0.113905 0.0326524 0)
(0.165872 0.143628 -3.7578e-21)
(0.0673049 0.145225 -3.16253e-17)
(0.121415 0.107733 -4.02155e-18)
(-0.0401314 -0.156283 0)
(0.0610592 -0.0272111 0)
(0.0396029 -0.0927135 -1.31375e-17)
(-0.0284673 -0.132414 -3.97508e-21)
(0.0813737 0.198884 -1.57355e-17)
(0.12716 0.210811 -1.17663e-17)
(0.0665182 0.0893318 -1.58969e-17)
(0.0583444 -0.110623 0)
(0.0402787 0.063247 1.86194e-17)
(0.148981 0.157029 7.94483e-18)
(0.0716717 0.0702746 6.78092e-23)
(0.0461024 0.0863397 -4.05374e-18)
(0.137849 -0.0242121 0)
(-0.0273545 -0.0298834 -2.79019e-17)
(-0.1137 -0.0799938 -3.19887e-17)
(-0.0103341 0.0116753 0)
(0.00559391 0.0312514 1.59986e-17)
(0.0560152 0.0891068 1.58986e-17)
(0.0868126 -0.126966 0)
(0.0405661 -0.0278433 -1.59812e-17)
(-0.0822722 -0.119938 -1.58355e-17)
(-0.100866 -0.104286 1.6333e-17)
(0.125217 -0.00308449 1.19133e-17)
(-0.00771675 0.0146417 0)
(0.0460778 -0.0204969 -1.57268e-17)
(0.0358622 0.0694869 -1.59294e-17)
(0.121922 0.136777 4.02946e-18)
(-0.0637651 -0.145578 0)
(0.0905097 0.0290716 0)
(0.0922752 0.111591 -1.18932e-17)
(-0.0623525 -0.111445 1.59019e-17)
(0.0165972 0.0479882 -3.99073e-18)
(0.00333828 0.0275435 0)
(0.0573794 -0.0152073 0)
(0.129052 -0.135724 -2.75325e-17)
(0.132227 0.106347 -3.94064e-18)
(0.0364593 -0.0739171 4.26489e-18)
(0.0661171 0.128123 1.98004e-17)
(0.141994 0.165264 1.18023e-17)
(0.153125 0.125317 -2.75344e-17)
(0.0486301 0.0573077 -1.99272e-17)
(0.0722778 0.0358297 -1.59279e-17)
(0.104439 0.00728724 1.98865e-17)
(0.0630513 0.0557711 3.58349e-17)
(0.122216 0.148877 1.18251e-17)
(0.12664 0.17933 -1.17996e-17)
(-0.00186384 -0.0168965 -4.07728e-18)
(0.0867693 -0.136207 0)
(0.0570502 0.105317 -3.17579e-17)
(0.134966 0.022938 -1.57981e-17)
(0.00223176 0.0293781 -1.59943e-17)
(-0.0687786 -0.0791373 1.59045e-17)
(0.0695262 0.149076 -1.58106e-17)
(0.144203 0.00659165 0)
(0.134281 -0.0412353 0)
(0.0250535 -0.0793627 0)
(0.119054 -0.096377 1.57864e-17)
(0.0921917 -0.0237008 0)
(0.0153822 -0.0270306 -1.20067e-17)
(0.0172321 0.0498022 0)
(0.00868622 -0.0242447 0)
(0.094318 -0.0325791 0)
(0.0984947 -0.0394002 -3.97556e-18)
(0.00533525 0.0339434 0)
(0.0883974 -0.125104 1.58235e-17)
(0.123833 -0.0142849 -3.96063e-18)
(0.132962 -0.0299416 0)
(0.0579128 -0.0111521 -2.0201e-17)
(-0.014141 -0.0759124 -1.60312e-17)
(0.0412851 -0.0333195 0)
(0.132662 -0.0631843 3.94652e-18)
(0.0670126 -0.0549802 0)
(0.0248337 -0.0601374 1.2128e-17)
(0.0625446 -0.0357762 0)
(0.110082 -0.0259351 0)
(-0.000560541 -0.0661092 -1.60671e-17)
(0.110048 -0.0379129 0)
(0.0957167 -0.00521486 -1.59208e-17)
(0.0736639 -0.0369571 3.98597e-18)
(-0.0331336 -0.0594118 0)
(0.166373 0.112124 1.18102e-17)
(0.0740405 -0.0253084 3.98651e-18)
(0.0937082 -0.0147564 0)
(0.0409501 -0.0115127 -1.08834e-17)
(0.178245 -0.036057 -1.97403e-17)
(-0.0413825 -0.106103 1.99232e-21)
(0.165748 -0.0372106 -1.58506e-17)
(0.0944435 -0.0253177 1.59287e-17)
(0.109245 -0.0221978 -1.5909e-17)
(0.0377208 0.0837846 0)
(0.108363 -0.0294045 -1.19498e-17)
(0.139868 -0.0381272 0)
(0.190482 -0.00871164 -1.58038e-17)
(0.0734547 0.00138484 0)
(0.0334676 0.0747085 3.97997e-18)
(0.158118 -0.0213918 3.96935e-18)
(0.043741 0.0240744 0)
(0.158437 -0.0316423 3.96359e-18)
(-0.00690189 -0.0182812 1.39921e-17)
(0.0988071 -0.0301982 1.19307e-17)
(-0.00408844 -0.0405918 0)
(0.0587363 0.119611 -1.18903e-17)
(-0.0202846 -0.0527149 0)
(0.019704 -0.026094 0)
(0.000911004 -0.0225716 -1.44148e-17)
(0.143395 -0.0382483 0)
(0.00662238 -0.0303008 0)
(0.0138089 0.054279 -4.16149e-18)
(0.0546988 -0.0217616 2.00927e-17)
(0.163461 -0.0380646 -1.58563e-17)
(0.0507516 0.101376 -1.58796e-17)
(0.0167914 -0.0646835 1.66888e-17)
(0.0613726 -0.0229042 1.62219e-17)
(0.172657 -0.0429626 0)
(0.0619782 -0.0103907 -3.9915e-18)
(0.0421214 -0.0260463 0)
(0.00635369 0.0286029 -8.28838e-18)
(0.161917 -0.042421 7.40874e-22)
(0.146271 -0.0047862 0)
(0.193046 0.0131821 -2.00561e-17)
(0.0330385 -0.0292995 0)
(0.153104 -0.0338415 -3.96992e-18)
(0.0510022 -0.0218252 1.26721e-17)
(0.0167706 -0.0468104 1.60999e-17)
(0.167224 -0.0352729 1.58487e-17)
(0.0403068 0.0862525 1.19368e-17)
(0.0350818 -0.0184703 -6.6943e-18)
(0.0563255 0.117784 3.17261e-17)
(0.165742 -0.0390914 1.58435e-17)
(0.141195 -0.0350854 -3.96774e-18)
(0.152651 -0.0389974 0)
(0.141473 0.0100917 0)
(0.0592108 0.100725 1.60897e-17)
(0.0395936 0.0811775 1.19396e-17)
(0.190476 0.0186132 2.00541e-17)
(0.0388499 -0.00364356 -3.98777e-18)
(0.0619642 0.0208534 0)
(0.0246491 0.0111629 0)
(0.156466 0.0156628 0)
(0.0132845 -0.0151479 -1.60671e-17)
(0.053438 0.00131289 0)
(0.0557423 0.0958522 -1.63661e-17)
(-0.000442815 -0.015641 2.83459e-17)
(0.135108 0.0281305 3.16892e-17)
(0.0138365 -0.0143566 -1.60239e-17)
(0.182819 -0.00444914 0)
(0.00516144 -0.00190411 -1.60393e-17)
(0.053187 0.111587 0)
(0.167603 -0.0394924 0)
(0.140158 -0.000486405 0)
(0.0939281 0.0455766 1.2046e-17)
(0.00829211 0.0372328 0)
(0.0186376 -0.0781963 0)
(0.0427337 0.0921526 0)
(0.0740785 0.037767 0)
(0.0496256 -0.0891042 -4.02424e-18)
(0.0152132 0.0576265 0)
(0.163735 -0.0328021 1.97246e-17)
(0.156069 -0.015435 -3.9715e-18)
(0.0202734 0.0445969 0)
(0.00470886 0.0224576 -1.60098e-17)
(0.0608702 0.129061 -3.96316e-18)
(0.0217489 0.00197317 4.15339e-18)
(0.106227 -0.0365824 0)
(0.0638837 0.0287635 -1.55406e-17)
(0.128837 0.0134381 -1.59458e-17)
(0.0218059 0.0614181 4.06728e-18)
(0.0864317 0.0353607 -1.20207e-17)
(-0.0057911 0.00829222 2.04259e-17)
(0.048362 -0.0155138 -1.60183e-17)
(0.146773 0.00266475 0)
(0.0130316 -0.0395133 0)
(0.0152136 -0.0187729 0)
(0.0574771 0.0994018 0)
(0.0913936 0.0670586 -1.20187e-17)
(0.0585357 0.0428626 -4.01644e-18)
(0.117051 0.0304521 1.59579e-17)
(0.00126918 -0.0138586 9.61992e-18)
(-0.00663378 0.00740604 -4.04398e-18)
(0.0116246 0.0201169 1.67263e-17)
(0.155254 -0.00894021 0)
(0.0752634 0.0714446 -1.27426e-17)
(0.0316782 0.00960388 4.00005e-18)
(0.161493 0.0499158 0)
(0.156385 -0.036131 -1.58641e-17)
(0.0410176 -0.00700816 3.99894e-18)
(0.033227 0.0760961 -2.02302e-17)
(0.0544451 -0.0353471 0)
(0.0966822 0.0371863 -3.20209e-17)
(0.058788 0.0972407 0)
(0.0739795 0.0765572 0)
(0.0323463 -0.0393527 4.1563e-18)
(0.0584604 0.0848825 0)
(0.0844477 0.0842256 -1.20469e-17)
(0.0885418 0.0561819 -4.00893e-18)
(0.0283769 -0.00909007 -2.01601e-17)
(0.0358701 0.078866 3.97937e-18)
(0.0228903 0.058617 0)
(0.0571478 -0.0896651 -3.20656e-17)
(0.0293249 -0.0195576 3.90742e-18)
(0.0168887 0.0102474 1.2016e-17)
(0.0195596 -0.0416108 -1.20698e-17)
(0.144485 -0.0175426 -1.59139e-17)
(0.143463 -0.0112109 0)
(0.176353 0.0405621 1.57742e-17)
(0.154043 -0.0230407 3.5764e-17)
(0.0990218 0.031468 -2.07673e-17)
(0.0293356 -0.0163266 1.59976e-17)
(0.0425813 -0.0750514 -1.61806e-17)
(0.0685839 0.0807549 -1.4392e-17)
(0.0850836 0.074517 -4.01676e-18)
(0.0123198 0.0241275 -1.60097e-17)
(0.129163 0.0318979 0)
(-0.0142436 0.0222648 0)
(0.0436096 -0.0948955 -4.01916e-18)
(0.0153257 -0.0779205 0)
(0.160818 -0.0257164 1.98157e-17)
(0.184558 0.059247 0)
(0.158886 -0.0232484 0)
(0.0365408 0.022213 2.0113e-17)
(0.0693155 0.0853122 0)
(0.175907 0.0697739 -1.57459e-17)
(0.0873997 0.0515657 -1.13486e-21)
(0.168968 -0.0342523 -1.58513e-17)
(0.0125467 -0.0254221 1.61295e-17)
(0.030031 -0.0837707 4.09429e-18)
(-0.0506243 0.0180992 1.45105e-17)
(0.182889 0.0864032 -1.95192e-17)
(0.00503747 -0.018212 0)
(0.0300536 -0.0672227 0)
(0.0337986 -0.0824736 2.61051e-22)
(-0.00088881 -0.00116661 0)
(0.0418355 -0.0858344 -4.0548e-18)
(0.00442663 0.0362061 1.59296e-17)
(0.0531473 0.0859981 -1.20546e-17)
(0.0675581 0.0717666 1.42424e-17)
(0.0177804 -0.0517115 -1.64841e-17)
(0.0687009 0.101593 0)
(0.0179549 0.051695 0)
(-0.0093424 -0.00775027 -4.08087e-18)
(0.0762624 0.0958772 0)
(0.0239057 0.051159 -1.61736e-17)
(0.0327733 -0.0795016 -4.10438e-18)
(0.0178498 -0.0376752 1.20671e-17)
(0.0374222 -0.0663317 4.0304e-18)
(0.0782076 0.087876 0)
(0.107479 -0.00595168 -2.02983e-17)
(0.0701121 0.0544485 0)
(0.126421 0.00346047 3.98045e-18)
(0.0567476 0.0913456 1.60995e-17)
(0.0171116 -0.031701 0)
(0.0981401 0.0124015 0)
(0.0547917 0.0604544 7.41407e-18)
(0.14548 0.0029013 -1.58481e-17)
(0.0432439 -0.0308332 2.01437e-17)
(0.0641192 0.0661151 0)
(0.019358 -0.047148 -1.61195e-17)
(0.0500463 0.0656298 1.60847e-17)
(0.0865331 0.0265854 1.60043e-17)
(0.0488757 0.0847292 3.6583e-18)
(0.0521316 0.0808433 -3.70074e-18)
(0.0705201 0.0959976 -1.70161e-17)
(0.0472742 -0.0469987 1.21449e-17)
(0.0475562 0.0796537 -3.61897e-18)
(0.0473911 0.0742814 -1.60974e-17)
(0.0637165 0.0980935 -1.65591e-17)
(-0.00859715 0.0321268 -1.74481e-17)
(0.0291977 0.0704254 2.02017e-17)
(0.0378481 -0.0828318 1.63022e-17)
(0.0341266 -0.0500407 -1.65742e-17)
(0.0451939 -0.084579 4.0432e-18)
(0.0575211 0.0874317 1.55074e-17)
(0.0629091 0.102104 -1.60721e-17)
(0.0373797 -0.0470627 -1.27467e-17)
(0.0663751 0.0301966 0)
(0.0540842 0.0952619 0)
(0.0362824 0.0707306 -1.61207e-17)
(0.031105 -0.0540615 -4.04201e-18)
(0.0438322 -0.0816797 -4.03706e-18)
(0.0391695 -0.0567963 1.62145e-17)
(0.0561406 0.100997 -1.61706e-17)
(0.0498594 -0.0931981 0)
(-0.0418183 0.0129942 8.17767e-18)
(0.062283 0.107099 -1.61142e-17)
(0.0467761 -0.0838481 -1.79995e-22)
(0.039324 -0.0770195 0)
(0.0639948 0.10625 1.60865e-17)
(0.0051268 -0.012126 -9.35712e-19)
(0.0371269 0.0769941 -4.03903e-18)
(0.0361563 -0.0433689 0)
(0.00640826 -0.131112 3.99691e-18)
(0.00921372 -0.0642047 1.74505e-17)
(0.0166315 -0.0431377 -1.6214e-17)
(0.0440464 -0.0862555 4.04826e-18)
(0.0368234 -0.0576718 0)
(0.0220828 -0.0570798 -4.12892e-18)
(-0.0575896 0.00933588 0)
(-0.024934 0.0182362 0)
(0.023214 -0.0398754 0)
(0.0559723 0.0409586 2.19631e-17)
(0.0157283 -0.0384825 0)
(0.0301069 -0.0699067 0)
(-0.0148347 -0.00427221 -1.39993e-17)
(0.0429678 0.103766 -3.8829e-22)
(0.0452656 -0.0777468 0)
(0.0374332 -0.0720374 -1.63007e-17)
(0.0207961 -0.0805042 0)
(0.0584323 0.103998 -1.61423e-17)
(-0.0448863 0.0144052 -1.63425e-17)
(0.0364664 -0.0801347 4.08548e-18)
(0.045693 -0.0891603 4.02819e-18)
(0.032776 -0.0720616 0)
(0.0121573 -0.0359897 -4.19464e-18)
(0.0407315 -0.0838613 0)
(0.0167196 -0.0522829 0)
(-0.0272311 0.0365844 -7.58927e-18)
(0.0322335 -0.0629773 -4.04823e-18)
(0.0450454 0.0879065 1.21197e-17)
(-0.0431628 0.0161627 -1.62337e-17)
(0.0657071 0.119762 -1.68047e-17)
(0.0295889 0.0122497 6.32388e-19)
(0.00138442 -0.078622 0)
(-0.0118803 -0.00795893 3.45376e-18)
(0.0421616 -0.0776138 0)
(0.00504728 0.00249687 1.11265e-17)
(0.0885212 0.0134338 3.36955e-17)
(0.036188 -0.0676075 1.62069e-17)
(0.0453327 0.087166 -1.71735e-17)
(0.0972031 0.0757742 2.00234e-17)
(0.0486336 0.0924045 4.0467e-18)
(0.0611073 0.100971 0)
(0.0394048 -0.0736519 2.02981e-17)
(0.0245383 -0.0461489 -1.25376e-17)
(0.0848414 0.0913863 -2.02475e-17)
(0.046432 0.0859778 -4.0523e-18)
(0.0109186 -0.037231 0)
(0.0488454 0.0881186 3.22594e-17)
(0.013413 -0.0479322 1.61701e-17)
(0.043583 -0.0881755 1.605e-17)
(0.0419082 0.0434503 4.02542e-18)
(-0.0521042 0.020382 0)
(0.0297484 -0.0794264 1.62002e-17)
(0.0700173 0.103815 0)
(0.0516692 0.0915501 -4.05743e-18)
(0.0664786 0.103727 0)
(0.0137629 -0.0552793 0)
(0.0516806 0.0850961 -1.22207e-17)
(-0.058428 0.0130017 -2.03576e-17)
(0.00679559 -0.0549353 5.65737e-19)
(0.00176119 -0.074278 1.61602e-17)
(0.00250408 0.024525 -1.61808e-17)
(0.0119459 -0.0555848 -1.67196e-17)
(0.057954 0.10119 6.97693e-22)
(0.0499902 0.0932463 4.04243e-18)
(0.0107299 0.0408605 1.61974e-17)
(0.0644092 0.0986242 9.62571e-22)
(0.0669106 0.115261 -1.67197e-17)
(0.111231 0.0282782 -1.60051e-17)
(0.00548023 -0.0491085 0)
(0.00207796 -0.0108727 0)
(-0.0464879 0.0203723 4.06713e-18)
(0.0614366 -0.00014411 4.11089e-18)
(0.0580293 0.0872994 -4.105e-18)
(-0.0173087 0.0287237 0)
(-0.0398169 0.0168059 0)
(0.0571999 0.0922856 4.08649e-18)
(0.0884839 -0.00362045 -1.6003e-17)
(0.0102849 -0.0502359 0)
(0.0632686 0.0934847 0)
(0.00927873 -0.0266855 0)
(0.0581102 0.10346 2.02388e-17)
(0.0783436 -0.0810767 -1.57764e-17)
(0.0741479 0.101201 1.21447e-17)
(0.0478409 -0.0865794 -1.21053e-17)
(0.0770723 0.00309515 1.17358e-17)
(0.0204053 -0.036532 -1.72654e-17)
(0.045615 -0.0876908 -4.03679e-18)
(0.0848634 0.0886619 1.1901e-21)
(-0.0624472 0.0171823 -1.43918e-17)
(0.0622655 0.096152 0)
(0.0712813 -0.0476922 -1.20779e-17)
(0.0440975 -0.0882299 4.03267e-18)
(0.0884919 -0.0890805 3.97486e-18)
(0.0661688 0.133788 -1.67885e-17)
(0.0660855 0.111869 4.0882e-18)
(-0.0307347 0.0402599 4.48563e-18)
(0.0875416 0.0736401 -1.33878e-21)
(0.037657 0.00951397 0)
(0.0461391 0.0917051 1.18288e-17)
(0.066495 0.106158 0)
(0.0627758 0.102751 -1.61193e-17)
(0.0010532 -0.0572682 0)
(0.0520828 -0.0905048 0)
(0.0160674 -0.0430515 1.74106e-17)
(0.0657056 0.104088 0)
(-0.00075171 0.00962274 -1.62357e-17)
(0.0505037 -0.0800012 -1.6121e-17)
(0.0601021 0.103207 0)
(-0.0350107 0.0522575 -1.98479e-17)
(-0.0162447 0.0328106 -4.07111e-18)
(0.132859 0.0285778 1.19777e-17)
(-0.0432404 -0.0200842 -1.19337e-17)
(0.0156863 -0.0621127 1.65058e-17)
(-0.0031199 0.0361191 1.62316e-17)
(0.0578539 0.100273 -4.06078e-18)
(0.105646 0.0423043 -7.0692e-22)
(0.022898 0.0587555 0)
(0.117334 -0.00297982 4.00221e-18)
(0.00283175 0.0136006 -8.58523e-23)
(0.0349746 -0.141538 -3.95969e-18)
(0.0334775 -0.073087 1.58548e-17)
(0.0791458 0.096766 4.04803e-18)
(-0.033283 0.0224616 0)
(0.0576768 -0.0870717 -3.9475e-22)
(0.0141838 0.0323232 1.21252e-17)
(0.0716317 0.0980358 -1.60849e-17)
(0.0950499 0.0616521 -4.01436e-18)
(0.0176206 -0.0265461 1.97111e-17)
(-0.033231 0.0239371 0)
(0.000703749 -0.0444608 0)
(0.0012282 -0.0572512 0)
(-0.043636 -0.0833964 3.96955e-18)
(-0.0343602 -0.139467 0)
(-0.0629275 0.0167272 1.68599e-17)
(0.0374689 0.0537878 -1.61498e-17)
(0.0444288 0.192476 1.64108e-17)
(0.0417948 -0.19904 3.94835e-18)
(0.0384258 -0.191526 0)
(0.0515964 0.147916 2.91292e-17)
(0.0902692 0.084195 4.02504e-18)
(0.101279 0.0731487 1.60187e-17)
(0.110291 0.0549466 -1.20154e-17)
(-0.00304014 0.0410759 -1.22019e-17)
(-0.0200733 -0.17399 0)
(0.0627818 0.105147 0)
(0.0533048 -0.0849653 3.6201e-17)
(0.000400581 -0.0284567 0)
(0.125035 0.0349492 -1.59988e-17)
(-0.00866509 -0.114752 -4.00322e-18)
(0.0756599 0.0920609 0)
(0.0912161 0.0800988 3.21453e-17)
(0.0315774 -0.0605431 0)
(0.0301396 0.0332114 2.01616e-17)
(0.0081807 -0.0537527 0)
(0.0123306 0.0526446 0)
(0.0225811 -0.0714711 0)
(0.0768621 -0.0928892 0)
(-0.0125208 0.0123122 9.37834e-18)
(-0.0200262 0.0111646 0)
(0.109402 0.0612637 -2.00548e-17)
(0.0249799 -0.0628122 0)
(0.0663531 -0.06851 1.61445e-17)
(0.0702792 -0.0946027 1.60321e-17)
(0.0643181 0.104683 1.6215e-17)
(0.017952 -0.0630928 4.06925e-18)
(0.0261316 -0.0749901 0)
(-0.00254978 0.0701745 2.71715e-17)
(0.0645704 0.109988 -2.0402e-17)
(0.0271283 -0.0443178 0)
(0.104472 0.00327079 0)
(0.123511 0.0230864 -1.60146e-17)
(0.0912661 -0.0928028 0)
(0.0612191 -0.0920679 1.99314e-17)
(0.00551112 -0.0282892 -3.07774e-17)
(0.0492838 -0.0709658 -1.61503e-17)
(0.0439987 -0.088517 -1.20607e-17)
(0.0271574 0.080986 8.78576e-18)
(0.0277605 -0.0666924 -1.21612e-17)
(0.0188497 -0.0661213 0)
(0.000567399 -0.0290896 0)
(0.0768642 -0.0635941 -4.01298e-18)
(0.0219117 -0.11139 3.99308e-18)
(0.0295033 -0.0771843 -4.04859e-18)
(0.0707383 -0.0794525 0)
(0.0393414 -0.0846009 0)
(0.0254264 -0.0732434 2.02712e-17)
(0.021516 -0.067478 -2.03062e-17)
(0.0804901 -0.09908 -3.98322e-18)
(0.0556628 0.0462331 3.95964e-18)
(0.119962 0.0394513 2.0007e-17)
(0.107801 0.0539526 0)
(0.128798 0.00618378 1.20016e-17)
(0.0271504 -0.0535322 4.1209e-18)
(-0.0541217 0.0231436 1.59012e-17)
(0.00170931 -0.051521 0)
(0.036842 0.0117448 8.08222e-18)
(0.0140844 0.0053551 0)
(0.0491684 -0.113609 -3.95253e-18)
(0.017535 -0.174922 3.96241e-18)
(0.0013301 -0.0743101 3.72783e-17)
(0.11717 0.0505103 4.00678e-18)
(0.0608807 -0.0821193 0)
(0.0896152 0.0230163 1.20358e-17)
(0.0658809 0.020528 -3.89085e-18)
(-0.0522394 -0.10713 -3.96384e-18)
(0.0773731 0.0153673 4.02324e-18)
(0.047686 0.0485222 0)
(0.00885013 -0.0320251 -3.12419e-17)
(0.0207988 -0.0629086 0)
(0.056411 -0.0740316 0)
(0.0313274 -0.0869674 2.00593e-17)
(0.0595621 0.169329 0)
(0.0534994 -0.201661 -3.92966e-18)
(0.101994 0.0178529 0)
(0.0703204 0.0451437 0)
(0.0381936 -0.0818474 -1.61082e-17)
(0.0717537 0.0608762 -2.24339e-17)
(0.0012799 -0.0371269 0)
(-0.0243457 0.00750429 1.2497e-18)
(0.0246617 -0.0675379 0)
(0.163837 -0.0630996 1.55908e-17)
(0.0429823 -0.086254 0)
(-0.0214124 -0.172793 0)
(0.0358525 -0.0379642 -4.1932e-18)
(0.0611355 -0.0525292 1.60359e-17)
(0.00218358 0.0386208 -3.16926e-17)
(0.0348898 -0.11987 -1.99235e-17)
(0.00975397 -0.0801712 3.20134e-17)
(0.054573 0.11944 -1.66855e-17)
(0.0025305 -0.0373419 1.65052e-17)
(0.0286922 -0.074897 -4.03923e-18)
(0.0465645 -0.0931178 -1.60005e-17)
(0.0293444 -0.0668659 4.03081e-18)
(0.0506472 -0.0929478 0)
(0.0322555 -0.0764673 1.61371e-17)
(0.077359 -0.0861883 4.01051e-18)
(0.0570081 -0.0627808 -3.23045e-17)
(0.0664722 -0.0905662 0)
(0.0274672 -0.0184925 0)
(0.0664826 -0.085848 0)
(0.0679669 -0.0877015 -1.59031e-17)
(0.0234169 -0.0613615 -4.05368e-18)
(0.166458 -0.078036 0)
(0.183758 -0.0443429 0)
(0.0380669 -0.0845817 -4.02125e-18)
(0.00255453 -0.036429 2.84601e-17)
(0.0818947 -0.0785189 -3.99213e-18)
(0.00275025 -0.0766926 -1.91079e-17)
(0.1928 0.00690099 -1.69308e-17)
(0.00316773 0.0128631 1.55151e-17)
(0.0964354 -0.058226 8.43233e-18)
(0.0097428 -0.0221379 1.61318e-17)
(0.0335755 -0.0793676 4.0174e-18)
(0.190841 0.0593074 0)
(0.0775286 0.0564229 0)
(0.0337026 0.034102 4.72638e-18)
(0.0346773 -0.0431729 -1.66505e-17)
(-0.000536888 -0.160733 -3.96771e-18)
(0.0358366 -0.0789991 1.60721e-17)
(0.0224657 -0.0782535 -2.00617e-17)
(0.0222555 -0.0104758 4.13061e-18)
(0.0219898 0.130418 0)
(0.0643816 0.117051 1.62969e-17)
(0.0169269 -0.0189832 0)
(0.0547275 0.168336 1.29519e-17)
(0.187694 -0.0171942 -1.68192e-17)
(0.00502512 -0.0508871 -1.17896e-17)
(0.0037551 -0.0450614 0)
(0.00627787 -0.0362482 1.77494e-17)
(0.0086138 -0.00557983 3.43766e-17)
(0.00105049 -0.00524491 -1.82316e-17)
(-0.0172884 0.0145022 -1.46939e-17)
(0.0348581 -0.00663941 0)
(0.0141494 -0.0203103 0)
(0.0535603 0.0688862 0)
(0.0507393 0.071342 1.86628e-17)
(0.000896638 -0.031408 -1.54771e-17)
(0.0353368 0.0464387 0)
(0.0640463 0.100952 4.42083e-18)
(0.037578 0.0731633 4.69215e-18)
(0.00881395 -0.0155356 -1.2339e-17)
(0.00361393 -0.0519245 0)
(0.0232932 0.0323466 0)
(0.178316 -0.0639465 0)
(-0.0184278 -0.0101279 0)
(0.0266337 0.109732 0)
(0.158204 0.0793886 -2.67549e-17)
(0.0501957 0.163917 0)
(0.192167 0.0357031 0)
(0.0112039 -0.0624098 8.62469e-18)
(0.0225926 0.143717 0)
(0.186759 0.0759539 -1.24372e-17)
(0.0548855 0.0860513 1.76043e-17)
(0.0604963 -0.0410054 -1.20169e-17)
(-0.183852 0.0379029 -1.23351e-17)
(0.138876 0.0781612 7.96023e-18)
(0.169547 0.121986 0)
(0.0152664 0.0729811 0)
(-0.0131034 0.0196452 1.82891e-17)
(0.0284882 0.0103603 1.91509e-23)
(0.00268829 -0.0711383 -2.84854e-17)
(-0.00289245 0.031205 0)
(0.0354084 0.031935 -1.89255e-17)
(0.00190652 -0.0619826 9.75329e-18)
(-0.167127 -0.00391437 0)
(0.00901685 -0.0178156 -3.38087e-17)
(-0.0553612 -0.0172565 8.19094e-18)
(-0.0404817 -0.00171302 1.70891e-17)
(-0.00336054 -0.0166477 1.68044e-17)
(-0.0374144 -0.0268868 1.57598e-17)
(-0.0263921 -0.023966 0)
(-0.00231126 0.0151581 1.41156e-17)
(0.0254544 -0.0287063 1.36968e-17)
(-0.0550326 -0.0212167 -4.20296e-18)
(-0.0461806 -0.0272942 0)
(-0.0144021 -0.0182351 0)
(-0.0534137 -0.02585 3.38313e-17)
(-0.048397 0.0183418 -1.69369e-17)
(-0.0252139 0.0102951 -2.25124e-17)
(0.0436363 -0.0354005 0)
(-0.0367243 -0.0123635 -1.62718e-17)
(-0.0306866 -0.00719837 0)
(-0.0233333 0.00310608 3.21198e-17)
(-0.0311122 -0.0209482 -1.6807e-17)
(-0.0180171 -0.0182267 0)
(-0.0052596 0.00815937 2.72337e-17)
(-0.0327461 0.00669179 1.57755e-17)
(0.0170827 -0.0182676 0)
(-0.0386397 -0.0183029 -1.25959e-17)
(0.042925 -0.00469442 -1.23464e-19)
(0.0683112 0.00374067 1.73378e-18)
(-0.168544 0.0472935 -2.54411e-17)
(0.00955881 -0.0557747 1.66908e-17)
(0.0212883 0.0454277 2.72736e-17)
(0.0213776 0.039589 -1.81355e-17)
(0.0434907 0.00538614 1.66732e-17)
(0.0258812 -0.0237504 -4.20293e-18)
(0.0074149 -0.0589344 -1.65482e-17)
(0.0091242 -0.0510481 3.44892e-17)
(0.00590196 -0.0476994 -1.88012e-17)
(0.00248378 -0.0710976 -1.92943e-17)
(-0.141646 -0.0508367 8.64337e-18)
(0.00201438 -0.0189279 -5.27908e-18)
(-0.0613607 0.0485986 1.83524e-17)
(-0.0595559 0.0373005 2.26243e-18)
(0.0560829 0.141279 0)
(0.00889531 -0.0600278 -1.76224e-17)
(0.00586955 -0.0051338 -6.98702e-18)
(0.179298 -0.00742626 1.51179e-17)
(-0.0103387 0.0393767 -2.21035e-17)
(0.0122781 0.0214018 2.00413e-17)
(-0.0364963 0.0487252 1.59196e-17)
(0.0192814 -0.00897019 1.67487e-17)
(0.0634175 0.134786 0)
(0.00219929 -0.0626814 2.26815e-18)
(0.00948926 -0.0751587 1.78626e-17)
(0.0328183 -0.0769838 3.53139e-17)
(0.0215499 -0.0155444 7.1405e-18)
(0.00442175 -0.00483557 0)
(0.05097 0.0721402 -1.85565e-17)
(-0.0444021 0.0286727 -2.21832e-18)
(0.00360171 -0.0258282 0)
(0.0051873 -0.0713333 -5.37444e-17)
(0.00100674 -0.0785141 0)
(-0.182643 0.0217589 0)
(0.00109064 -0.0126389 1.8541e-17)
(-0.0164283 -0.00264975 -8.7115e-18)
(0.00276795 0.0923614 -1.98515e-17)
(0.0326519 0.0656943 1.41235e-17)
(0.00110416 -0.00738975 -1.58167e-17)
(0.0615524 0.128348 0)
(-0.0020115 -0.00512241 0)
(0.0552943 0.0787393 0)
(-0.00234675 -0.00353059 1.10109e-18)
(-0.0488478 0.0267627 -3.40694e-17)
(-0.0506668 -0.00970109 8.49858e-18)
(-0.0253549 0.000845294 -1.65048e-17)
(0.00282031 0.080536 2.02888e-17)
(0.0465088 0.0807273 -5.47914e-19)
(0.00903963 -0.0786416 -3.18668e-17)
(-0.0333538 -0.00647999 1.77123e-17)
(0.0554724 0.126877 0)
(0.00734249 -0.00051173 0)
(0.00848618 -0.0514524 -1.24741e-17)
(0.00668916 -0.07461 3.569e-17)
(-0.00300673 -0.0189759 0)
(0.0435044 0.0824223 1.06096e-17)
(0.024387 -0.0138424 -9.13128e-18)
(0.0356289 -0.00387563 2.02854e-17)
(-0.130274 -0.0303384 0)
(0.0684462 -0.0363607 -2.10727e-17)
(0.0135694 0.00103496 8.99812e-18)
(0.00401954 -0.00915815 8.83471e-18)
(0.0110749 -0.0802908 1.88912e-17)
(0.0353494 0.0844532 -1.71348e-17)
(0.052474 0.0516672 0)
(-0.00832098 0.0156255 0)
(-0.00684282 0.0180332 0)
(0.0363924 0.0493858 1.13837e-17)
(0.000925638 -0.0671702 2.14792e-17)
(0.0134585 -0.0590567 1.07807e-21)
(-0.0600028 0.0559344 1.37493e-17)
(-0.0469326 0.0581982 -1.59985e-17)
(0.0022441 0.0101546 -1.64906e-17)
(-0.00228821 0.0175932 0)
(0.0148038 0.0905305 0)
(0.191782 0.0387734 0)
(0.188218 -0.0168652 -9.79201e-18)
(-0.0109807 0.0206722 1.70915e-17)
(0.0261019 -0.000282667 3.8682e-17)
(0.0383471 0.0423958 0)
(0.0927188 -0.0792524 -1.6308e-17)
(0.00865451 0.00550723 -8.50959e-18)
(0.0197512 -0.018818 -1.88615e-17)
(0.014346 -0.00897448 -8.68756e-18)
(0.141715 0.106691 0)
(0.0135582 -0.0430008 -1.02467e-17)
(0.0416087 0.13544 1.31004e-17)
(0.0051091 -0.0580406 -1.72333e-17)
(0.0048755 -0.0195913 2.64307e-17)
(0.0236301 0.0543582 -1.842e-17)
(0.0296979 -0.0205247 -2.42888e-17)
(-0.00127126 0.0390258 0)
(0.000578951 -0.00473342 9.74873e-18)
(0.00145908 -0.0517955 -1.01856e-17)
(0.0125344 0.0915301 -9.25946e-18)
(0.0639581 0.0800792 1.82776e-17)
(0.0287749 0.0131592 -2.26861e-17)
(-0.0109392 -0.0164367 0)
(0.0579661 0.08319 -9.66554e-18)
(-0.0456605 0.0360124 0)
(0.0316669 0.0726745 -1.85429e-17)
(0.0103089 -0.00678776 -1.06183e-17)
(0.000583563 -0.0372749 -1.09561e-17)
(-0.00504636 -0.0115835 0)
(-0.0537754 0.0261371 2.42423e-18)
(0.000578347 -0.0106997 0)
(0.00640295 0.108636 0)
(0.0108149 -0.0237798 -1.11169e-17)
(0.0317585 0.0390565 0)
(-0.00047961 -0.00436951 -1.01305e-17)
(0.0210772 0.0328654 0)
(0.0250196 0.0674134 1.78962e-17)
(0.00547705 -0.0770851 -1.9236e-17)
(0.115575 0.015511 -1.92315e-17)
(0.095127 0.00738013 -1.97627e-17)
(-0.000209552 -0.0106671 0)
(-0.00899565 0.0101063 0)
(0.0949823 -0.0443905 -2.53664e-17)
(-0.000451322 0.0741225 -2.14961e-17)
(-0.00513785 0.00751681 -1.05945e-17)
(0.0306624 0.0260607 9.88852e-18)
(0.00867841 -0.068235 1.12658e-18)
(0.0208648 -0.0052554 1.87555e-17)
(0.0315033 0.0213244 9.35382e-18)
(-0.0161782 0.0386135 2.48503e-17)
(0.00438633 -0.0050214 9.01648e-18)
(0.0391129 0.17562 -3.88692e-17)
(0.010979 -0.0550373 -2.20554e-17)
(0.0548185 0.0070046 0)
(-0.0450002 0.0327176 1.18391e-17)
(0.000154359 -0.00456825 -1.03678e-17)
(-0.0185555 -0.0127243 4.2134e-18)
(0.0235309 0.0566893 0)
(0.0108035 0.0163962 9.62765e-18)
(0.0204718 0.0476455 -1.96654e-17)
(0.0327647 0.0383594 0)
(0.0191748 0.00289296 -3.06849e-22)
(0.0177591 0.0155275 0)
(0.0217319 0.0260807 -1.23504e-18)
(0.0121837 0.00876288 -1.95087e-17)
(0.0185513 0.0198843 5.00959e-18)
(0.0834151 0.00532094 3.17474e-17)
(0.0686444 8.10733e-05 -9.97135e-18)
(-0.00391338 0.0562487 -2.57067e-17)
(-0.0332612 0.0474346 -4.18205e-17)
(0.038128 0.061919 3.09987e-17)
(-0.0393707 0.0263845 2.06638e-17)
(0.114904 0.0105435 -1.04108e-17)
(0.140736 -0.0119503 2.2414e-17)
(0.00514525 0.0884107 0)
(0.0380119 0.035793 -9.41786e-24)
(0.0488274 -0.024766 1.75867e-17)
(0.00431256 -0.00367806 -1.70308e-17)
(-0.1304 -0.0590595 1.57887e-17)
(0.00600851 -0.0783878 -2.42835e-17)
(0.00160777 -0.0135455 -8.117e-18)
(0.0529428 0.0105001 -2.72969e-17)
(-0.0144322 0.00348218 -1.00035e-17)
(0.17226 0.00771995 4.64584e-18)
(0.0188188 -0.0139436 -8.40981e-18)
(0.0414405 0.0357658 0)
(0.00113393 -0.0672155 0)
(-0.0165683 0.0434322 2.61397e-17)
(-0.0407725 0.0376197 4.66753e-18)
(-0.00611372 0.0110061 0)
(0.00103252 -0.079997 0)
(0.0542114 0.0671268 0)
(-0.0121368 -0.0292414 1.10143e-17)
(0.00156854 -0.0160569 1.1139e-17)
(0.010522 0.11353 -5.89059e-18)
(-0.00782429 0.0159539 9.29715e-18)
(0.0280446 0.00333778 0)
(-0.000994284 0.00863155 -1.65836e-17)
(-0.0178283 -0.0103893 -6.27368e-18)
(0.00687541 -0.043277 0)
(0.0140338 0.117602 1.9131e-17)
(0.178867 -0.0412489 -3.36306e-17)
(0.00906408 -0.0529524 2.08883e-17)
(0.0351032 0.162737 0)
(0.0260256 0.00233176 2.11006e-17)
(-0.0419596 -0.012095 -1.95747e-17)
(-0.00837735 0.0127696 6.84649e-18)
(-0.0012019 -0.016709 -4.83848e-18)
(0.0537651 0.0433909 -2.26257e-17)
(0.039556 0.00243997 -2.65951e-17)
(0.0280576 -0.0537059 -2.07564e-17)
(0.00309352 -0.076206 1.07432e-17)
(0.00818143 -0.0176303 -2.13457e-17)
(0.0241325 -0.0192818 3.06446e-17)
(0.0327019 0.0100207 2.16854e-17)
(-0.0210149 0.00105823 4.29091e-18)
(0.041929 0.0616837 0)
(0.00034848 -0.0173457 0)
(0.0118187 -0.004611 1.87891e-17)
(-0.163211 0.0283515 0)
(0.0509759 0.128165 -5.44341e-18)
(-0.00712848 -0.0105986 8.41476e-18)
(0.00402248 -0.0244724 2.32885e-17)
(0.0138578 0.0402585 9.92084e-18)
(0.0111562 -0.0776121 -1.76476e-17)
(-0.0367621 -0.0192654 -1.97796e-17)
(0.0437074 -0.0770541 -4.05566e-17)
(0.0495856 0.059786 -1.7355e-17)
(0.0344328 0.0936162 1.79647e-17)
(0.0267009 -0.0233364 9.16361e-18)
(0.0517647 0.184945 3.47889e-17)
(0.171519 -0.0521109 -1.96131e-17)
(0.00498895 -0.0330613 -1.02576e-17)
(0.0486448 0.0863751 -9.76342e-18)
(0.000699406 -0.0110813 2.55769e-17)
(0.0114634 -0.0067131 2.04383e-17)
(0.0458273 0.0705449 -9.39064e-18)
(-0.0272461 -0.00474675 2.82107e-18)
(0.00466443 -0.0198546 0)
(0.0486527 0.137043 2.52546e-18)
(0.0207524 0.0369918 1.12831e-17)
(0.00490751 0.103057 0)
(-0.0036603 0.00552218 -1.06888e-17)
(0.0824592 0.0473091 1.00648e-17)
(0.0219504 -0.0167189 -2.05334e-17)
(0.00159569 0.00443995 -2.30226e-17)
(-0.156959 -0.0107122 3.0838e-19)
(0.161965 0.0308743 1.53012e-17)
(0.00389237 0.000109082 -9.40095e-18)
(0.000347108 -0.0443152 1.1747e-17)
(0.0109061 -0.0323258 2.536e-17)
(-0.016225 0.0199894 -5.45838e-18)
(0.0118733 0.0165517 0)
(-0.0170896 0.030406 -3.52091e-17)
(0.0162972 0.0425806 -4.23238e-17)
(0.0283082 0.139601 -1.43936e-17)
(0.00903395 -0.0806153 -9.54135e-18)
(0.188888 0.0521954 3.29559e-17)
(0.0175033 0.15875 -1.14401e-17)
(0.0841378 -0.0817554 -1.25388e-17)
(0.17012 0.0529265 -3.05164e-17)
(0.0011472 -0.0222074 0)
(0.0419853 0.121866 5.45359e-18)
(-0.00168654 0.0908041 -1.88567e-17)
(0.0348557 0.122653 -1.13852e-17)
(-0.00373014 -0.0174476 2.18606e-17)
(0.0100907 -0.0494463 7.94223e-18)
(0.0222742 0.0291282 1.06039e-17)
(0.00277247 -0.0793351 0)
(0.00795083 -0.0747611 8.91277e-18)
(-0.0370702 0.0435124 0)
(-0.0366369 0.00309741 0)
(-0.0213519 -0.0208648 -9.27222e-18)
(0.00993672 -0.0763175 -1.69238e-22)
(-0.0262421 0.0488955 -1.32416e-17)
(0.00838577 -0.00375024 5.71593e-18)
(-0.0157248 -0.0162451 0)
(0.0228961 -0.0117718 1.95299e-17)
(-0.0606836 0.0218336 1.83805e-17)
(0.000997539 -0.0117016 1.08687e-17)
(-0.0145741 0.0607432 2.90693e-17)
(0.00875337 -0.0295641 1.17693e-17)
(0.00881026 0.00863616 -4.46248e-18)
(-0.00178499 0.0036445 -1.17332e-17)
(0.0116918 0.0561003 -2.77216e-17)
(-0.0162307 0.0238145 2.47504e-17)
(0.0215849 -0.0060389 -1.20101e-17)
(0.00457403 -0.0351531 1.67403e-18)
(0.0242408 -0.0252513 6.22627e-18)
(0.0112215 0.0248311 0)
(0.0604183 0.0539914 2.33309e-17)
(0.000132346 -0.0225586 0)
(0.0646809 0.0890069 1.05526e-17)
(0.0793921 -0.00529808 -3.44016e-17)
(0.1792 -0.0370443 1.20484e-17)
(0.0426953 0.00107611 1.57673e-18)
(0.00435969 0.00175365 0)
(0.00917714 0.156752 2.10144e-17)
(-0.0385887 0.0106308 0)
(-0.0239318 0.0151389 0)
(-0.0506921 0.0458711 0)
(0.00143748 -0.0222987 2.04174e-17)
(-0.0451943 0.0214242 -2.64194e-17)
(0.0232951 0.120569 6.2464e-18)
(0.000491614 -0.0264674 -2.80304e-17)
(-0.012204 0.0128991 1.2088e-17)
(-0.00771539 0.0524024 -2.33799e-17)
(0.00262076 -0.0188538 -2.30912e-17)
(0.0286967 0.0506292 -1.34165e-17)
(-0.0357348 0.0392957 -2.31681e-17)
(0.0109135 -0.0172913 0)
(0.00560076 -0.0760434 -2.64609e-17)
(0.0237265 -0.00288959 2.04847e-22)
(0.0134189 -0.0350869 1.17044e-22)
(0.00569443 -0.0799641 0)
(0.02643 -0.0112706 -7.19102e-18)
(0.00613496 -0.0804089 -3.46574e-17)
(0.0313618 0.0501623 0)
(0.0103766 -0.0457738 1.62985e-17)
)
;

boundaryField
{
    back
    {
        type            empty;
    }
    front
    {
        type            empty;
    }
    top
    {
        type            codedFixedValue;
        value           nonuniform List<vector> 
15
(
(0 -0.0785778 0)
(0 -0.0743111 0)
(0 -0.0572444 0)
(0 -0.0444444 0)
(0 -0.0572444 0)
(0 -0.0288 0)
(0 -0.0288 0)
(0 -0.0743111 0)
(0 -0.0785778 0)
(0 -0.0672 0)
(0 -0.0103111 0)
(0 -0.0103111 0)
(0 -0.0672 0)
(0 -0.08 0)
(0 -0.0444444 0)
)
;
        name            ParabolicTimeDependentU_max;
        code            #{
		const vectorField& Cf = patch().Cf();
		vectorField& field = *this;

		const scalar r = 18.0*1e-3;
		const scalar Umax = 0.4;
		const scalar Umin = 0.02;

		scalar 	Uvar = 0.08;
		scalar 	t = this->db().time().value();
		scalar	tau = fmod(t,1);
		
		if (tau > 0 && tau <= 0.35)
		{
			Uvar = 0.08+Umax*(1-(pow(tau-0.175,2)/(0.175*0.175)));
		}
		if (tau > 0.35 && tau <= 0.6)
		{
			Uvar = 0.08+Umin*(-1+(pow(tau-0.475,2)/(0.125*0.125)));
		}
		if (tau > 0.6 && tau <= 1)
		{
			Uvar = 0.08;
		}
		
		forAll(Cf, faceI)
		{
			const scalar x = Cf[faceI][0];
			const scalar y = Cf[faceI][1];
			field[faceI] = vector(0, Uvar*(-1+(pow(x+(0.02+r),2))/(r*r)), 0);
		}
	#};
    }
    outer_arc
    {
        type            noSlip;
    }
    bottom
    {
        type            zeroGradient;
    }
    inner_arc
    {
        type            noSlip;
    }
}


// ************************************************************************* //
