/*--------------------------------*- C++ -*----------------------------------*\
  =========                 |
  \\      /  F ield         | OpenFOAM: The Open Source CFD Toolbox
   \\    /   O peration     | Website:  https://openfoam.org
    \\  /    A nd           | Version:  9
     \\/     M anipulation  |
\*---------------------------------------------------------------------------*/
FoamFile
{
    format      ascii;
    class       volVectorField;
    location    "0.32";
    object      U;
}
// * * * * * * * * * * * * * * * * * * * * * * * * * * * * * * * * * * * * * //

dimensions      [0 1 -1 0 0 0 0];

internalField   nonuniform List<vector> 
1655
(
(0.0706926 -0.0482494 -4.94768e-18)
(-0.00991449 0.0221131 3.27285e-17)
(0.0362241 0.0352133 2.67635e-17)
(0.0467141 -0.0104232 -1.58853e-17)
(0.0981045 0.130665 0)
(0.121244 0.0862209 9.96377e-18)
(-0.0143908 0.0290294 0)
(0.0388795 0.156517 -1.78843e-17)
(0.0754147 0.22394 0)
(0.0973621 0.123944 -8.67584e-18)
(0.105294 -0.0536666 3.95226e-17)
(0.106816 -0.058427 -3.89341e-17)
(0.0274607 0.0913088 1.02517e-21)
(0.0289806 -0.0674681 -2.04464e-17)
(-0.00665608 -0.0532555 2.06357e-17)
(-0.056091 0.0437946 0)
(-0.180313 0.100854 3.49923e-17)
(0.129593 0.172799 1.06136e-17)
(0.138311 0.057867 -3.96729e-17)
(0.0220441 -0.0304692 -1.13592e-17)
(-0.0431932 -0.0486848 4.62875e-18)
(0.0714488 0.24043 0)
(0.0746428 0.152135 -2.1491e-17)
(0.0679254 0.141751 9.97951e-18)
(0.0828276 -0.0574433 -6.21753e-18)
(-0.203664 0.121233 -4.13498e-17)
(-0.0761126 0.0837481 -1.82777e-17)
(0.0562311 0.229344 -2.14558e-17)
(0.0508729 0.226026 2.89234e-17)
(-0.0428127 -0.0661763 -2.0454e-17)
(-0.0887658 0.0179452 5.15574e-17)
(0.108558 0.0426915 -5.50106e-18)
(0.0210801 -0.190147 -7.45325e-18)
(0.0369808 0.0484965 0)
(0.128536 0.1616 0)
(0.029757 0.0466958 0)
(0.132054 0.0960003 -2.67009e-17)
(-0.00486726 0.00061292 0)
(0.0210906 -0.180104 -1.01882e-17)
(-0.00292922 0.00478286 -3.53256e-17)
(-0.0580695 0.0133486 1.9824e-17)
(0.0794232 0.145385 1.73582e-17)
(0.021944 -0.163897 -1.06766e-17)
(0.141953 0.0447484 3.14116e-17)
(0.016429 -0.0492986 0)
(0.0765477 -0.0199173 0)
(0.0742016 -0.00984732 4.94071e-17)
(0.00666939 -0.00496376 0)
(0.116108 0.111037 1.92898e-17)
(0.0287769 -0.158877 2.59833e-18)
(0.138689 0.0939019 2.96311e-17)
(0.0787028 0.0337098 -1.98232e-17)
(-0.040879 -0.170075 -2.19096e-17)
(0.0725669 0.218863 1.91988e-17)
(0.107663 0.193365 -2.47134e-17)
(0.0189832 0.00983007 0)
(-0.0937668 0.121668 -9.55614e-18)
(0.0838672 -0.0408003 0)
(0.126597 -0.0405071 0)
(-0.0335329 -0.0687031 2.11166e-17)
(-0.126645 0.0223704 -5.14821e-17)
(0.13153 0.0692947 0)
(0.0818072 -0.0598124 0)
(0.0528944 0.188881 -4.93666e-18)
(0.166786 0.0313096 0)
(-0.0168208 0.0275183 0)
(0.156197 -0.000747346 4.58357e-17)
(0.104482 -0.0455131 -2.27189e-17)
(0.128045 0.142689 0)
(0.0701659 0.133849 -1.98552e-17)
(0.080861 -0.0379131 2.52512e-17)
(0.00555313 0.0241739 -1.21823e-18)
(-0.0406588 -0.111113 -1.26909e-18)
(0.0427293 -0.0367435 1.89643e-17)
(-0.0872421 0.00980115 -2.38861e-17)
(0.0155715 -0.0412228 1.11864e-17)
(0.0451665 0.20513 -6.56685e-18)
(0.119731 0.121329 0)
(-0.0664279 0.0631841 0)
(-0.0450732 -0.0607556 0)
(0.162042 0.0259263 2.51519e-17)
(0.00409269 -0.0180668 -1.13754e-17)
(0.110587 0.19751 2.52581e-17)
(0.158732 0.0466508 1.26377e-17)
(-0.0420773 -0.128439 0)
(0.069291 0.0653135 0)
(-0.0730699 0.00878617 -1.44629e-17)
(-0.0451215 -0.076571 0)
(0.0453005 -0.0572652 -9.89947e-18)
(0.058099 0.0619455 0)
(0.0705767 0.0873138 0)
(0.0155008 0.0352188 1.25918e-17)
(0.157735 0.0623911 2.42333e-17)
(0.110143 0.100559 0)
(-0.008271 0.0506201 0)
(0.152026 0.0666951 4.03478e-17)
(0.137601 0.00221055 -3.88846e-17)
(0.106482 -0.0373928 0)
(0.0971601 0.0473019 -1.17673e-17)
(-0.000669984 -0.211966 2.45384e-17)
(-0.00665628 0.0367626 -7.93459e-17)
(0.134677 0.0146696 -2.56317e-17)
(0.112908 0.113216 -2.5175e-17)
(0.153735 0.0161006 2.69007e-17)
(0.125747 0.194206 0)
(0.143447 0.0784652 -1.55052e-18)
(0.0699051 0.183679 -2.18061e-17)
(-0.0384773 -0.0386328 0)
(-0.0036659 -0.205422 0)
(0.0244941 0.0240043 -2.23844e-17)
(0.00276672 -0.211605 1.71694e-17)
(0.0800577 -0.0457087 2.01447e-17)
(0.0179729 0.0369936 1.3553e-17)
(-0.0383359 -0.151295 2.26237e-17)
(0.0747324 0.17043 2.07151e-17)
(0.0784799 0.0880449 -1.30808e-17)
(0.0704322 0.179398 -2.21606e-17)
(0.121109 -0.0338119 0)
(0.0501548 -0.0611057 1.96124e-17)
(0.123113 0.191748 -4.37997e-17)
(0.00904485 0.00947709 -3.82841e-17)
(-0.0682959 0.00235918 3.88586e-17)
(-0.101325 0.0123009 -3.06296e-17)
(0.193239 -0.0139059 2.84315e-17)
(0.157541 0.00913598 9.97708e-18)
(0.0648476 0.172676 0)
(0.0284602 -0.139636 -2.45581e-17)
(0.00730874 -0.0140569 2.23423e-17)
(-0.0728978 0.0687553 -3.08309e-18)
(-0.0225196 -0.164673 -2.93708e-18)
(0.130566 0.107543 5.69441e-18)
(0.00412651 -0.213488 3.02871e-17)
(0.060686 0.191969 1.91142e-17)
(0.066022 0.164822 2.00844e-17)
(-0.0189871 0.0218119 0)
(0.0364112 -0.0551138 0)
(0.0912928 0.138076 -1.16793e-17)
(-0.0281244 -0.132664 1.98783e-17)
(-0.0567991 0.0855036 1.04536e-17)
(0.147466 -0.00606606 -1.03828e-17)
(-0.0347767 -0.0827253 1.3781e-17)
(-0.116138 0.144979 1.86548e-17)
(-0.129755 0.135785 0)
(-0.123065 -0.044093 0)
(-0.222094 0.100234 -1.15857e-17)
(-0.149987 -0.0366632 0)
(-0.0959588 -0.0418666 -4.08294e-17)
(-0.0435332 -0.0483821 3.29258e-17)
(-0.0707137 -0.0441482 2.12332e-17)
(-0.224925 0.049752 0)
(-0.217396 0.0204663 1.99545e-17)
(-0.235111 0.0809973 -1.07258e-17)
(-0.172196 -0.0232446 2.0917e-17)
(-0.20072 -0.00503837 1.82279e-17)
(0.0721844 0.0680382 0)
(0.0268804 -0.127352 3.9574e-17)
(0.146596 0.0311096 2.55733e-18)
(-0.0153248 0.0122462 1.09301e-17)
(0.0743681 0.174495 0)
(0.148366 0.0231529 -2.72936e-17)
(-0.0200215 0.00856128 3.11298e-17)
(0.118073 -0.122539 0)
(0.079166 0.211398 -4.71569e-22)
(-0.0155359 0.0228937 0)
(-0.0568712 -0.012088 0)
(0.115229 -0.0437742 -1.05184e-17)
(0.0642666 0.217969 0)
(0.0723339 0.17002 -4.17374e-17)
(0.134139 0.011679 6.31132e-18)
(0.107015 0.0808115 0)
(-0.0932155 0.086 0)
(0.100316 0.188708 0)
(-0.0162881 -0.0052809 1.28315e-17)
(0.0752073 0.190938 2.20425e-17)
(-0.0480675 -0.101831 1.32617e-18)
(0.074444 0.185456 2.19556e-17)
(0.126786 0.109478 5.71616e-18)
(0.0888806 0.0449939 0)
(-0.0202131 -0.18702 -2.34413e-17)
(0.0211936 -0.0454071 1.85941e-17)
(0.0354001 0.028281 2.74519e-17)
(0.103775 0.184445 1.71145e-17)
(0.125726 0.0785238 -3.62351e-17)
(0.174031 -0.014073 -6.21796e-18)
(0.0152195 -0.0462571 -1.19568e-17)
(-0.00117389 -0.210421 0)
(0.0173816 -0.0365508 0)
(-0.011745 -0.200881 0)
(0.122108 0.178798 0)
(0.101648 0.180268 -1.6631e-17)
(0.0195524 -0.0451495 -2.14941e-17)
(0.149716 0.0752441 0)
(0.115095 0.175411 -2.22258e-17)
(0.0946236 0.0295441 2.78888e-17)
(0.0210837 -0.229461 0)
(-0.0320961 0.0105011 -1.34573e-17)
(0.117626 0.178508 0)
(0.00852473 -0.221509 0)
(0.0177146 -0.0221234 2.57836e-17)
(0.104799 0.176715 0)
(0.151355 -0.0202514 1.41967e-17)
(0.132684 -0.0172757 -6.37909e-18)
(-0.0636698 0.0263873 2.34513e-17)
(-0.0795003 0.009784 5.22202e-17)
(0.0918334 0.117226 -1.98503e-17)
(-0.0249016 -0.0681924 1.56587e-17)
(0.0364663 -0.203138 0)
(0.117134 0.172387 0)
(-0.0213994 -0.179411 6.95649e-17)
(-0.00363151 0.0358328 0)
(0.194376 0.029678 3.72645e-17)
(0.140999 0.0243312 -1.03014e-17)
(0.0263842 -0.0451561 0)
(0.0671946 0.175153 2.18245e-17)
(0.0335008 -0.0655155 -2.20478e-18)
(0.162089 -0.00959522 4.83457e-17)
(0.00983591 0.0371794 -1.22451e-17)
(0.089393 -0.0965067 0)
(0.192201 0.0105897 2.11885e-17)
(0.102972 0.172999 0)
(0.00714097 -0.0147546 0)
(-0.0346416 -0.0900069 -4.51808e-17)
(0.0279844 -0.191726 3.15205e-17)
(0.0982732 0.168244 2.22313e-17)
(0.0300585 -0.202342 -2.27221e-17)
(0.0437401 -0.242872 2.18283e-17)
(0.0475609 -0.241613 -2.17488e-17)
(0.0883514 0.109401 0)
(0.192147 -0.00976355 2.68713e-17)
(0.207214 -0.0228187 2.15272e-17)
(0.0610923 -0.184296 0)
(0.198649 -0.0549986 -2.68825e-17)
(0.214666 -0.0713282 2.6846e-17)
(0.118189 0.132234 -4.28789e-17)
(0.0378957 -0.213163 -2.24339e-17)
(0.0600884 -0.193057 2.19829e-17)
(0.030798 -0.236726 0)
(0.114711 0.16974 0)
(0.037602 -0.233514 2.7118e-17)
(0.20886 -0.108192 2.14642e-17)
(0.0388683 0.024969 -2.09869e-17)
(0.00391664 -0.0163284 3.94581e-17)
(0.221553 -0.125525 -2.68097e-17)
(-0.0405845 0.0543824 1.87607e-17)
(0.101497 0.165772 5.56294e-18)
(-0.0494898 -0.016769 -2.78583e-17)
(-0.113832 0.0433895 1.66645e-17)
(0.07727 0.204587 0)
(0.0229381 -0.225889 -5.43665e-18)
(0.0994539 0.172105 0)
(0.158134 0.0531055 -1.79338e-17)
(-0.0407145 -0.0122155 4.47365e-18)
(0.119246 0.152938 -2.18471e-17)
(0.161176 0.0336985 -1.56129e-17)
(0.0442708 -0.21453 2.20655e-17)
(0.206107 0.0192596 -2.65929e-17)
(0.00172116 -0.216848 -2.26293e-17)
(0.100682 0.162326 -5.54066e-18)
(0.0641399 -0.0208373 2.98697e-17)
(0.034607 -0.18133 2.08173e-17)
(0.14108 -0.16651 1.62308e-17)
(-0.0231929 -0.178014 2.2426e-17)
(0.0617564 -0.246845 2.16701e-17)
(0.157492 0.0161427 2.14486e-17)
(0.116354 0.151879 2.19035e-17)
(0.0792731 0.162343 2.21071e-17)
(0.0391794 -0.180612 0)
(0.0288449 -0.100971 -3.07425e-17)
(0.025589 -0.208649 1.18635e-17)
(0.0363752 -0.111238 0)
(-0.0262577 -0.142097 -2.35261e-17)
(0.121186 0.150563 1.68288e-17)
(0.00700262 -0.0265141 1.15508e-17)
(-0.0118124 -0.188116 0)
(0.109121 0.107509 -7.4969e-22)
(0.118614 0.152357 -1.69565e-17)
(-0.115477 0.0401148 0)
(0.103785 0.160407 2.77006e-17)
(0.118207 0.184976 -2.78994e-17)
(0.17655 -0.210538 5.31132e-18)
(0.111257 0.180925 2.26904e-17)
(0.0834969 0.1558 5.54637e-18)
(0.115047 0.138471 2.2493e-17)
(-0.0339131 -0.1416 1.98343e-17)
(0.0247728 -0.0410745 -3.76764e-17)
(0.119213 0.163778 -2.25288e-17)
(0.11126 0.174245 2.23735e-17)
(0.0117393 -0.212963 1.97088e-17)
(0.041341 -0.193583 0)
(0.124368 0.164781 0)
(0.119609 0.170618 2.2027e-17)
(-0.0504335 0.0244131 2.14241e-17)
(0.0394271 -0.146906 4.5976e-17)
(0.0953921 0.187868 0)
(0.111482 0.168807 -2.23406e-17)
(0.0431465 -0.236038 5.51863e-18)
(0.0224939 0.0946198 0)
(0.205848 -0.0011432 -3.74974e-17)
(-0.0337452 0.0628181 -2.17401e-17)
(-0.0151698 -0.198498 -5.45584e-17)
(0.0177227 -0.223539 -2.2927e-17)
(0.0636283 0.0594161 0)
(0.0310228 0.0240566 3.40949e-17)
(0.0558266 -0.243817 -5.48242e-18)
(0.0675494 -0.244212 -4.33247e-17)
(0.115476 0.181714 -2.37964e-17)
(0.0261675 -0.231964 -5.55661e-18)
(0.0121469 -0.21355 5.43379e-18)
(0.112035 0.164502 -5.56109e-18)
(0.0824829 -0.248327 -2.15905e-17)
(0.115331 0.155897 0)
(-0.139322 0.0760799 1.1756e-17)
(-0.00170914 -0.204182 -5.47016e-18)
(0.158889 -0.1841 -5.40802e-18)
(0.0789586 0.166488 0)
(0.109792 0.16609 0)
(-0.0600477 0.091919 -2.16607e-17)
(0.108444 0.184732 -2.23363e-17)
(0.0899239 -0.24443 6.29163e-22)
(0.00922794 -0.222368 2.39736e-17)
(0.108614 0.177363 0)
(0.0391426 -0.125813 -2.31838e-17)
(0.0180413 -0.218981 3.03097e-18)
(0.0520961 -0.238532 -5.50361e-18)
(0.0258641 -0.228176 -2.2328e-17)
(0.0632681 -0.0208708 3.15778e-17)
(0.0201438 -0.0104532 1.08248e-17)
(0.0832089 0.159786 -2.79375e-17)
(-0.00071862 -0.215475 0)
(0.128063 0.152887 -2.17913e-17)
(0.0484498 -0.204821 0)
(0.109078 0.171114 2.23144e-17)
(0.00214411 0.0316467 9.93213e-18)
(0.0142119 -0.205746 -2.18952e-17)
(0.114153 0.165043 2.22606e-17)
(0.0416322 -0.228547 -1.63113e-17)
(0.124931 0.153256 1.63757e-17)
(0.042257 -0.164159 -2.298e-17)
(0.0701007 -0.251006 0)
(0.11618 0.166709 0)
(0.0116256 -0.221063 2.36544e-17)
(0.0709573 -0.24933 2.17825e-17)
(0.106383 0.11828 0)
(0.194457 -0.0314705 -2.68053e-17)
(-0.0368338 -0.106035 0)
(0.0654542 -0.24524 -3.82594e-17)
(0.0342294 -0.103854 0)
(0.0358951 -0.237232 5.53321e-18)
(0.0179712 -0.228716 0)
(-0.012101 -0.176666 0)
(0.025114 0.067736 0)
(0.107099 0.135295 2.17133e-17)
(0.210456 -0.0460225 0)
(0.0330872 -0.22638 2.22635e-17)
(0.0933094 0.197421 0)
(0.105017 -0.247234 0)
(0.0645267 -0.250306 0)
(0.0827 -0.253227 -4.35548e-22)
(0.108897 0.160431 -2.21384e-17)
(0.0877502 -0.227874 2.70756e-17)
(-0.0385874 -0.0996941 -1.90396e-17)
(0.0455199 -0.192667 0)
(0.0886468 0.202097 -5.95386e-18)
(0.192297 -0.220518 2.13243e-17)
(-0.0155373 0.0503089 2.27004e-17)
(0.0130914 -0.00553039 -1.94483e-17)
(-0.00866175 -0.205594 5.73476e-18)
(0.0234956 0.0610527 -2.19539e-17)
(0.105854 0.170093 0)
(0.0777943 -0.225117 0)
(-0.0224901 0.0387902 0)
(0.0321426 -0.218958 2.22963e-17)
(-0.0170418 0.0452671 0)
(0.102701 -0.253346 0)
(0.0265247 0.0549772 0)
(0.110918 0.162238 5.53817e-18)
(0.139883 0.1449 1.63172e-17)
(0.0672935 0.180968 -8.87775e-22)
(0.0684867 -0.197616 5.44783e-18)
(0.052458 -0.246751 -2.18469e-17)
(0.0549164 -0.15827 -5.60875e-18)
(0.19506 -0.211772 0)
(0.0765007 0.161505 -2.29375e-17)
(0.181343 -0.225708 -2.66211e-17)
(0.0377425 -0.240262 -5.49434e-18)
(0.0912929 0.191856 0)
(0.111533 -0.251632 0)
(0.106162 0.161843 -1.57443e-21)
(0.112565 0.142101 0)
(0.0578052 -0.235488 -5.42249e-18)
(-0.0636476 0.0415122 2.064e-17)
(0.111665 0.140743 -2.17543e-17)
(0.134851 0.144382 -2.17724e-17)
(0.0937487 0.182908 0)
(0.0808978 -0.249329 0)
(0.123563 -0.250648 -2.14472e-17)
(0.113761 -0.242374 2.1488e-17)
(0.116651 0.163117 0)
(0.0826576 0.200029 0)
(0.133769 0.1152 0)
(0.0900556 -0.252705 -2.15872e-17)
(0.042482 -0.13551 4.58183e-17)
(0.205295 -0.205934 5.32094e-18)
(0.0871998 0.153796 -2.76844e-17)
(0.132214 0.149092 -5.43531e-18)
(0.0466636 -0.223794 -2.21134e-17)
(0.0974577 0.179429 2.23894e-17)
(0.109399 0.133766 -2.72796e-17)
(-0.0326966 0.0286515 0)
(0.140734 0.148053 0)
(0.0323588 0.0432207 0)
(0.220121 -0.197956 5.31697e-18)
(0.175163 -0.23238 5.3467e-18)
(0.135743 0.150572 0)
(0.053446 -0.224098 0)
(0.231576 -0.183974 -2.12646e-17)
(0.096017 0.175076 0)
(0.20404 -0.0807685 0)
(0.164018 -0.236804 -1.60638e-17)
(0.133591 -0.247937 2.14257e-17)
(0.13475 0.109937 2.17591e-17)
(0.210289 -0.205651 -5.31581e-18)
(0.0713054 0.0718749 5.50142e-18)
(0.128463 -0.243766 0)
(0.144776 -0.242896 2.14354e-17)
(-0.0651155 0.0339989 -1.3875e-17)
(0.218853 -0.0981832 0)
(0.0881872 -0.252168 1.6261e-17)
(0.0305065 -0.215065 2.18431e-17)
(0.209565 0.102533 2.6928e-17)
(0.0290806 -0.236651 0)
(0.123207 0.0990994 -7.20498e-21)
(0.144376 -0.245129 0)
(0.0985321 0.115827 -7.13913e-18)
(0.222179 -0.193067 1.5954e-17)
(0.225936 -0.171728 -1.59833e-17)
(0.0816277 -0.218383 2.17572e-17)
(0.0859035 0.10593 9.39309e-18)
(0.0301836 0.0371857 0)
(0.23545 -0.178491 0)
(-0.0898013 0.109001 1.88211e-17)
(0.181116 -0.21541 0)
(0.116478 0.139534 2.72477e-17)
(0.138218 -0.238181 0)
(0.174155 -0.229682 0)
(0.229796 -0.181798 -2.66045e-17)
(0.18559 0.120615 2.15811e-17)
(0.132003 0.15104 0)
(0.191141 0.113994 -6.80437e-21)
(0.119873 0.149859 2.17375e-17)
(0.206287 0.098197 -5.39217e-18)
(0.271694 -0.0853971 -2.13699e-17)
(0.205667 0.0832478 -5.37589e-18)
(0.194101 -0.218918 5.31962e-18)
(0.212592 0.0896256 -4.306e-17)
(0.20352 -0.205331 2.66037e-17)
(0.143509 0.117673 0)
(0.162368 -0.231722 0)
(0.203377 0.110029 0)
(0.0996167 0.091153 0)
(0.182928 -0.19349 -5.33218e-18)
(0.191551 -0.206756 -5.32723e-18)
(0.18705 -0.206854 5.32882e-18)
(0.262122 -0.0814434 -2.14054e-17)
(0.132255 0.108406 -2.17783e-17)
(0.0737723 0.166269 4.41066e-17)
(0.184988 -0.222901 -5.32571e-18)
(0.151876 -0.237974 0)
(0.209659 -0.186145 5.36814e-18)
(0.192259 -0.189134 0)
(0.183439 -0.173584 -2.13847e-17)
(0.068829 -0.187374 1.63065e-17)
(0.204698 -0.211671 5.32154e-18)
(0.125812 0.148102 5.43539e-18)
(0.275016 -0.0658318 2.13962e-17)
(0.191084 -0.168719 -5.34332e-18)
(0.176987 -0.151236 -3.74712e-17)
(0.22274 -0.151483 -1.60121e-17)
(0.222011 -0.152028 1.60888e-17)
(0.0988643 0.0782364 -1.04347e-17)
(0.105127 -0.232888 -2.70118e-17)
(0.145175 0.147251 0)
(0.219535 -0.176188 -5.32144e-18)
(0.184534 0.0849036 5.39494e-18)
(0.201582 -0.154709 -5.34151e-18)
(0.213801 -0.196459 -1.59569e-17)
(0.125503 0.0933467 -2.15705e-17)
(0.135236 0.0802525 0)
(0.134236 0.146033 0)
(0.115768 -0.241253 -5.40026e-18)
(0.278 -0.0547812 -4.82004e-17)
(0.16168 0.115053 -2.16176e-17)
(0.230735 -0.175231 5.3178e-18)
(0.236821 0.0464514 -5.37918e-18)
(0.232991 -0.0808364 -2.14534e-17)
(0.213512 -0.169253 5.33334e-18)
(0.000263214 0.0107972 -3.0933e-19)
(0.103089 0.0739428 0)
(0.232343 -0.163438 1.59787e-17)
(0.241557 0.0546217 2.68791e-17)
(0.234105 -0.0449982 0)
(0.182329 -0.145913 2.14095e-17)
(0.0718857 0.0680954 1.09948e-17)
(0.260861 -0.0552941 2.68033e-17)
(0.0211231 -0.0071075 0)
(0.23199 -0.0591119 1.61068e-17)
(0.169809 0.075513 -2.16315e-17)
(0.243839 -0.0522806 -5.37608e-18)
(0.251764 -0.08835 3.32716e-21)
(0.154994 0.0915183 -1.62362e-17)
(0.111597 0.12528 1.645e-17)
(0.226213 -0.0723267 -2.68254e-17)
(0.18962 0.0876245 -5.40383e-18)
(0.206167 -0.147497 -5.34373e-18)
(0.141256 0.0740061 0)
(0.239214 0.0370464 2.15074e-17)
(0.257987 -0.0723439 0)
(0.255909 -0.120252 1.6001e-17)
(0.0120503 0.0158526 1.96928e-17)
(0.00382709 0.0182009 0)
(0.24454 -0.0432794 -2.14773e-17)
(0.247529 -0.0930888 0)
(0.164894 -0.160699 4.30049e-17)
(0.2664 -0.0638488 0)
(-0.0115879 0.020062 -2.10342e-17)
(0.244899 -0.142984 2.66376e-17)
(0.207918 -0.0533169 -1.62499e-17)
(0.240213 -0.0671411 -3.51992e-21)
(0.243574 -0.11177 5.34518e-18)
(0.241361 0.00194074 -2.68274e-17)
(0.210588 -0.0413625 2.16934e-17)
(0.165743 0.108237 2.16196e-17)
(-0.0141851 0.0106766 -1.21401e-17)
(0.0328893 0.00289758 2.06273e-17)
(0.0328109 0.0185788 1.37012e-18)
(-0.011875 0.0249718 2.58719e-18)
(0.0355416 0.0387542 6.85969e-22)
(0.00502137 -0.00594934 -4.43368e-17)
(0.0288587 0.000266096 0)
(0.0286006 -0.0116598 -1.91896e-17)
(0.0377061 0.0148269 -3.21971e-17)
(0.0715408 0.0222563 -5.67442e-17)
(0.0351958 0.0167184 -2.18706e-17)
(0.0330775 0.00116809 0)
(-0.0159037 0.0129403 3.18849e-17)
(0.0318905 0.0232562 2.20307e-17)
(-0.00886639 0.00245805 2.37973e-17)
(0.0375365 -5.30945e-07 0)
(0.210571 -0.129514 1.60518e-17)
(0.0360101 0.009585 -3.38994e-17)
(0.00421472 -0.00573611 0)
(0.222024 -0.0924677 -5.36224e-18)
(-0.186793 0.0813011 0)
(0.201486 -0.0642209 -1.6152e-17)
(0.241997 -0.102448 5.34745e-18)
(0.0319713 -0.0022413 0)
(-0.111781 -0.03871 0)
(0.188163 -0.131192 5.35609e-18)
(0.228483 0.0294125 -2.15362e-17)
(0.17828 0.0928088 -5.39785e-18)
(0.276188 -0.0753337 1.60428e-17)
(0.197644 0.0224572 -3.78055e-17)
(0.236152 -0.153485 5.35965e-18)
(0.208067 0.038312 -1.60005e-17)
(0.140418 0.102973 0)
(0.0687546 0.00941082 -7.61449e-21)
(0.271741 -0.0952929 2.67026e-17)
(0.155193 -0.24151 -5.34083e-18)
(0.177438 0.0676079 7.64881e-21)
(0.231726 0.0142146 -1.60179e-17)
(0.153814 -0.137157 -5.42113e-18)
(0.212617 0.0740793 4.30516e-17)
(-0.0976363 -0.042105 1.99125e-17)
(0.185242 0.0772618 4.86456e-17)
(0.231613 0.0342269 -2.67281e-17)
(0.265405 -0.103833 -1.60131e-17)
(0.216686 -0.0838534 2.68197e-17)
(0.115188 0.133319 -4.35715e-17)
(0.0740048 -0.00517242 2.17567e-17)
(0.20387 -0.19519 -2.66301e-17)
(0.192151 -0.0568976 2.15985e-17)
(0.197198 -0.0464369 -3.6431e-21)
(0.138184 0.118672 0)
(0.0947163 0.0162859 3.68606e-17)
(0.213613 0.0297744 1.61761e-17)
(0.198838 -0.0353899 2.19558e-17)
(0.158708 0.0580485 4.26308e-17)
(0.261319 -0.0958334 2.13986e-17)
(0.253127 0.00477256 5.37784e-18)
(0.258766 -0.119683 -1.60261e-17)
(0.189786 -0.124033 -2.14325e-17)
(0.262083 -0.0716195 5.35635e-18)
(0.2617 -0.0477622 0)
(0.260551 -0.0247222 -5.37005e-18)
(0.253922 -0.142187 -5.32931e-18)
(0.0937279 0.0009621 -2.17709e-17)
(0.148189 -0.141037 4.29705e-17)
(-0.067956 -0.0548078 -2.02884e-17)
(0.25884 -0.00272544 -1.61062e-17)
(0.20276 0.0663171 -2.15394e-17)
(0.256454 0.0179729 -1.6089e-17)
(-0.170594 0.0189961 5.39056e-18)
(0.1482 0.0411963 1.56947e-17)
(0.150562 0.0984404 2.16516e-17)
(-0.176817 0.0454359 1.0581e-17)
(-0.179429 0.0643116 0)
(-0.131193 -0.0356709 -1.15664e-17)
(-0.0501738 -0.070997 -3.73191e-17)
(-0.08103 0.10441 4.34904e-17)
(-0.146629 -0.0195151 5.02604e-18)
(0.228534 -0.113735 -2.13901e-17)
(0.203249 -0.0926941 5.36583e-18)
(-0.113742 0.0900609 0)
(-0.163177 -0.00140155 -4.45325e-17)
(-0.0833111 -0.053487 0)
(0.253091 0.0371683 -2.68282e-17)
(0.0845705 -0.0214557 2.17333e-17)
(0.18341 -0.0659465 2.15311e-17)
(0.239773 -0.165199 -2.12735e-17)
(0.138557 0.00786428 2.69339e-17)
(0.100602 -0.0158065 -2.17437e-17)
(0.265271 -0.109135 0)
(0.100391 -0.0436993 -4.3365e-17)
(0.168169 0.0505154 -2.59435e-17)
(0.260823 -0.13169 2.66849e-17)
(0.185987 0.0233278 2.16234e-17)
(0.267465 -0.0854842 -1.60461e-17)
(0.267905 -0.0616345 0)
(0.267072 -0.0382501 5.36864e-18)
(0.250496 -0.00546915 -1.07418e-17)
(0.243366 -0.16919 -5.32022e-18)
(0.261812 0.00941933 1.60998e-17)
(0.265318 -0.0157639 0)
(0.16719 -0.0275116 2.38162e-17)
(0.191563 -0.0736173 -2.69119e-17)
(0.262628 0.00554945 4.82602e-17)
(0.165689 -0.0490254 0)
(0.13836 -0.0542831 1.07731e-17)
(0.207166 -0.101199 0)
(0.264411 -0.113845 5.33556e-18)
(0.156133 -0.0763721 -2.69329e-17)
(0.0704864 0.057827 -1.87489e-17)
(0.221358 -0.189864 1.5964e-17)
(0.156983 -0.0559249 0)
(0.178944 -0.0801799 -2.83721e-17)
(0.134441 0.104672 2.1766e-17)
(0.211271 -0.121286 -5.3519e-18)
(0.174653 -0.0320716 -2.36425e-17)
(0.253376 0.0417887 -2.14689e-17)
(-0.0572713 0.0437219 -5.48736e-18)
(0.258891 0.0253581 0)
(0.162694 -0.12723 0)
(0.263836 -0.128881 -5.33018e-18)
(0.243015 -0.133698 0)
(0.22655 -0.143094 2.66882e-17)
(0.137067 -0.0930729 0)
(0.259468 -0.136973 5.32978e-18)
(0.229711 0.0701392 0)
(0.27425 -0.0863197 1.60314e-17)
(0.144275 -0.0294434 0)
(0.228976 -0.122722 2.13901e-17)
(0.238746 0.0420105 5.36305e-18)
(0.228502 0.0204806 3.76805e-17)
(0.253936 -0.130074 -2.66709e-17)
(0.246247 -0.162196 0)
(0.210838 0.0566203 0)
(0.165994 -0.000368208 2.12069e-17)
(0.172399 -0.0728463 3.32603e-17)
(0.149318 -0.0499004 0)
(0.167379 -0.105577 0)
(0.240087 0.0226561 3.7464e-17)
(0.27435 -0.0196282 2.14428e-17)
(0.179725 0.00481557 -5.49507e-18)
(0.196215 0.117341 0)
(0.197478 0.0154286 2.15984e-17)
(0.234069 -0.008365 1.07645e-17)
(0.219017 0.0966852 -5.38115e-18)
(0.170258 0.0498272 0)
(0.198438 0.0481782 5.36334e-18)
(0.167076 0.00887613 -9.71211e-18)
(0.225884 0.0850098 0)
(0.236411 0.0598204 0)
(0.240969 0.00867082 -1.07501e-17)
(0.253616 -0.152106 5.32347e-18)
(0.251933 0.0245392 -1.07427e-17)
(0.112328 -0.0373562 5.41538e-18)
(0.14648 -0.0614747 1.07434e-17)
(0.0923016 0.116225 1.0202e-17)
(0.248113 0.0545108 0)
(0.253644 0.0433923 1.07274e-17)
(0.250379 0.0349532 -5.18591e-21)
(0.211711 0.0142045 5.39375e-18)
(0.154845 0.0996906 0)
(0.258989 0.0375298 5.3654e-17)
(0.188512 -0.10644 2.68391e-17)
(0.232173 0.0754955 -5.37569e-18)
(0.170129 0.0039307 -1.60977e-17)
(0.231309 0.0529984 0)
(0.166074 -0.0993882 -2.79128e-17)
(0.159913 -0.0830225 3.7976e-17)
(0.25445 -0.147033 -5.32572e-18)
(0.185436 -0.0982291 5.36967e-18)
(0.137795 -0.112319 2.29117e-17)
(0.242351 0.0184421 -3.22703e-17)
(0.18213 0.128103 0)
(0.173612 0.129713 -2.70457e-17)
(0.180835 0.0104711 0)
(0.270315 -0.108307 -2.13467e-17)
(0.240889 0.0694008 4.83454e-17)
(0.184035 0.108262 -6.98352e-21)
(0.127911 -0.0651071 2.16219e-17)
(0.274345 -0.0146617 2.68202e-17)
(0.0522763 -0.022641 0)
(0.268138 -0.118506 -5.33327e-18)
(0.273887 -0.0979242 1.60075e-17)
(0.142107 0.146332 0)
(0.172992 0.0230668 5.699e-18)
(0.207505 0.0862985 2.15757e-17)
(0.241881 -0.161688 -1.59761e-17)
(-0.044276 0.0264378 0)
(0.266054 0.0202474 0)
(0.249516 0.0523381 0)
(0.113893 0.156294 0)
(0.247602 -0.152309 2.13025e-17)
(0.08757 0.149777 2.7618e-17)
(0.143753 -0.0968721 -2.16379e-17)
(0.225271 0.0883447 -5.37933e-18)
(0.188999 0.0570596 -2.16184e-17)
(0.254582 -0.0977059 1.60473e-17)
(0.175385 0.0192696 0)
(-0.00289628 -0.00607598 5.45859e-18)
(0.156394 0.0835861 4.88115e-17)
(0.202736 0.111496 0)
(0.262517 0.0261226 -2.68229e-17)
(0.150677 0.0922291 -5.4262e-18)
(0.191134 0.0723342 -1.62141e-17)
(0.188153 0.12315 0)
(0.22003 -0.00455063 -4.38889e-21)
(0.237225 0.0640281 -4.30138e-17)
(0.189165 0.00236073 -5.49963e-18)
(0.163487 -0.0796204 0)
(0.138481 0.102409 0)
(0.137341 -0.0999383 -1.77938e-17)
(0.135083 -0.106337 3.33143e-21)
(0.246348 0.0591816 -2.14826e-17)
(0.26099 0.0205405 -1.6101e-17)
(0.215032 0.0973805 -2.15467e-17)
(0.164726 -0.121288 0)
(0.170293 0.0132862 2.53107e-17)
(0.224366 0.00396906 1.08777e-17)
(0.208459 0.104089 -5.7551e-21)
(0.175138 0.0141303 -5.50925e-18)
(0.122328 0.119222 0)
(-0.0205413 -0.00826232 -3.79736e-17)
(-0.0176616 0.00519599 -4.4034e-17)
(0.169552 0.0554131 0)
(0.175222 0.0616522 2.1654e-17)
(0.217471 0.0887363 2.15387e-17)
(0.206467 -0.176102 0)
(0.154311 0.0926673 -2.16903e-17)
(0.0772209 -0.051222 -2.16609e-17)
(0.0448682 -0.0281639 2.24033e-17)
(0.180229 0.126809 1.6224e-17)
(0.16898 0.0587797 0)
(0.0688422 0.086192 -2.15344e-17)
(0.203814 0.075887 -2.15765e-17)
(0.209437 0.00635266 5.4945e-18)
(0.118439 -0.0728102 0)
(0.191698 0.115429 0)
(0.189641 0.100707 -1.6182e-17)
(0.0730968 -0.0587242 2.16543e-17)
(0.184248 0.0624863 -5.40658e-18)
(0.171191 0.055541 0)
(0.0648276 0.0814186 0)
(0.277061 -0.0761938 -3.74091e-17)
(0.274086 -0.0114146 -5.36063e-18)
(0.134183 -0.115994 5.76406e-18)
(0.230841 0.0810931 2.68923e-17)
(0.26893 0.00382143 1.60925e-17)
(0.268984 -0.00772813 -3.75462e-17)
(0.20094 0.0919129 -2.69727e-17)
(0.194188 0.106574 -2.15883e-17)
(0.184704 0.119286 2.70157e-17)
(0.201198 0.101784 4.85633e-17)
(0.271078 0.00104675 1.60869e-17)
(0.269331 0.00821758 -1.60798e-17)
(0.158613 0.0798844 -5.51994e-18)
(0.240109 -0.142959 0)
(0.223535 0.0813035 -4.30695e-17)
(0.276956 -0.0323427 -2.14466e-17)
(0.171805 0.046168 -2.16527e-17)
(0.0301777 -0.0319949 2.17475e-17)
(0.236472 0.0720747 -2.14998e-17)
(0.167678 0.12838 0)
(0.15541 0.121385 0)
(0.0410937 -0.229711 0)
(0.276038 -0.0637748 2.14038e-17)
(0.124824 0.138191 0)
(0.152253 0.0875413 -1.627e-17)
(0.180363 0.0486122 0)
(0.151297 0.0889093 0)
(0.139388 0.108238 0)
(0.14947 0.109328 -5.42818e-18)
(0.174143 0.0502076 0)
(0.212815 -0.188795 2.12969e-17)
(0.276007 -0.0413677 -5.35933e-18)
(0.168447 0.125317 0)
(0.133924 0.104546 -2.75087e-17)
(0.0961758 -0.0999097 -2.16647e-17)
(0.146219 0.0954804 0)
(0.277989 -0.0541087 5.3534e-18)
(0.130011 -0.182796 0)
(0.100562 -0.165172 1.62966e-17)
(0.144997 0.100576 0)
(0.106081 0.111432 0)
(0.120024 -0.128485 -2.16447e-17)
(0.156115 0.113596 0)
(0.177432 0.114663 -2.16402e-17)
(0.14941 0.102339 5.42659e-18)
(0.0290525 -0.0434679 0)
(0.260909 -0.0108589 1.61193e-17)
(0.16206 0.103185 5.41845e-18)
(0.0831381 0.0915862 0)
(0.136807 0.100636 -1.47664e-17)
(0.267582 -0.0457326 -2.68347e-17)
(0.10198 -0.0897134 -3.98285e-21)
(0.150865 0.143803 -2.17066e-17)
(0.108184 0.118422 2.17903e-17)
(0.170388 0.117028 -2.16513e-17)
(0.18458 0.0293456 0)
(0.124675 0.132612 -1.63111e-17)
(0.149235 0.122328 0)
(0.243978 -0.0370155 -2.15474e-17)
(0.17774 0.105286 0)
(0.201944 0.0593508 5.40181e-18)
(0.14336 0.140141 5.43434e-18)
(0.182942 0.0918292 0)
(0.168017 0.135776 5.41487e-18)
(0.157335 0.0810066 1.89559e-17)
(0.16252 0.111763 1.62586e-17)
(0.123624 0.172876 0)
(0.212152 0.0375597 -1.61779e-17)
(0.0608524 -0.0789183 0)
(0.148032 0.0922753 0)
(0.153743 0.0844092 -1.95237e-17)
(0.161704 0.12674 0)
(0.0593428 -0.0911064 0)
(0.172423 0.0279933 -5.64799e-18)
(0.109697 -0.140606 2.70745e-17)
(0.152478 0.13438 -2.17045e-17)
(0.221831 0.0719307 -2.15371e-17)
(0.00293481 -0.187842 2.23955e-17)
(0.0956286 0.109043 2.21388e-17)
(0.156086 0.142473 0)
(0.168464 0.100404 -5.41706e-18)
(0.140937 0.0983769 0)
(0.065405 -0.0839179 -1.12255e-17)
(0.158723 0.133793 4.74869e-21)
(0.172887 0.13216 0)
(0.209635 -0.0293319 -2.74386e-17)
(0.14507 0.0955957 0)
(0.137739 0.131114 -5.42856e-18)
(0.0998934 0.11817 1.73043e-17)
(0.113401 -0.139823 2.16256e-17)
(0.149012 0.140218 2.17195e-17)
(0.206245 0.0527906 1.61918e-17)
(0.140299 0.0986458 -9.09478e-18)
(0.22681 0.0640157 4.30678e-17)
(0.162034 0.137814 2.16747e-17)
(0.136469 0.136607 -5.43154e-18)
(0.14513 0.143138 0)
(0.130801 0.130333 0)
(0.0848188 0.14801 2.20731e-17)
(0.209462 0.0696559 1.61823e-17)
(0.232806 -0.0308167 2.73927e-17)
(0.0931264 -0.117178 -5.37449e-18)
(0.184791 0.101964 0)
(0.0746987 -0.102546 0)
(0.277361 -0.0343505 0)
(-0.0113101 -0.0476229 -2.17453e-17)
(0.124581 0.151028 0)
(0.0820429 0.151922 -2.24383e-17)
(-0.0152206 -0.0308381 3.85084e-17)
(0.142719 0.112067 4.33054e-17)
(0.158723 0.0825936 -2.1689e-17)
(0.260539 -0.0379856 0)
(0.163379 0.0782629 -2.16831e-17)
(0.22033 0.0545218 0)
(0.154117 0.142253 0)
(0.132119 0.125063 0)
(0.115427 0.119039 1.64995e-17)
(0.107161 0.164671 0)
(0.00898332 -0.223652 0)
(0.197829 0.0368174 0)
(0.118859 0.116947 0)
(0.115953 -0.248661 -5.39348e-18)
(0.108475 0.157887 0)
(0.275583 -0.0459246 2.67873e-17)
(0.139857 0.135185 -5.4404e-18)
(0.104414 0.166867 0)
(0.170848 0.066682 -2.16582e-17)
(0.223714 0.0464699 -5.38662e-18)
(0.0648508 -0.0958243 5.60015e-18)
(0.144002 0.111098 0)
(0.12167 0.114322 -2.11974e-17)
(0.132327 0.139803 -2.18369e-17)
(0.177262 0.0315325 5.5164e-18)
(0.117839 0.11629 -1.64371e-17)
(0.166972 0.0639529 2.76144e-17)
(0.0994987 -0.1364 -2.1584e-17)
(0.134513 0.134896 0)
(0.0848483 -0.124652 0)
(0.0238308 -0.0800285 0)
(0.0808221 0.154654 0)
(0.109734 0.123545 -1.64807e-17)
(0.120871 0.14999 -5.48059e-18)
(0.127475 0.139271 2.18534e-17)
(-0.158451 0.098347 1.28545e-17)
(0.166617 0.0677962 -5.46664e-18)
(0.057903 -0.079001 2.26128e-17)
(0.153805 0.12803 0)
(0.106514 0.125106 -1.74564e-17)
(0.172727 0.0877417 5.41556e-18)
(0.273566 -0.0263549 0)
(0.14769 0.129152 -2.17438e-17)
(0.166639 0.0914157 5.4166e-18)
(0.103409 0.157282 -2.76364e-17)
(0.112306 -0.158932 0)
(0.125418 0.14339 -4.38071e-17)
(0.0863074 0.145079 0)
(0.113392 0.142963 0)
(0.0518162 -0.143601 5.59849e-18)
(0.108699 0.14676 0)
(0.104534 0.127905 -1.65287e-17)
(0.111908 0.120667 -5.49236e-18)
(0.0790011 -0.120167 -2.71784e-17)
(0.195059 0.0433822 5.40279e-18)
(0.183708 0.0429867 0)
(0.133887 -0.243653 -4.29844e-17)
(0.0887707 0.107762 5.32317e-18)
(0.169552 0.0789557 1.62506e-17)
(0.0804366 -0.137497 -1.62404e-17)
(0.137201 0.124626 -2.17989e-17)
(0.122318 0.112927 0)
(0.26578 -0.0278158 2.14956e-17)
(0.14189 0.129366 4.89404e-17)
(0.0478997 0.0598594 -2.85147e-17)
(0.159496 0.0891334 2.16921e-17)
(0.0776553 -0.199467 -2.17692e-17)
(0.101822 0.130314 -1.97189e-17)
(0.106385 0.12503 -5.50912e-18)
(0.174958 0.0745209 -2.16547e-17)
(0.17204 0.122443 0)
(0.114887 0.154487 0)
(0.194698 -0.184927 -5.38736e-18)
(0.0252919 -0.216042 0)
(0.150908 0.133573 2.71086e-17)
(0.240899 -0.0222539 0)
(0.167726 0.136329 0)
(0.1222 0.15475 2.73642e-17)
(0.109537 0.143297 0)
(0.257111 -0.0212312 -2.14916e-17)
(0.121047 0.142874 -3.05858e-21)
(0.158227 0.138699 -2.16713e-17)
(0.00243952 -0.0622403 2.18526e-17)
(0.0488181 -0.244815 5.47674e-18)
(0.0975775 0.122969 1.98279e-17)
(0.22812 -0.0170694 -2.67185e-17)
(0.0251772 -0.0630892 0)
(0.0526689 -0.202639 0)
(0.0806342 -0.235159 6.17551e-22)
(0.162805 0.0726822 0)
(0.0840646 -0.242729 -5.43613e-18)
(0.173003 0.0409028 2.15698e-17)
(0.086728 0.148003 -1.65112e-17)
(0.104544 0.129484 1.95042e-17)
(0.0437327 -0.160035 -2.21441e-17)
(0.094575 0.136951 0)
(0.175492 0.0371651 0)
(0.161515 0.0753333 -5.51944e-18)
(0.0993458 0.132749 0)
(0.114636 0.154773 -2.20557e-17)
(0.0572018 -0.232456 -5.49571e-18)
(0.0515369 -0.117167 1.62736e-17)
(0.0962328 -0.193649 5.42002e-18)
(0.101024 0.129625 0)
(0.0797736 0.0865532 -2.77829e-17)
(0.119351 0.146373 0)
(0.100028 0.0969214 5.45661e-18)
(0.105052 0.147454 2.20472e-17)
(0.0776833 -0.148484 0)
(0.131731 0.148235 0)
(0.107737 0.133077 1.01375e-17)
(0.140668 0.118501 -2.16617e-17)
(0.100904 -0.153221 2.71104e-17)
(0.115418 0.146124 0)
(0.0527424 -0.132006 -2.17486e-17)
(0.114221 0.149228 2.19771e-17)
(0.1273 0.147513 2.186e-17)
(0.081532 0.155014 5.00814e-18)
(0.0889714 0.14592 -5.0705e-18)
(0.0962668 0.134209 -2.33489e-17)
(0.110274 -0.174143 1.63347e-17)
(0.0826778 0.151428 -4.95609e-18)
(0.110653 0.149379 -2.19995e-17)
(0.0914069 0.138983 -2.27187e-17)
(0.0223103 -0.0337045 -2.37252e-17)
(0.10654 0.155961 2.7613e-17)
(0.0697455 -0.238951 2.18353e-17)
(0.061186 -0.160697 -2.23279e-17)
(0.0901758 -0.226569 5.43224e-18)
(0.0913378 0.1394 2.12468e-17)
(0.0895403 0.141579 -2.2057e-17)
(0.049611 -0.154137 -1.716e-17)
(0.12477 0.150699 0)
(0.0781713 0.158741 0)
(0.109967 0.152309 -2.20366e-17)
(0.0925236 -0.177531 -5.43266e-18)
(0.0931778 -0.217982 -5.42183e-18)
(0.104232 -0.185704 2.17978e-17)
(0.094466 0.154693 -2.21768e-17)
(0.166467 -0.214845 0)
(0.0931874 0.113348 1.1136e-17)
(0.0915264 0.148144 -2.21208e-17)
(0.103028 -0.224837 4.42971e-22)
(0.0665171 -0.220784 0)
(0.0920858 0.144185 2.2078e-17)
(0.0410565 -0.103671 -1.26215e-18)
(0.106676 0.153017 -5.52116e-18)
(0.0982811 -0.167157 0)
(0.180832 -0.139919 5.38762e-18)
(-0.0269149 -0.179231 2.33968e-17)
(0.0269901 -0.111669 -2.18708e-17)
(0.0909482 -0.238738 5.42943e-18)
(0.0541655 -0.178702 0)
(0.0470595 -0.176215 -5.54251e-18)
(0.108255 0.127104 0)
(0.10958 0.146225 0)
(0.0572459 -0.144664 0)
(0.115716 0.122306 2.99714e-17)
(0.0731361 -0.156087 0)
(0.154742 -0.173644 0)
(0.16592 0.0667081 -1.8935e-17)
(0.0602737 0.184215 -1.34894e-21)
(0.104721 -0.214195 0)
(0.0609939 -0.210426 -2.18717e-17)
(0.0179186 -0.23004 0)
(0.0945425 0.150728 -2.21338e-17)
(0.115145 0.161853 -2.22637e-17)
(0.0643452 -0.231652 5.47317e-18)
(0.106866 -0.25206 5.40248e-18)
(0.0566888 -0.213876 0)
(0.062193 -0.142969 -5.64605e-18)
(0.0769711 -0.236651 0)
(0.0299368 -0.131509 0)
(0.0821827 0.0528024 -1.04387e-17)
(0.0851949 -0.184281 -5.4419e-18)
(0.101003 0.155453 1.65989e-17)
(0.107874 0.142644 -2.21407e-17)
(0.0864224 0.214039 -2.29786e-17)
(0.118712 0.207691 8.55759e-19)
(-0.00175101 -0.208313 0)
(0.163432 0.0712527 4.67379e-18)
(0.0707253 -0.215793 0)
(-0.104406 0.0981173 1.49706e-17)
(0.050725 0.0647431 4.63154e-17)
(0.0770061 -0.187532 2.18021e-17)
(0.0729076 0.168617 -2.35031e-17)
(0.110337 0.129188 2.74787e-17)
(0.097485 0.156981 5.54039e-18)
(0.0872427 0.166847 0)
(0.087098 -0.198416 2.73106e-17)
(0.0676434 -0.160084 -1.68845e-17)
(0.105357 0.133781 -2.77883e-17)
(0.0978004 0.160718 -5.54707e-18)
(0.0368569 -0.118181 0)
(0.104597 0.150854 4.41851e-17)
(0.00734801 -0.112291 2.18102e-17)
(0.140036 -0.220899 2.15095e-17)
(0.119061 0.152732 5.48877e-18)
(0.096668 0.104024 0)
(0.0636007 -0.229134 2.17051e-17)
(0.0968389 0.139305 0)
(0.0942294 0.162657 -5.55247e-18)
(0.0860374 0.190056 0)
(0.00916067 -0.135441 0)
(0.094851 0.16671 -1.67249e-17)
(0.111453 0.148371 -2.77877e-17)
(0.133308 0.181201 7.6621e-19)
(0.00414581 -0.199049 2.16614e-17)
(0.116036 0.155217 -2.19905e-17)
(-0.00695727 -0.143495 -2.25148e-17)
(0.0983625 0.14951 1.83085e-21)
(0.101062 0.151947 5.53633e-18)
(0.115495 0.157007 2.20448e-17)
(0.102557 0.144805 2.06863e-21)
(0.0810614 0.193689 -2.28972e-17)
(0.120865 0.119404 -2.19303e-17)
(0.12825 0.148813 0)
(0.0443206 -0.0949782 0)
(0.110949 0.150723 5.54526e-18)
(0.130395 0.106893 5.59419e-18)
(0.092023 0.173523 -5.61664e-18)
(0.114568 0.157863 0)
(0.0953573 0.0945687 0)
(0.0911092 0.169045 5.59152e-18)
(0.128215 0.110127 -2.18297e-17)
(-0.00971499 -0.117644 0)
(0.0891199 0.181278 0)
(0.0658452 -0.136376 0)
(0.0905916 0.156256 2.77443e-17)
(0.156904 -0.163802 -2.12913e-17)
(0.100666 0.138396 1.66669e-17)
(0.105812 -0.237714 -1.62423e-17)
(0.127434 0.109518 1.60108e-17)
(0.0393069 -0.128108 -2.32452e-17)
(0.0996151 -0.243542 -5.41727e-18)
(0.10794 0.136582 2.51308e-21)
(0.0989938 0.116276 -1.97014e-17)
(0.087929 0.176242 0)
(0.131196 -0.165725 -1.62769e-17)
(0.097931 -0.2505 5.40464e-18)
(0.165717 -0.200284 5.3502e-18)
(0.0868812 0.231294 -2.29812e-17)
(0.0795683 0.181818 5.60336e-18)
(0.0330548 -0.00781319 6.18256e-18)
(0.114579 0.139278 -2.75535e-21)
(0.233526 -0.0292497 0)
(0.232285 -0.00693393 1.60402e-17)
(0.0960853 0.143075 0)
(0.0987551 0.145722 -2.21059e-17)
(-0.00916574 -0.1538 0)
(0.126044 -0.249018 0)
(0.0418164 -0.13818 2.34197e-17)
(0.0845811 0.184426 0)
(0.109752 0.142811 -2.20604e-17)
(0.115548 -0.219772 -2.16532e-17)
(0.0868286 0.16232 0)
(0.156623 -0.0023691 -2.69784e-17)
(0.113082 0.161181 -5.54001e-18)
(0.126026 0.130441 1.64244e-17)
(0.159329 -0.0219936 -1.61933e-17)
(0.00486447 -0.172684 2.2165e-17)
(0.114924 0.158646 2.20953e-17)
(0.0908133 0.160465 -5.56697e-18)
(0.116946 0.120431 -2.82534e-21)
(0.111558 0.154823 0)
(0.129212 0.116326 5.47242e-18)
(0.0745608 -0.0335533 -2.80531e-22)
(0.237475 -0.0777409 -5.36326e-18)
(0.235439 -0.0528643 2.14132e-17)
(0.101571 0.13463 5.55631e-18)
(0.114603 0.15787 0)
(0.131522 -0.235703 6.86167e-23)
(0.117894 0.156595 1.64966e-17)
(0.103215 0.14108 -2.20567e-17)
(0.118722 0.139173 -5.50105e-18)
(0.0321219 -0.0971885 2.65952e-17)
(0.113938 0.161042 0)
(-0.0124095 -0.120268 0)
(0.00785373 -0.154391 0)
(0.165922 -0.0449483 5.39603e-18)
(0.174773 -0.070944 0)
(0.106317 0.132552 2.30601e-17)
(0.115629 0.15229 -2.20178e-17)
(0.125086 0.0574827 2.26083e-17)
(0.238684 -0.129121 5.34636e-18)
(0.238883 -0.103463 0)
(0.0781295 0.0550901 4.00452e-17)
(0.106511 0.129987 5.52601e-18)
(0.112995 0.132027 2.19789e-17)
(0.120119 0.13509 -1.64729e-17)
(0.11269 0.159299 -1.66012e-17)
(0.183528 -0.0997453 0)
(0.0830069 0.169006 0)
(0.120675 -0.233418 4.8568e-17)
(-0.0166598 -0.0760721 0)
(0.122584 0.1267 -2.19457e-17)
(0.155815 -0.13059 -5.40407e-18)
(0.107081 0.140387 0)
(0.111943 0.136028 4.40952e-17)
(0.0529546 -0.185841 0)
(0.119509 0.155128 2.74375e-17)
(0.130579 0.170472 0)
(0.111312 0.157227 0)
(0.0344551 -0.205298 0)
(0.165347 -0.22462 0)
(-0.131596 0.0934117 1.25646e-17)
(0.106859 0.138769 0)
(0.117135 0.131555 -2.75157e-17)
(0.131934 -0.165052 0)
(0.135796 -0.199798 2.16994e-17)
(0.161988 -0.23386 2.15037e-17)
(0.0835623 0.173785 2.22246e-17)
(0.0243286 -0.168204 5.47037e-18)
(0.0523362 -0.214356 0)
(0.0299396 -0.136713 3.7783e-17)
(0.0789166 0.176541 -2.7961e-17)
(0.045041 -0.146933 0)
(0.126409 0.114173 0)
(0.123708 0.122055 -2.19425e-17)
(0.168562 -0.182099 0)
(0.141053 -0.0835328 2.7069e-17)
(-0.037445 -0.0333789 -4.17006e-17)
(0.115423 -0.20704 -2.1691e-17)
(0.130658 -0.228952 -1.61639e-17)
(0.0413764 0.135985 1.20622e-17)
(0.0947275 -0.177241 -1.63414e-17)
(0.0222813 -0.18434 0)
(0.0111332 -0.0799232 0)
(0.141084 -0.184962 -5.40201e-18)
(0.194335 -0.158655 5.36982e-18)
(0.0764836 -0.212266 -5.43427e-18)
(0.146404 -0.215155 0)
(0.167129 -0.191575 0)
(0.05739 -0.203588 2.72058e-17)
(0.0440464 -0.180995 -2.73011e-17)
(0.176526 -0.221865 -5.34963e-18)
(0.242726 -0.0200639 5.35825e-18)
(0.124571 0.135085 2.74301e-17)
(0.115497 0.124369 0)
(0.128162 0.121311 1.6445e-17)
(0.0483418 -0.170537 5.53516e-18)
(0.138989 -0.00975835 2.16138e-17)
(-0.0233245 -0.137669 0)
(0.119865 0.104351 1.10016e-17)
(0.0825539 -0.0960504 0)
(0.246254 -0.0678021 -5.34775e-18)
(0.211993 -0.135919 5.35643e-18)
(-0.00355294 -0.197555 4.98966e-17)
(0.118271 0.127226 5.4976e-18)
(0.134569 -0.225819 0)
(0.121293 0.114456 1.64592e-17)
(0.124554 0.112594 -5.30587e-18)
(0.153037 -0.0526942 -5.38902e-18)
(0.123904 0.111438 5.48874e-18)
(0.102737 0.193307 0)
(-0.0148145 -0.0629717 -4.23347e-17)
(0.046686 -0.165544 0)
(0.126794 -0.211363 0)
(0.184667 -0.169103 2.68786e-17)
(0.11734 0.0632728 0)
(0.247208 -0.118552 -5.32969e-18)
(0.122499 0.115441 0)
(0.115976 0.119153 0)
(0.129616 -0.206285 -2.15978e-17)
(0.110213 0.124259 -3.07055e-17)
(-0.0307116 -0.100003 0)
(0.098401 0.1252 1.70499e-18)
(0.068254 -0.178297 0)
(0.139596 -0.035913 2.13879e-17)
(0.157539 -0.201456 0)
(0.173515 -0.10932 0)
(0.0467511 -0.140808 -5.64968e-18)
(0.135152 -0.144956 2.16277e-17)
(0.0531154 -0.0577194 -4.36199e-17)
(0.212406 -0.162449 -2.67593e-17)
(0.147303 -0.141095 4.30414e-17)
(0.0649493 0.19057 -2.28744e-17)
(-0.0408115 -0.0976243 2.22686e-17)
(0.0824715 -0.20142 -5.42697e-18)
(0.184712 -0.194779 -2.14326e-17)
(0.124288 -0.176213 5.40644e-18)
(0.15638 -0.223163 0)
(0.109517 -0.199251 2.16573e-17)
(0.15773 -0.215254 5.38914e-18)
(0.124285 -0.196488 -4.34172e-17)
(0.150703 -0.235606 0)
(0.0364355 -0.105247 0)
(0.14585 -0.226979 0)
(0.135731 -0.0762415 -2.16043e-17)
(0.0716296 -0.164491 -5.45696e-18)
(0.158184 -0.0437787 0)
(0.164412 -0.0357579 0)
(0.113437 -0.225133 -5.3935e-18)
(0.0301995 -0.0962948 3.83162e-17)
(0.154982 -0.201328 -5.37018e-18)
(-0.00523354 -0.201587 -2.55512e-17)
(0.154708 -0.0241319 -2.32169e-17)
(0.0403814 -0.0684136 2.1002e-17)
(0.0932637 -0.0384828 1.15209e-17)
(-0.0235195 -0.0325842 2.18552e-17)
(0.102349 -0.209522 5.39081e-18)
(0.169274 -0.0193364 0)
(0.112473 0.120862 0)
(0.0825827 0.09842 6.46017e-18)
(0.124112 -0.121345 -2.24673e-17)
(0.190391 -0.129607 -5.37473e-18)
(0.13822 -0.196274 2.15502e-17)
(0.163718 -0.162922 -2.69247e-17)
(0.0676148 -0.111447 5.56559e-18)
(0.0311533 0.184544 0)
(0.0898081 0.219602 2.22954e-17)
(0.0681943 -0.126586 0)
(0.0653024 0.244302 1.77768e-17)
(0.126729 -0.0203828 -2.31084e-17)
(0.128756 0.181907 -1.6011e-17)
(-0.0423859 -0.121913 0)
(0.122714 0.130956 2.41591e-17)
(0.0970161 0.054517 4.68751e-17)
(-0.137297 0.0754961 -2.43747e-17)
(0.169627 0.048848 -1.98928e-17)
(0.101346 -0.119136 0)
(0.146283 0.092602 0)
(0.0994466 0.136743 0)
(0.0963304 0.142255 2.55169e-17)
(0.103821 -0.0938763 -2.08939e-17)
(0.0824294 0.114272 0)
(0.0916025 0.208175 6.04156e-18)
(0.0708637 0.157541 6.41551e-18)
(-0.00218688 0.0164943 -1.69523e-17)
(-0.0331227 -0.136853 0)
(0.0559634 0.0768039 0)
(0.172118 -0.0411549 0)
(-0.165075 0.0884502 0)
(0.0347388 0.16154 0)
(0.16784 -0.0102061 -3.66351e-17)
(0.0572408 0.23686 0)
(0.175693 -0.0230877 0)
(0.11462 -0.0925077 1.16774e-17)
(0.0311353 0.198254 0)
(0.206278 -0.0178247 -1.70567e-17)
(0.0997785 0.224063 2.39858e-17)
(0.127035 -0.14536 -1.6209e-17)
(-0.135326 0.041263 -1.6898e-17)
(0.170728 -0.00559407 1.08996e-17)
(0.198537 -0.00723007 0)
(0.0192797 0.10192 0)
(0.0980889 0.0708372 2.50319e-17)
(0.110708 0.188679 3.80463e-22)
(0.0105999 -0.188105 -3.81488e-17)
(0.173043 0.0396713 0)
(0.110855 0.206762 -2.56748e-17)
(0.0106183 -0.164019 1.30737e-17)
(-0.123738 0.0527654 0)
(0.112449 0.0807493 -4.61036e-17)
(0.0766943 0.0290122 1.12349e-17)
(0.076431 0.0218926 2.3398e-17)
(0.0311092 -0.0182994 2.29325e-17)
(0.0699401 0.0404896 2.16196e-17)
(0.0702307 0.0452372 0)
(0.0888687 0.0135652 1.92647e-17)
(0.0412097 -0.0227458 1.86939e-17)
(0.0716692 0.0328601 -5.76634e-18)
(0.0689145 0.038435 0)
(0.0660426 0.0495431 0)
(0.072071 0.0338374 4.64263e-17)
(0.0196484 -0.0171249 -2.3173e-17)
(0.0847106 0.0215603 -3.07359e-17)
(0.0372187 -0.0169874 0)
(0.0348667 0.0110717 -2.23112e-17)
(0.0361735 0.010073 0)
(0.00184581 -0.00395303 4.38127e-17)
(0.030328 0.0155696 -2.30706e-17)
(0.0365866 0.0228835 0)
(0.0501218 0.00791202 3.71409e-17)
(-0.000480385 -0.0027375 2.15537e-17)
(0.0241775 -0.00830543 0)
(0.0315719 0.0133438 -1.72942e-17)
(0.0370592 0.0556529 -1.69452e-19)
(0.0774447 0.00341186 2.37327e-18)
(-0.116939 0.0349026 -3.51157e-17)
(-0.0316221 -0.159333 2.24357e-17)
(0.0417962 0.0960735 3.74509e-17)
(0.0440215 0.0872111 -2.48936e-17)
(0.0396127 0.00527816 2.2819e-17)
(0.0796847 -0.136649 -5.66151e-18)
(-0.0321676 -0.163713 -2.22349e-17)
(-0.0224588 -0.130247 4.6427e-17)
(0.0334006 -0.134141 -2.52964e-17)
(-0.0100555 -0.187459 -2.58344e-17)
(-0.0443116 0.0226332 1.18976e-17)
(0.0492635 0.0606624 -7.19141e-18)
(0.00677345 -0.00926752 2.51677e-17)
(0.0129768 -0.0112358 3.10037e-18)
(0.0633074 0.21077 0)
(0.0330931 -0.165888 -2.3635e-17)
(0.0315169 -0.0851257 -9.42843e-18)
(0.106454 -0.014334 2.07908e-17)
(0.0307907 -0.0423055 -3.00878e-17)
(0.0250661 0.0439414 2.75377e-17)
(0.0347063 -0.0407297 2.16898e-17)
(0.0296026 -0.0854868 2.26096e-17)
(0.071066 0.202599 0)
(-0.0158375 -0.16621 3.04363e-18)
(-0.00984628 -0.203404 2.39076e-17)
(0.117673 -0.0785436 4.80156e-17)
(0.1427 0.0959034 9.69961e-18)
(0.0368398 -0.0794158 0)
(0.101334 0.21367 -2.52811e-17)
(-0.0138661 0.00744282 -3.04136e-18)
(0.101051 -0.0985609 0)
(-0.0145548 -0.185535 -7.2051e-17)
(0.00159157 -0.205485 0)
(-0.154076 0.0570939 0)
(0.0124119 0.0268803 2.50933e-17)
(0.166577 0.0642921 -1.17925e-17)
(-0.0133227 -0.127685 -2.73494e-17)
(0.0604399 0.13917 1.93431e-17)
(0.0126705 0.000282126 -2.14556e-17)
(0.0695363 0.196372 0)
(0.0361885 -0.0862592 0)
(0.0979231 0.209222 0)
(0.0343762 -0.0891585 1.48282e-18)
(0.0450478 -0.0401676 -4.63875e-17)
(0.0760138 0.0256124 1.16519e-17)
(0.0261343 -0.0182873 -2.25478e-17)
(0.027599 -0.135915 2.78261e-17)
(0.0787777 0.156598 -7.502e-19)
(0.0131004 -0.206612 -4.25804e-17)
(0.0534513 -0.0446626 2.40561e-17)
(0.0646758 0.196415 0)
(-0.0921751 0.0117363 0)
(-0.0341049 -0.142422 -1.67776e-17)
(-0.0114893 -0.196203 4.77527e-17)
(0.149619 0.0853008 0)
(0.07315 0.162789 1.44912e-17)
(0.0271514 -0.0849055 -1.23262e-17)
(0.13512 0.102827 2.75729e-17)
(-0.105311 0.058857 0)
(0.0413054 -0.0148007 -2.88813e-17)
(0.0150738 -0.0429306 1.22022e-17)
(-0.0111144 0.0463808 1.19491e-17)
(0.00524774 -0.215406 2.5241e-17)
(0.0569635 0.160199 -2.3478e-17)
(0.107798 0.126207 0)
(-0.0143889 0.0469935 0)
(-0.0291295 0.0393414 0)
(0.086291 0.121761 1.55327e-17)
(0.00343946 -0.176693 2.87324e-17)
(0.110472 -0.0838772 2.80997e-21)
(0.00127025 -0.00686191 1.88356e-17)
(-0.00523439 -0.00161313 -2.1883e-17)
(-0.0159682 0.0447799 -2.23177e-17)
(-0.0162214 0.044644 0)
(-0.0135192 0.0272052 0)
(0.197815 -0.0245835 0)
(0.147255 -0.0253395 -1.34503e-17)
(-0.00999772 0.0137285 2.32654e-17)
(0.118985 0.199617 5.23621e-17)
(0.110163 0.216026 0)
(0.128057 -0.0576828 -2.22296e-17)
(0.00529618 -0.016931 -1.15317e-17)
(0.0265018 -0.0807011 -2.5477e-17)
(0.0141363 -0.0399367 -1.17793e-17)
(0.1863 -0.00412593 0)
(0.131993 0.195458 -1.38387e-17)
(0.0521778 0.212983 1.79396e-17)
(-0.032328 -0.1555 -2.31392e-17)
(0.0565867 0.0679598 3.59754e-17)
(0.166236 0.0169777 -2.49689e-17)
(0.0616464 0.0759461 -3.31501e-17)
(0.17057 0.0336714 0)
(-0.00927942 0.000511602 1.32368e-17)
(0.0159399 -0.137537 -1.36855e-17)
(-0.0104143 -0.140184 -1.27243e-17)
(0.0987124 0.131989 2.50094e-17)
(0.0690283 0.00962442 -3.09919e-17)
(0.158276 0.0779703 0)
(0.0944607 0.138582 -1.32234e-17)
(0.0801587 0.0525919 0)
(0.0585558 0.150301 -2.54022e-17)
(0.115489 0.0861507 -1.44234e-17)
(0.0161652 -0.0990284 -1.47416e-17)
(0.0612709 0.0498321 0)
(0.0878972 0.0880467 3.31651e-18)
(-0.005957 -0.0224612 0)
(-0.0024838 -0.191505 0)
(0.0274459 -0.0769914 -1.50007e-17)
(-0.0534632 0.00865551 0)
(0.00354478 -0.00187786 -1.37328e-17)
(0.0488175 0.0771217 0)
(0.0385542 0.116959 2.45912e-17)
(-0.00654759 -0.199385 -2.57349e-17)
(0.110859 -0.00758883 -2.62818e-17)
(0.121864 -0.00290065 -2.70146e-17)
(0.00360147 -0.0258263 0)
(-0.0328891 0.0335808 0)
(0.0516907 -0.0196024 -3.48015e-17)
(-0.00797747 -0.0751375 -2.9625e-17)
(-0.0204281 0.0264717 -1.43681e-17)
(0.086749 0.0943752 1.35023e-17)
(-0.0210198 -0.187008 1.50784e-18)
(0.115649 0.188811 2.53724e-17)
(0.0896436 0.0905359 1.27744e-17)
(0.0786232 0.0327081 3.41009e-17)
(-0.014108 0.0532342 1.21875e-17)
(0.0463162 0.243295 -5.32069e-17)
(-0.0219831 -0.153903 -2.96543e-17)
(0.0296566 0.0491884 0)
(0.0644777 0.0432101 1.62723e-17)
(-0.00578152 0.0296552 -1.40417e-17)
(0.159434 0.0730475 5.70807e-18)
(0.0406374 0.105946 0)
(0.026096 0.0371242 1.32209e-17)
(0.0356936 0.092903 -2.7e-17)
(0.0835839 0.106548 0)
(0.111039 0.0911991 -1.57671e-21)
(0.051806 0.0569941 0)
(0.0539607 0.0684697 -1.69252e-18)
(0.0493321 0.0547655 -2.66804e-17)
(0.0473955 0.0585264 6.86697e-18)
(0.0507281 -0.000667029 4.35898e-17)
(0.0704829 -0.00215674 -1.3644e-17)
(0.0433183 -0.0693283 -3.54346e-17)
(-0.0042606 0.00805661 -5.72276e-17)
(0.0806916 0.137203 4.22463e-17)
(0.0534662 -0.0509518 2.81094e-17)
(0.0598905 -0.0024955 -1.42914e-17)
(0.0504181 -0.00671051 3.08967e-17)
(0.00894858 0.11674 0)
(0.107533 0.203317 3.60207e-22)
(0.0132124 -0.0080237 2.40885e-17)
(0.0613264 0.0518274 -2.33194e-17)
(-0.0353461 0.024179 2.16877e-17)
(0.0104332 -0.203866 -3.23676e-17)
(0.0013314 0.0441407 -1.0983e-17)
(0.0633979 0.00623531 -3.73566e-17)
(0.0763055 -0.0774195 -1.35286e-17)
(0.112582 -0.0116809 6.38698e-18)
(0.040079 -0.106769 -1.13459e-17)
(0.100569 0.109347 0)
(-0.00589285 -0.179092 0)
(0.0151777 -0.0223805 3.56485e-17)
(-0.0223005 0.0164573 6.3885e-18)
(-0.0195136 0.049706 0)
(0.000109462 -0.209521 0)
(0.0989303 0.198188 0)
(0.0892131 -0.0764231 1.48811e-17)
(0.00556811 0.0112403 1.53103e-17)
(0.00880182 0.0277943 -8.14613e-18)
(-0.0135684 0.0240887 1.26586e-17)
(0.115972 0.196908 0)
(-0.0165116 0.0504666 -2.24498e-17)
(0.0556879 0.0608257 -8.55834e-18)
(0.123873 0.180821 0)
(-0.0294508 -0.186781 2.62528e-17)
(0.115828 -0.0257125 -4.61994e-17)
(0.0372986 -0.150537 2.8014e-17)
(0.0421144 0.230106 0)
(0.124195 0.0990431 2.86451e-17)
(0.140913 0.0496532 -2.66118e-17)
(0.01702 -0.0352045 9.28636e-18)
(0.0688736 0.0831562 -6.61615e-18)
(0.113368 0.123025 -3.08039e-17)
(0.132233 0.104922 -3.60835e-17)
(0.0885719 -0.0534717 -2.81962e-17)
(0.00427741 -0.202149 1.43693e-17)
(0.018194 -0.0403266 -2.89165e-17)
(0.0411288 0.0622213 4.20159e-17)
(0.0196047 -0.00275075 2.96854e-17)
(0.166103 0.0582001 5.81209e-18)
(0.0873391 0.135808 0)
(0.0475405 -0.109627 0)
(0.00435344 -0.0157883 2.54579e-17)
(-0.0623522 0.0391423 0)
(0.0603543 0.201475 -7.45659e-18)
(0.0291803 0.0224358 1.15245e-17)
(0.0233651 -0.0608143 3.14246e-17)
(0.0222416 0.0618021 1.36469e-17)
(-0.00429573 -0.211204 -2.35895e-17)
(0.134948 0.0611275 -2.6892e-17)
(0.118256 -0.0753711 -5.49576e-17)
(0.10177 0.203232 -2.36404e-17)
(0.0549354 0.175122 2.46104e-17)
(0.034122 -0.102361 1.23678e-17)
(0.0621907 0.258718 4.75885e-17)
(0.138044 -0.0315756 -2.69304e-17)
(0.0662891 -0.044442 -1.39399e-17)
(0.0783483 0.160572 -1.3362e-17)
(0.00214863 0.0157983 3.46524e-17)
(-0.0423091 -0.00681273 2.76395e-17)
(0.0932967 0.15094 -1.28457e-17)
(0.0647144 -0.0529858 3.82868e-18)
(0.147316 0.0888869 0)
(0.0574989 0.209656 3.46105e-18)
(0.0450802 0.0876729 1.54674e-17)
(0.00717487 0.138125 0)
(-0.0262424 0.0439817 -1.44923e-17)
(0.0162932 0.0425277 1.38701e-17)
(0.125589 0.200865 -2.77322e-17)
(0.0342878 -0.0657356 -3.10683e-17)
(-0.0574912 0.0265498 4.23178e-19)
(0.138346 -0.0112238 2.09855e-17)
(-0.0150904 0.0491867 -1.27094e-17)
(0.00482022 -0.11695 1.57772e-17)
(0.122358 0.184808 3.43537e-17)
(0.168163 0.0426249 -7.38012e-18)
(0.0274558 0.0388163 0)
(-0.0203445 0.0137615 -4.7958e-17)
(-0.0598316 -0.00545133 -5.7805e-17)
(0.049982 0.0417476 -1.97944e-17)
(0.0064289 -0.211737 -1.27685e-17)
(0.162517 -0.0180595 4.52875e-17)
(0.0192027 0.213384 -1.56821e-17)
(0.133162 -0.0630609 -1.70851e-17)
(0.154602 -0.01286 -4.18212e-17)
(-0.0283588 -0.054459 0)
(0.0553323 0.200934 7.45764e-18)
(0.0264943 -0.162137 -2.58784e-17)
(0.0473981 0.197432 -1.56085e-17)
(0.139093 0.0849812 2.9609e-17)
(0.13152 0.188402 1.08039e-17)
(0.0514931 0.0716248 1.45329e-17)
(-0.000549716 -0.208486 0)
(0.0177485 -0.198997 1.19478e-17)
(0.0624121 0.0406528 0)
(0.140348 0.0351236 0)
(0.128234 0.0720718 -1.26038e-17)
(0.0196215 -0.205548 -2.41394e-21)
(0.0661024 0.0186151 -1.81252e-17)
(0.0491953 -0.0927034 7.71796e-18)
(0.0873858 -0.0781334 0)
(0.118335 0.19206 2.64297e-17)
(0.0892559 0.0994208 2.52873e-17)
(0.0190565 -0.00800076 1.4731e-17)
(0.0281995 -0.0156045 4.0183e-17)
(0.0328161 -0.0904677 1.58807e-17)
(0.0207964 0.0192541 -6.12736e-18)
(-0.164023 0.130146 -1.56643e-17)
(0.17223 0.0220478 -3.76739e-17)
(-0.0274101 0.0228922 3.37413e-17)
(0.0289293 0.0393858 -1.64046e-17)
(0.0350474 -0.0933007 2.24681e-18)
(0.0734488 0.0899895 8.51945e-18)
(0.0200492 0.0417189 0)
(0.113824 0.129134 3.18733e-17)
(0.0186076 -0.0590071 0)
(0.0956393 0.134154 1.44623e-17)
(0.0144645 -0.00582414 -4.72842e-17)
(0.152716 -0.0311399 1.6513e-17)
(0.00770828 -0.00768865 2.16333e-18)
(0.0192483 0.0162612 0)
(0.0655082 0.042792 2.90897e-17)
(0.0547515 -0.0525979 0)
(0.158286 0.0365965 0)
(0.0286592 -0.0360249 0)
(0.0255884 -0.0524451 2.75593e-17)
(0.0412414 -0.0395583 -3.59648e-17)
(0.030118 0.1685 8.58254e-18)
(0.0232387 -0.0689243 -3.77712e-17)
(0.073345 -0.0786048 1.63196e-17)
(0.0466817 -0.019017 -3.22597e-17)
(0.0115992 -0.0246216 -3.12694e-17)
(0.0630732 0.11742 -1.8348e-17)
(0.0417338 -0.0497769 -3.15636e-17)
(0.038245 0.051868 0)
(0.00824809 -0.196579 -3.52936e-17)
(-0.0307587 0.014381 -2.8306e-21)
(0.125117 0.188082 2.62853e-22)
(0.000425407 -0.20645 0)
(0.024624 0.0354763 -9.85804e-18)
(0.0012134 -0.208789 -4.62229e-17)
(0.0680655 0.114833 0)
(0.1291 0.187035 2.21157e-17)
)
;

boundaryField
{
    back
    {
        type            empty;
    }
    front
    {
        type            empty;
    }
    top
    {
        type            codedFixedValue;
        value           nonuniform List<vector> 
15
(
(0 -0.201736 0)
(0 -0.190782 0)
(0 -0.146966 0)
(0 -0.114104 0)
(0 -0.146966 0)
(0 -0.0739396 0)
(0 -0.0739396 0)
(0 -0.190782 0)
(0 -0.201736 0)
(0 -0.172526 0)
(0 -0.0264722 0)
(0 -0.0264722 0)
(0 -0.172526 0)
(0 -0.205388 0)
(0 -0.114104 0)
)
;
        name            ParabolicTimeDependentU_max;
        code            #{
		const vectorField& Cf = patch().Cf();
		vectorField& field = *this;

		const scalar r = 18.0*1e-3;
		const scalar Umax = 0.4;
		const scalar Umin = 0.02;

		scalar 	Uvar = 0.08;
		scalar 	t = this->db().time().value();
		scalar	tau = fmod(t,1);
		
		if (tau > 0 && tau <= 0.35)
		{
			Uvar = 0.08+Umax*(1-(pow(tau-0.175,2)/(0.175*0.175)));
		}
		if (tau > 0.35 && tau <= 0.6)
		{
			Uvar = 0.08+Umin*(-1+(pow(tau-0.475,2)/(0.125*0.125)));
		}
		if (tau > 0.6 && tau <= 1)
		{
			Uvar = 0.08;
		}
		
		forAll(Cf, faceI)
		{
			const scalar x = Cf[faceI][0];
			const scalar y = Cf[faceI][1];
			field[faceI] = vector(0, Uvar*(-1+(pow(x+(0.02+r),2))/(r*r)), 0);
		}
	#};
    }
    outer_arc
    {
        type            noSlip;
    }
    bottom
    {
        type            zeroGradient;
    }
    inner_arc
    {
        type            noSlip;
    }
}


// ************************************************************************* //
