/*--------------------------------*- C++ -*----------------------------------*\
  =========                 |
  \\      /  F ield         | OpenFOAM: The Open Source CFD Toolbox
   \\    /   O peration     | Website:  https://openfoam.org
    \\  /    A nd           | Version:  9
     \\/     M anipulation  |
\*---------------------------------------------------------------------------*/
FoamFile
{
    format      ascii;
    class       volVectorField;
    location    "0.58";
    object      U;
}
// * * * * * * * * * * * * * * * * * * * * * * * * * * * * * * * * * * * * * //

dimensions      [0 1 -1 0 0 0 0];

internalField   nonuniform List<vector> 
1655
(
(0.0585694 -0.0186262 -4.49248e-18)
(0.0197681 -0.0424856 2.9668e-17)
(-0.0825872 0.0169335 2.41139e-17)
(-0.0130007 0.010057 -1.44133e-17)
(0.0736228 0.0848227 0)
(0.0507757 0.0297631 9.03301e-18)
(-0.113006 0.0273401 0)
(0.0420126 0.165724 -1.5997e-17)
(0.0738522 0.220588 0)
(0.0713845 0.0778642 -7.82596e-18)
(0.0501908 -0.0103735 3.59949e-17)
(0.0627948 -0.0135489 -3.54615e-17)
(0.0302355 0.102344 -2.10235e-21)
(0.0266137 -0.00404696 -1.87275e-17)
(0.00595984 -0.0822186 1.841e-17)
(-0.138309 -0.00799306 0)
(-0.197184 0.0970865 3.18152e-17)
(0.0287236 -0.134044 9.57771e-18)
(0.0348289 0.0108533 -3.60977e-17)
(0.0170761 0.00466669 -1.03964e-17)
(0.0126845 -0.0670113 4.21869e-18)
(0.0684285 0.235473 0)
(0.0670836 0.125093 -1.93049e-17)
(0.0618513 0.116608 8.96488e-18)
(0.0632007 -0.0184416 -5.64633e-18)
(-0.195047 0.0924116 -3.76006e-17)
(-0.0433036 -0.0369799 -1.67169e-17)
(0.054884 0.219133 -1.92059e-17)
(0.0494932 0.217577 2.58864e-17)
(0.0256491 -0.0352241 -1.8686e-17)
(-0.16147 0.0454995 4.6423e-17)
(-0.00299591 0.0173119 -5.0093e-18)
(0.0191077 -0.0655394 -6.87258e-18)
(-0.0772207 -0.0229351 0)
(0.0144682 -0.124603 0)
(-0.0748993 -0.0313302 0)
(0.0604278 0.0361916 -2.42776e-17)
(0.025055 -0.0577697 0)
(0.0143902 -0.0649046 -9.40534e-18)
(0.0395029 -0.0677391 -3.20273e-17)
(0.0180668 -0.0683695 1.80848e-17)
(0.0701788 0.112355 1.5605e-17)
(0.0138425 -0.0576621 -9.83871e-18)
(0.0268441 0.00615475 2.86051e-17)
(0.000512485 -0.0570023 0)
(-0.0115963 0.00793093 0)
(-0.0215242 0.00722341 4.48334e-17)
(0.00125074 -0.0220708 0)
(0.0680931 0.0532739 1.74402e-17)
(0.0145768 -0.0531764 2.39577e-18)
(0.0597302 0.0312818 2.68575e-17)
(-0.0372982 0.0239474 -1.80384e-17)
(0.0109841 0.0205901 -1.98144e-17)
(0.0721008 0.214083 1.7175e-17)
(0.095994 0.145766 -2.22235e-17)
(-0.0550776 -0.0106126 0)
(0.0218862 -0.0623642 -8.75603e-18)
(0.0237206 -0.004839 0)
(0.031106 -0.00585164 0)
(-0.0274334 0.0191219 1.90191e-17)
(-0.176085 0.0326127 -4.63891e-17)
(0.0409423 0.0167427 0)
(0.0779543 -0.0246459 0)
(0.0528369 0.179802 -4.42152e-18)
(0.0355562 0.00358952 0)
(-0.109936 0.0464885 0)
(0.0238395 -0.00238786 4.18154e-17)
(0.0295838 -0.00467688 -2.07115e-17)
(-0.00929153 -0.136821 0)
(0.0644557 0.107922 -1.78413e-17)
(0.0115472 -0.00235381 2.30002e-17)
(-0.0900646 0.0330404 -1.09451e-18)
(0.0602057 -0.0489192 -1.15902e-18)
(0.00278318 -0.0972815 1.68582e-17)
(-0.151695 -0.0328993 -2.14511e-17)
(-0.011397 -0.0244583 1.01979e-17)
(0.0445671 0.20096 -5.87793e-18)
(-0.0153205 -0.133259 0)
(0.0105136 -0.0660184 0)
(0.0453316 -0.0373851 0)
(0.0329748 0.0032339 2.30161e-17)
(-0.0124618 -0.00541326 -1.03757e-17)
(0.0908842 0.140179 2.271e-17)
(0.0359727 0.00750725 1.15375e-17)
(0.0510256 -0.0481832 0)
(-0.043132 -0.107592 0)
(-0.14452 -0.024067 -1.29497e-17)
(0.0569978 -0.0523982 0)
(0.0987321 -0.10117 -8.93763e-18)
(-0.0949488 -0.0561408 0)
(-0.095018 -0.0783684 0)
(-0.0907992 0.00960671 1.13103e-17)
(0.0447737 0.0130203 2.2087e-17)
(0.059098 0.0461146 0)
(-0.00239398 0.0491901 0)
(0.0454378 0.0128837 3.67784e-17)
(0.0108485 -0.00225006 -3.54279e-17)
(0.0128918 -0.00378836 0)
(-0.0233061 0.0139667 -1.07335e-17)
(0.0364954 -0.0691932 2.27207e-17)
(-0.113781 0.00357194 -7.13769e-17)
(0.00635476 -0.00401892 -2.34164e-17)
(0.067135 0.0568818 -2.27611e-17)
(0.0218437 -0.00707721 2.45325e-17)
(0.0388159 0.00266642 0)
(0.0510866 0.0205472 -1.41149e-18)
(0.0727313 0.171312 -1.95436e-17)
(0.0123338 -0.0238023 0)
(0.027158 -0.07162 0)
(-0.0932351 -0.0212683 -1.99995e-17)
(0.0116942 -0.0715311 1.58283e-17)
(0.0335734 -0.0028198 1.83152e-17)
(-0.0993597 -0.012066 1.20761e-17)
(0.059352 -0.0532659 2.07837e-17)
(0.0797399 0.151402 1.85821e-17)
(-0.0576743 -0.103973 -1.17284e-17)
(0.0733185 0.164278 -1.98677e-17)
(0.0177366 0.000718492 0)
(0.10709 -0.094761 1.77115e-17)
(0.0416394 0.00992817 -3.9969e-17)
(-0.0981263 -0.0167625 -3.41645e-17)
(-0.142164 -0.049364 3.48305e-17)
(-0.162644 0.00260936 -2.75858e-17)
(0.112725 -0.00493706 2.58481e-17)
(0.0204867 -0.00116456 9.09795e-18)
(0.0620345 0.154064 0)
(0.0135349 -0.0476907 -2.26264e-17)
(-0.00130531 0.0291494 2.03831e-17)
(-0.174398 0.00783908 -2.78998e-18)
(0.0259761 -0.0587538 -2.71184e-18)
(0.0757282 0.0473433 5.1551e-18)
(0.0111351 -0.0728836 2.79247e-17)
(0.0593265 0.17769 1.71311e-17)
(0.0625876 0.145123 1.8024e-17)
(0.0102083 -0.00996834 0)
(0.0703946 -0.113355 0)
(0.074353 0.0943067 -1.05225e-17)
(0.0205157 0.0227656 1.79605e-17)
(0.0185601 -0.0518165 9.56221e-18)
(0.0188087 -0.00163041 -9.48795e-18)
(0.0102759 0.0515927 1.23993e-17)
(0.0013806 -0.0374466 1.71546e-17)
(-0.0696622 -0.000264684 0)
(-0.143856 -0.0651814 0)
(-0.224661 0.102547 -1.05165e-17)
(-0.141052 -0.0478989 0)
(-0.128813 -0.063355 -3.67025e-17)
(-0.0691433 -0.00921367 2.96209e-17)
(-0.0963916 -0.0423806 1.90918e-17)
(-0.208092 0.0579644 0)
(-0.182185 0.0292478 1.80977e-17)
(-0.225955 0.0838956 -9.73685e-18)
(-0.147589 -0.025583 1.89503e-17)
(-0.162376 -0.000722427 1.65329e-17)
(-0.0247908 -0.130387 0)
(0.00907948 -0.0452825 3.65014e-17)
(0.0221795 0.00260298 2.32981e-18)
(-0.128326 -0.0505161 9.71966e-18)
(0.0796453 0.158888 0)
(0.0114478 0.000178828 -2.48879e-17)
(-0.136268 -0.0557945 2.77793e-17)
(0.173408 -0.12136 0)
(0.0807344 0.208547 -1.01997e-21)
(-0.130409 -0.0553021 0)
(-0.145489 -0.0614553 0)
(0.0300944 -0.00573781 -9.59335e-18)
(0.0623601 0.21035 0)
(0.0739707 0.149886 -3.74538e-17)
(0.00779851 -0.00279333 5.76257e-18)
(-0.0122269 -0.143388 0)
(-0.205019 0.107701 0)
(0.107392 0.169873 0)
(-0.115647 -0.0420881 1.14302e-17)
(0.0799039 0.183007 1.97394e-17)
(0.0575303 -0.0464748 1.21231e-18)
(0.0800569 0.174868 1.96681e-17)
(0.0733145 0.0491183 5.17347e-18)
(-0.0140354 -0.164713 0)
(0.0642271 -0.0567331 -2.15752e-17)
(0.0121927 -0.0141101 1.70237e-17)
(-0.053735 -0.0238723 2.45834e-17)
(0.108059 0.150863 1.5356e-17)
(0.046873 0.0225215 -3.28838e-17)
(0.0868213 -0.00393785 -5.65692e-18)
(0.0193211 -0.0801043 -1.08465e-17)
(0.060315 -0.053526 0)
(-0.00407041 -0.0304215 0)
(0.062037 -0.0574244 0)
(0.0322115 -0.0578476 0)
(0.112697 0.149947 -1.49293e-17)
(0.00837736 -0.0647949 -1.95508e-17)
(0.0492092 0.0178749 0)
(0.0471883 0.00513261 -2.01826e-17)
(-0.0182982 0.0246164 2.53518e-17)
(0.0370588 -0.0510856 0)
(0.0112455 -0.0156505 -1.22834e-17)
(0.0451941 -0.0202406 0)
(0.0547046 -0.0503015 0)
(0.0751338 -0.0788105 2.3259e-17)
(0.112401 0.128921 0)
(0.0341752 -0.00216827 1.298e-17)
(0.0113671 -0.00242087 -5.82512e-18)
(-0.146322 -0.00862666 2.10607e-17)
(-0.152312 0.018906 4.70212e-17)
(-0.0847582 -0.0394905 -1.7867e-17)
(-0.0351582 -0.0635029 1.42578e-17)
(0.0239075 -0.0620629 0)
(0.0321226 -0.0258068 0)
(0.0346944 -0.062439 6.42386e-17)
(-0.106402 -0.032489 0)
(0.0867659 0.0147082 3.40182e-17)
(0.0312717 0.0217449 -9.40625e-18)
(0.0538391 -0.105092 0)
(0.0677449 0.155661 1.95789e-17)
(0.0198345 -0.0163907 -2.02278e-18)
(0.0402162 -0.00205348 4.41386e-17)
(-0.103009 -0.0406255 -1.09904e-17)
(0.145895 -0.107479 0)
(0.0880416 0.0144698 1.93386e-17)
(0.118914 0.129742 0)
(-0.0039235 -0.019532 0)
(0.0282276 -0.058847 -4.12607e-17)
(0.0216387 -0.0629117 2.91064e-17)
(0.120533 0.13693 1.99484e-17)
(0.0252631 -0.0627465 -2.10166e-17)
(-0.00818124 -0.0540332 2.02422e-17)
(-0.0454547 -0.0680205 -2.0093e-17)
(-0.0904652 -0.0636646 0)
(0.0920641 0.0168507 2.45071e-17)
(0.10909 0.0171443 1.96424e-17)
(-0.0052454 -0.0691848 0)
(0.104763 0.0376002 -2.45278e-17)
(0.124153 0.0413899 2.45361e-17)
(-0.0163182 -0.130124 -3.84254e-17)
(0.024884 -0.0594441 -2.07628e-17)
(-0.000142964 -0.0656919 2.02487e-17)
(0.0343676 -0.0440332 0)
(0.0573618 -0.00823245 0)
(-0.042856 -0.0709898 2.50656e-17)
(0.118145 0.0564699 1.96137e-17)
(-0.0437714 -0.0487636 -1.87999e-17)
(0.0120265 -0.0540581 3.58172e-17)
(0.141585 0.0500001 -2.45392e-17)
(0.031952 -0.0408672 1.71281e-17)
(0.123346 0.122686 4.99016e-18)
(0.051035 -0.0517027 -2.53572e-17)
(-0.178932 0.0702233 1.49386e-17)
(0.080338 0.200324 0)
(0.02054 -0.0575122 -5.0289e-18)
(0.119138 0.143118 0)
(0.0391484 0.0074772 -1.63586e-17)
(0.0452749 -0.0439746 4.06725e-18)
(0.0184557 0.00948649 -1.98999e-17)
(0.0511715 0.019176 -1.42628e-17)
(0.020129 -0.0582635 2.04117e-17)
(0.101366 0.0131559 -2.42806e-17)
(0.0516849 -0.0620405 -2.09302e-17)
(0.122938 0.117409 -4.97298e-18)
(-0.0116047 -0.181494 2.64265e-17)
(0.0220331 -0.0583931 1.92028e-17)
(0.174891 -0.180261 1.46975e-17)
(0.0665137 -0.0541431 2.06433e-17)
(-0.108096 -0.0893342 1.99231e-17)
(0.0506798 0.0207282 1.95892e-17)
(0.00380992 -0.00621605 1.99683e-17)
(0.0860944 0.138379 1.98474e-17)
(0.0234255 -0.0602542 0)
(0.0100052 -0.0336644 -2.82614e-17)
(0.0261409 -0.0654153 1.09783e-17)
(0.0251411 -0.038478 0)
(0.0112285 0.0227431 -2.12838e-17)
(-0.0109641 -0.114903 1.51527e-17)
(0.00582439 -0.0554441 1.04922e-17)
(0.0557921 -0.0539617 0)
(-0.0156893 -0.151472 3.08079e-23)
(-0.0101178 -0.106416 -1.52576e-17)
(-0.181433 0.0757252 0)
(0.12318 0.101469 2.48603e-17)
(0.0562922 0.0144225 -2.5315e-17)
(0.147921 -0.187349 4.83097e-18)
(0.0868627 0.0817997 2.04295e-17)
(0.0907433 0.126516 4.98271e-18)
(-0.0101945 -0.135267 2.01822e-17)
(0.0240273 0.0396199 1.79058e-17)
(-0.00131776 -0.0437071 -3.37261e-17)
(-0.0032945 -0.0832869 -2.03447e-17)
(0.0867841 0.0588257 2.0157e-17)
(0.0292587 -0.0688376 1.82433e-17)
(0.0238516 -0.0606767 0)
(0.00893685 -0.107432 0)
(0.00608713 -0.0680996 1.99163e-17)
(0.0430862 -0.0641119 1.94682e-17)
(0.0313107 -0.0566193 4.22918e-17)
(0.106613 0.178909 0)
(0.0937529 0.0412398 -2.01271e-17)
(0.0244093 -0.0460901 5.11646e-18)
(0.0252189 0.106808 0)
(0.1041 0.0127631 -3.42327e-17)
(0.0215094 -0.0336312 -1.98537e-17)
(0.0540639 -0.0626018 -5.0457e-17)
(0.0380301 -0.0620227 -2.12402e-17)
(0.0316458 0.0248362 0)
(0.0115771 0.00765568 3.07359e-17)
(0.00488493 -0.0386036 -5.08692e-18)
(-0.162739 -0.107481 -3.963e-17)
(0.0622729 0.0297648 -2.15785e-17)
(0.0377114 -0.0525945 -5.14674e-18)
(0.0175558 -0.059631 5.02573e-18)
(0.103546 0.019867 -5.01227e-18)
(-0.18723 -0.129225 -1.96793e-17)
(0.018158 -0.109209 0)
(-0.211334 0.106834 1.0593e-17)
(0.0554216 -0.0532385 -5.04657e-18)
(0.184965 -0.187416 -4.89624e-18)
(0.0864868 0.145946 0)
(0.113612 0.0544689 0)
(0.0305662 -0.0681906 -1.98152e-17)
(0.0952592 0.118278 -2.01252e-17)
(-0.213418 -0.137643 4.77207e-21)
(0.0472592 -0.0609012 2.22142e-17)
(0.0969747 0.0955374 0)
(0.0374484 -0.0493208 -2.12861e-17)
(0.0327904 -0.0657297 2.80753e-18)
(0.0135992 -0.0460121 -5.1059e-18)
(0.0361443 -0.058457 -2.06713e-17)
(-0.0156738 0.00139763 2.86442e-17)
(-0.0181282 0.00250915 9.81087e-18)
(0.0918469 0.133954 -2.50951e-17)
(0.0558002 -0.0591943 0)
(0.0496126 0.0433487 -1.97817e-17)
(0.0175115 -0.0594918 0)
(0.102839 0.0759066 2.01139e-17)
(0.0055382 0.0160809 9.07164e-18)
(-0.00711287 -0.0682691 -2.01932e-17)
(0.081332 -0.0239729 2.01368e-17)
(-0.0911914 -0.0832934 -1.50154e-17)
(0.0562288 0.0431084 1.48669e-17)
(0.0295697 -0.0613006 -2.11651e-17)
(-0.106457 -0.0872429 0)
(0.0489476 -0.035747 0)
(0.0414745 -0.065129 2.18968e-17)
(-0.053046 -0.0594262 2.01427e-17)
(-0.011543 -0.15756 0)
(0.0979344 0.0245369 -2.44353e-17)
(0.0172765 0.0448528 0)
(-0.0224906 -0.047126 -3.5492e-17)
(0.0321304 -0.0299119 0)
(0.0326618 -0.0498893 5.12928e-18)
(0.0454126 -0.0560444 0)
(0.0427296 -0.0597237 0)
(0.0306551 0.0782465 0)
(-0.0482313 -0.0179054 1.96874e-17)
(0.115826 0.027399 0)
(0.0301983 -0.0561804 2.06208e-17)
(0.100334 0.193988 0)
(-0.191694 -0.149708 0)
(-0.0579953 -0.0651275 0)
(-0.137427 -0.115789 -4.585e-21)
(0.119092 0.0592527 -1.9899e-17)
(-0.226459 -0.119771 2.45474e-17)
(0.0155745 0.0428998 -1.71475e-17)
(0.0197979 -0.0627934 0)
(0.0939833 0.200349 -5.32522e-18)
(0.103573 -0.147461 1.95434e-17)
(-0.0151997 0.0341299 2.07055e-17)
(-0.00595008 -0.0179647 -1.73991e-17)
(0.0589311 -0.059583 5.29188e-18)
(0.0303549 0.0645093 -1.96719e-17)
(0.118042 0.10752 0)
(-0.0304208 -0.0672478 0)
(-0.00958125 0.000139883 0)
(0.0287321 -0.0609644 2.06387e-17)
(-0.0116699 0.0192683 0)
(-0.169256 -0.15959 0)
(0.0297353 0.0511844 0)
(0.114805 0.0303091 4.99549e-18)
(0.0890359 0.0708528 1.47663e-17)
(0.0681198 0.163193 -7.15425e-22)
(-0.0120261 -0.0678302 5.01496e-18)
(-0.00971017 -0.0463119 -2.02473e-17)
(-0.00520532 -0.0744908 -5.14319e-18)
(0.160302 -0.154259 0)
(0.0794855 0.137 -2.06002e-17)
(0.0715307 -0.162163 -2.4399e-17)
(0.0315908 -0.0406093 -5.09427e-18)
(0.100845 0.186743 0)
(-0.175181 -0.164145 0)
(0.125091 0.0844909 2.34205e-22)
(0.00112059 -0.139342 0)
(-0.157421 -0.100924 -4.95301e-18)
(-0.0278559 -0.0505668 1.88517e-17)
(-0.0255909 -0.00494402 -1.97845e-17)
(0.0902833 0.0721987 -1.97042e-17)
(0.108027 0.171828 0)
(-0.0796236 -0.0853587 0)
(-0.139212 -0.176729 -1.96051e-17)
(-0.178515 -0.140962 1.95559e-17)
(0.0169762 -0.0797009 0)
(0.0875371 0.196993 0)
(0.115691 0.0747594 0)
(-0.178534 -0.136672 -1.96924e-17)
(0.00716548 -0.0707423 4.20343e-17)
(0.195744 -0.136523 4.84592e-18)
(0.0958455 0.122453 -2.48782e-17)
(0.03916 0.0434404 -4.94417e-18)
(0.0191295 -0.0532607 -2.04825e-17)
(0.113105 0.161792 2.00699e-17)
(-0.0249174 0.0093939 -2.47862e-17)
(0.0096306 -0.0239597 0)
(0.0741971 0.0627469 0)
(0.0279003 0.0330033 0)
(0.209134 -0.0953824 4.84886e-18)
(0.0190248 -0.151155 4.90433e-18)
(0.0596449 0.0545786 0)
(0.0120914 -0.0531361 0)
(0.218864 -0.0490298 -1.94205e-17)
(0.114803 0.155233 0)
(0.112258 0.0513382 0)
(-0.00249539 -0.164178 -1.47295e-17)
(-0.117616 -0.164348 1.9605e-17)
(0.113326 0.0689646 1.96344e-17)
(0.174422 -0.116158 -4.84835e-18)
(-0.0363843 -0.0150078 4.98303e-18)
(-0.136979 -0.146229 0)
(-0.051563 -0.192233 1.95828e-17)
(-0.15572 0.0855031 -1.24639e-17)
(0.133664 0.0522839 0)
(-0.124519 -0.113981 1.49096e-17)
(-0.080841 -0.0792959 2.00725e-17)
(0.129175 0.0427852 2.45007e-17)
(0.0416677 -0.0478456 0)
(0.0164969 0.0104979 1.60564e-22)
(-0.072676 -0.171461 0)
(0.0650553 0.0662654 -6.44568e-18)
(0.190135 -0.0703821 1.45704e-17)
(0.272902 -0.0749245 -1.45129e-17)
(-0.0339029 -0.0820017 2.00635e-17)
(-0.103124 -0.0330455 8.45646e-18)
(0.022087 0.0226961 0)
(0.25877 -0.0529674 0)
(-0.0361766 -0.0137804 1.73573e-17)
(-0.00499413 -0.103386 0)
(-0.00473818 0.0194097 2.48305e-17)
(-0.111327 -0.130474 0)
(-0.00425489 -0.13467 0)
(0.266319 -0.0775331 -2.41708e-17)
(0.104961 0.0488369 1.96339e-17)
(0.0627497 0.0544805 0)
(0.108229 0.0442737 -1.41076e-22)
(0.0121549 0.0150837 1.97894e-17)
(0.116719 0.0372197 -4.90496e-18)
(0.196995 -0.017677 -1.95117e-17)
(0.106688 0.0282726 -4.90848e-18)
(0.0760149 -0.130649 4.88251e-18)
(0.121654 0.0336232 -3.9231e-17)
(0.0877649 -0.0904298 2.44323e-17)
(0.123767 0.0772305 0)
(-0.0498227 -0.124384 0)
(0.125489 0.0473597 0)
(0.00218843 0.00535335 0)
(0.213576 -0.166458 -4.83033e-18)
(0.0270764 -0.0827016 -4.91194e-18)
(0.182225 -0.172953 4.84544e-18)
(0.189351 -0.022391 -1.95269e-17)
(0.1034 0.0623531 -1.96676e-17)
(0.0749316 0.143325 3.95965e-17)
(0.0204297 -0.120964 -4.89727e-18)
(-0.0681428 -0.137075 0)
(0.102959 -0.039926 4.93624e-18)
(0.238751 -0.14993 0)
(0.241984 -0.134958 -1.9357e-17)
(-0.0133197 -0.0745889 1.50087e-17)
(0.113712 -0.111645 4.8817e-18)
(0.0228515 0.0323957 4.94586e-18)
(0.188318 -0.0159768 1.95276e-17)
(0.251182 -0.119489 -4.835e-18)
(0.233439 -0.103033 -3.39387e-17)
(0.254139 -0.0609219 -1.45511e-17)
(0.144175 0.0271684 1.47462e-17)
(-0.0168794 -0.00250045 -9.50746e-18)
(-0.193819 -0.124342 -2.4561e-17)
(0.0736935 0.062341 0)
(0.139138 -0.0146675 -4.89024e-18)
(0.0822614 0.0250948 4.92273e-18)
(0.249468 -0.0832264 -4.84492e-18)
(0.127753 -0.0661265 -1.46542e-17)
(0.0276861 0.0133687 -1.96744e-17)
(0.0211814 0.00996886 0)
(0.0383932 0.0447933 0)
(-0.0974219 -0.18987 -4.9244e-18)
(0.18539 -0.0136635 -4.39431e-17)
(0.0663714 0.0354549 -1.97003e-17)
(0.200485 -0.0224443 4.86361e-18)
(0.167812 0.0232241 -4.88692e-18)
(0.168138 -0.0260157 -1.95623e-17)
(0.26662 -0.0925998 4.83295e-18)
(-0.0960725 0.0673115 -2.78144e-19)
(-0.00353455 0.00371659 0)
(0.270168 -0.0630078 1.45085e-17)
(0.168138 0.025795 2.4429e-17)
(0.152592 -0.0162806 0)
(0.231479 -0.0911212 1.93886e-17)
(-0.0322758 -0.013155 9.96639e-18)
(0.176526 -0.0183859 2.44362e-17)
(-0.0875434 0.0725412 0)
(0.15453 -0.0202828 1.46834e-17)
(0.0601691 0.019723 -1.97531e-17)
(0.162411 -0.0185359 -4.89784e-18)
(0.186888 -0.0253693 7.073e-22)
(0.0529183 0.0199177 -1.48112e-17)
(0.0988236 0.0797216 1.48169e-17)
(0.15661 -0.0238736 -2.44539e-17)
(0.150377 0.0529624 -4.89054e-18)
(0.242515 -0.0726812 -4.84644e-18)
(0.0353118 0.0126197 0)
(0.167507 0.0178034 1.95452e-17)
(0.180889 -0.0218754 0)
(0.222451 -0.0264701 1.45958e-17)
(-0.0796241 0.0574777 1.76849e-17)
(-0.0792788 0.0475403 0)
(0.149533 0.0105742 -1.96043e-17)
(0.176443 0.0306192 0)
(0.224402 -0.138579 3.88809e-17)
(0.183272 -0.0194431 0)
(-0.103597 0.0580245 -1.89175e-17)
(0.210931 0.0233 2.43087e-17)
(0.132072 -0.0181309 -1.48018e-17)
(0.164986 -0.0223199 -4.24488e-22)
(0.206547 -0.0313712 4.87488e-18)
(0.138138 0.00526898 -2.44903e-17)
(0.131098 -0.0144103 1.97495e-17)
(0.0687705 0.0306224 1.97021e-17)
(0.0348301 -0.0265904 -1.09759e-17)
(-0.0222691 -0.000841421 1.86627e-17)
(-0.000271619 -0.000459312 1.23797e-18)
(0.0276161 -0.0397726 2.34514e-18)
(0.018959 0.0179142 -2.81441e-22)
(0.000201622 0.0016549 -4.02267e-17)
(-0.0154591 -0.00769549 0)
(-0.0180836 0.00261918 -1.74031e-17)
(-0.00902229 -0.00256591 -2.91317e-17)
(-0.0380053 0.0332327 -5.15379e-17)
(-0.00626884 -0.00226735 -1.97839e-17)
(-0.0220667 0.00450153 0)
(0.0420744 -0.0416047 2.88302e-17)
(0.00773304 0.0044948 1.98824e-17)
(0.0231034 -0.01282 2.15374e-17)
(-0.0227554 -0.00247244 0)
(0.21855 -0.0511742 1.46013e-17)
(-0.0139406 -0.00400726 -3.0671e-17)
(-0.0184209 0.00832975 0)
(0.17151 -0.0300159 -4.88846e-18)
(-0.164034 0.0767541 0)
(0.132089 -0.0214475 -1.47171e-17)
(0.194041 -0.0299461 4.87545e-18)
(-0.0658642 0.0679871 0)
(-0.0928997 -0.0426228 0)
(0.215096 -0.0642701 4.86371e-18)
(0.159937 0.0148912 -1.95635e-17)
(0.0760655 0.0277338 -4.92338e-18)
(0.193323 -0.01481 1.46356e-17)
(0.130998 0.0116568 -3.43261e-17)
(0.200589 0.0159161 4.88905e-18)
(0.102162 0.0153868 -1.46157e-17)
(0.112504 0.0611958 0)
(-0.031932 0.0406193 -1.21637e-21)
(0.205 -0.0159651 2.4364e-17)
(-0.0492039 -0.155758 -4.89294e-18)
(0.0695311 0.0189565 -4.36408e-22)
(0.126947 0.00787671 -1.46128e-17)
(0.208923 -0.104359 -4.90864e-18)
(0.113474 0.0255473 3.92699e-17)
(-0.0921834 -0.0469879 1.79094e-17)
(0.147353 0.0480999 4.403e-17)
(0.126781 0.0121331 -2.43931e-17)
(0.208765 -0.020509 -1.46183e-17)
(0.158804 -0.0277052 2.44429e-17)
(-0.00156138 0.0226815 -3.96496e-17)
(-0.0261494 0.0476143 1.97804e-17)
(0.234831 -0.134086 -2.41533e-17)
(0.118283 -0.0186015 1.9681e-17)
(0.118623 -0.0154302 -4.21628e-22)
(0.120756 0.0787128 0)
(-0.0140425 0.0321329 3.35128e-17)
(0.148579 0.0155107 1.46816e-17)
(0.117722 -0.0119295 1.99838e-17)
(0.0439287 0.0158182 3.89495e-17)
(0.196656 0.0162017 1.95086e-17)
(0.170815 0.00134111 4.88826e-18)
(0.218984 0.0180301 -1.46e-17)
(0.203524 -0.0572643 -1.94573e-17)
(0.178321 0.00919413 4.88613e-18)
(0.165691 0.0025724 0)
(0.158208 -0.000420626 -4.89684e-18)
(0.24072 0.00850057 -4.85297e-18)
(-0.00805713 0.0399447 -1.97933e-17)
(0.206452 -0.117071 3.88779e-17)
(-0.036232 -0.0148468 -1.82721e-17)
(0.154437 0.000933407 -1.46882e-17)
(0.0970642 0.0214772 -1.96535e-17)
(0.15312 0.00566996 -1.46777e-17)
(-0.128886 0.0194276 4.89344e-18)
(0.0339628 0.0194711 1.43395e-17)
(0.0469789 0.0223375 1.97531e-17)
(-0.147922 0.0411329 9.60523e-18)
(-0.156188 0.0595138 0)
(-0.0928385 -0.0306573 -1.0461e-17)
(0.0107235 0.0247368 -3.37031e-17)
(0.0114714 -0.0375678 3.99575e-17)
(-0.0987391 -0.0164104 4.55613e-18)
(0.200862 -0.0367026 -1.94833e-17)
(0.160371 -0.0319483 4.88706e-18)
(-0.0797329 0.0225542 0)
(-0.110649 -0.000462114 -4.04301e-17)
(-0.0658677 -0.035439 0)
(0.153578 0.0125321 -2.44594e-17)
(-0.0214177 0.0580323 1.97583e-17)
(0.117581 -0.0217847 1.96184e-17)
(0.219998 -0.00581136 -1.94308e-17)
(0.0331107 0.0251499 2.45893e-17)
(-0.002905 0.0493382 -1.97783e-17)
(0.211502 0.0123631 0)
(-0.0189237 0.0662718 -3.94895e-17)
(0.0578995 0.0186215 -2.37014e-17)
(0.234129 0.00835117 2.43326e-17)
(0.114813 0.0107981 1.96346e-17)
(0.19145 0.00851661 -1.46562e-17)
(0.176662 0.00249092 0)
(0.167347 -0.00152186 4.8973e-18)
(0.16763 -0.00298955 -9.77583e-18)
(0.265844 -0.0389154 -4.84407e-18)
(0.174997 0.0028248 1.46543e-17)
(0.162276 -0.00165773 0)
(0.0745659 -0.00655893 2.1693e-17)
(0.132042 -0.0246105 -2.4522e-17)
(0.159944 0.00199559 4.40321e-17)
(0.0853874 -0.0128371 0)
(0.0638771 -0.0134281 9.8166e-18)
(0.173897 -0.0349672 0)
(0.219811 -0.0192606 4.86686e-18)
(0.112902 -0.0261869 -2.45212e-17)
(-0.0459199 -0.0066278 -1.70083e-17)
(0.250618 -0.0949971 1.45038e-17)
(0.0830157 -0.0158171 0)
(0.13185 -0.0272248 -2.58472e-17)
(0.0968655 0.0547174 1.96734e-17)
(0.205096 -0.0461401 -4.86686e-18)
(0.088482 -0.00838769 -2.15283e-17)
(0.170416 0.0175933 -1.95398e-17)
(-0.183508 0.0907829 -4.91582e-18)
(0.159391 0.00824517 0)
(0.203598 -0.0764315 0)
(0.237897 -0.00634031 -4.85722e-18)
(0.235276 -0.0372817 0)
(0.243296 -0.0534325 2.4253e-17)
(0.142457 -0.0458804 0)
(0.245953 -0.0178319 4.85793e-18)
(0.134012 0.0257641 0)
(0.197859 -0.00316101 1.46232e-17)
(0.0440027 0.041211 0)
(0.214586 -0.039639 1.94833e-17)
(0.137305 0.0146804 4.89315e-18)
(0.157122 0.0098103 3.42327e-17)
(0.235549 -0.0271787 -2.43117e-17)
(0.255522 -0.015977 0)
(0.106258 0.0193143 0)
(0.0584332 -0.00257798 1.93163e-17)
(0.11689 -0.0242624 3.02936e-17)
(0.067571 -0.0122286 0)
(0.169396 -0.0469886 0)
(0.136507 0.00884656 3.41979e-17)
(0.17174 -0.0053194 1.95491e-17)
(0.0960673 0.000914083 -4.99578e-18)
(0.131917 0.0569729 0)
(0.126496 0.00729171 1.96123e-17)
(0.154126 -0.00358199 9.79156e-18)
(0.143811 0.0437553 -4.89272e-18)
(0.0715802 0.0139495 0)
(0.0900825 0.0169085 4.89673e-18)
(0.0495456 -0.00249137 -8.84843e-18)
(0.139228 0.0345899 0)
(0.140202 0.0218252 0)
(0.163334 0.0034966 -9.7767e-18)
(0.254119 -0.00848286 4.85007e-18)
(0.172013 0.0103592 -9.76971e-18)
(0.00316454 0.0608204 4.93459e-18)
(0.0811957 -0.0167142 9.79235e-18)
(-0.0711207 -0.0124138 9.21847e-18)
(0.155136 0.0206967 0)
(0.159865 0.0159614 9.78023e-18)
(0.172117 0.0155861 -4.16382e-22)
(0.141263 0.00723101 4.89972e-18)
(0.129876 0.0635834 0)
(0.168913 0.0143134 4.8862e-17)
(0.173462 -0.0414594 2.44275e-17)
(0.143934 0.030123 -4.89589e-18)
(0.0664559 -0.000555585 -1.46645e-17)
(0.129332 0.0181363 0)
(0.156047 -0.0425056 -2.53664e-17)
(0.126035 -0.0294127 3.45805e-17)
(0.257879 -0.0197889 -4.85004e-18)
(0.159266 -0.0370021 4.88574e-18)
(0.178955 -0.0752913 2.07452e-17)
(0.166396 0.00831047 -2.93333e-17)
(0.114338 0.0596526 0)
(0.121244 0.0684451 -2.45153e-17)
(0.102597 0.00410978 0)
(0.216419 -0.00200271 -1.94645e-17)
(0.156932 0.0294726 4.40027e-17)
(0.0911527 0.0370279 -8.91269e-23)
(0.00384246 0.0680243 1.97368e-17)
(0.178165 -0.00638701 2.44286e-17)
(-0.0635948 0.0731132 0)
(0.225986 -0.0085938 -4.86615e-18)
(0.207136 -0.0063663 1.46198e-17)
(0.0556611 0.0534241 0)
(0.0737012 0.00484528 5.18783e-18)
(0.156581 0.0480838 1.95529e-17)
(0.270913 -0.0436741 -1.45403e-17)
(-0.201302 0.0805671 0)
(0.169184 0.00620412 0)
(0.168278 0.0228681 0)
(0.0422307 -0.102177 0)
(0.262324 -0.0363778 1.93877e-17)
(0.0936882 0.115322 2.48294e-17)
(-0.00349114 0.0623857 -1.98176e-17)
(0.14744 0.0389879 -4.89253e-18)
(0.140333 0.0336639 -1.95849e-17)
(0.197485 -0.0259706 1.46379e-17)
(0.0909014 0.00640307 0)
(-0.150525 0.074492 4.88609e-18)
(0.104839 0.040816 4.4208e-17)
(0.135086 0.0525 0)
(0.171658 0.00935189 -2.44302e-17)
(0.112445 0.050941 -4.90758e-18)
(0.14869 0.0437346 -1.46764e-17)
(0.117363 0.0555695 0)
(0.142754 -0.00183742 -4.24552e-22)
(0.166515 0.0312045 -3.90877e-17)
(0.11296 0.00104812 -4.99902e-18)
(0.0451605 0.0633379 0)
(0.100686 0.0542458 0)
(0.153222 -0.0518818 -1.6152e-17)
(-0.0446882 0.0482944 5.4677e-21)
(0.160659 0.0244616 -1.95555e-17)
(0.174792 0.00763739 -1.46558e-17)
(0.149727 0.0476677 -1.9562e-17)
(0.194507 -0.0679625 0)
(0.0564861 -0.000624866 2.30645e-17)
(0.149003 0.00204878 9.88743e-18)
(0.146728 0.0525 -5.23728e-22)
(0.0860298 0.00305893 -5.00915e-18)
(0.0202589 0.0323666 0)
(-0.186095 0.0610053 -3.40046e-17)
(-0.131773 0.0818087 -3.94328e-17)
(0.0716986 0.0167361 0)
(0.126285 0.0350224 1.96104e-17)
(0.1575 0.0463181 1.95513e-17)
(0.262978 -0.107261 0)
(0.125034 0.0568679 -1.96034e-17)
(-0.0671227 0.0686986 -1.96306e-17)
(-0.0886332 0.0725977 2.02267e-17)
(0.123995 0.0648068 1.47057e-17)
(0.0936188 0.0242708 0)
(-0.0715644 0.00146819 -1.94143e-17)
(0.156658 0.0445264 -1.95549e-17)
(0.135877 0.00302379 4.99239e-18)
(-0.027208 0.0634049 0)
(0.138373 0.0609161 0)
(0.0955965 0.0342297 -1.4744e-17)
(-0.0936461 0.0580433 1.96259e-17)
(0.140242 0.0380455 -4.89646e-18)
(0.110114 0.0277642 0)
(-0.0733061 -0.000352762 0)
(0.192367 -0.00749055 -3.41676e-17)
(0.173956 -0.00420729 -4.88745e-18)
(0.183451 -0.0840812 5.22463e-18)
(0.158039 0.0382278 2.44424e-17)
(0.176543 6.91744e-05 1.46563e-17)
(0.177155 -0.00410928 -3.41995e-17)
(0.154412 0.0529018 -2.44432e-17)
(0.146909 0.059848 -1.95648e-17)
(0.13548 0.0651161 2.44805e-17)
(0.14964 0.0552917 4.40167e-17)
(0.169826 -0.000651028 1.46625e-17)
(0.172585 0.00179689 -1.46603e-17)
(0.0916594 0.0329554 -5.00659e-18)
(0.248415 -0.0412601 0)
(0.159893 0.0411787 -3.91004e-17)
(0.176811 -0.00782658 -1.95525e-17)
(0.0891199 0.0177666 -1.96788e-17)
(-0.129278 0.0626174 1.9559e-17)
(0.160967 0.0330811 -1.95509e-17)
(0.0834613 0.0487545 0)
(0.127623 0.0761799 0)
(0.0244878 -0.0539799 0)
(0.184422 -0.00584559 1.95256e-17)
(0.013581 0.0343124 0)
(0.101823 0.042274 -1.4735e-17)
(0.125792 0.0275113 0)
(0.0878902 0.0370662 0)
(0.117127 0.0681794 0)
(0.128087 0.0712606 -4.89992e-18)
(0.109533 0.0244851 0)
(0.256665 -0.11614 1.93161e-17)
(0.176112 -0.00704459 -4.8858e-18)
(0.127475 0.0719122 0)
(0.0857895 0.0493955 -2.48895e-17)
(-0.104628 0.0328215 -1.97234e-17)
(0.109003 0.0522966 0)
(0.182494 -0.00868255 4.88561e-18)
(0.103264 -0.21096 0)
(-0.148957 -0.0385403 1.48365e-17)
(0.116362 0.0600972 0)
(-0.00684202 0.0285208 0)
(-0.0930113 0.0156732 -1.97923e-17)
(0.132252 0.0736822 0)
(0.138555 0.0673436 -1.95804e-17)
(0.126509 0.0656715 4.89969e-18)
(-0.14868 0.0484935 0)
(0.173875 -0.00536775 1.46657e-17)
(0.137089 0.0669506 4.89499e-18)
(-0.0428512 0.0109802 0)
(0.0769678 0.0423266 -1.33836e-17)
(0.179136 -0.0159093 -2.44422e-17)
(-0.0789504 0.0482225 -3.106e-21)
(0.0891216 0.0678232 -1.96836e-17)
(-0.0152883 0.0230002 1.98341e-17)
(0.135715 0.0708946 -1.95831e-17)
(0.118354 0.0150345 0)
(0.0157947 0.0362125 -1.48426e-17)
(0.124984 0.0785002 0)
(0.160254 -0.0140899 -1.96044e-17)
(0.143851 0.0648823 0)
(0.152209 0.0350484 4.89251e-18)
(0.100662 0.0757342 4.91659e-18)
(0.148143 0.0571866 0)
(0.107658 0.0667588 4.91046e-18)
(0.0770198 0.0272459 1.72111e-17)
(0.135246 0.0709344 1.46885e-17)
(0.0112815 -0.0803262 0)
(0.151062 0.0206168 -1.46841e-17)
(-0.133893 0.0327771 0)
(0.0855505 0.0380817 0)
(0.0739027 0.0288117 -1.77312e-17)
(0.124921 0.0749133 0)
(-0.153746 0.0160208 0)
(0.0770403 0.00800441 -5.14009e-18)
(0.134369 -0.166963 2.45289e-17)
(0.112757 0.0766183 -1.96374e-17)
(0.162872 0.0386652 -1.9547e-17)
(-0.00613316 -0.0665614 2.06432e-17)
(-0.0373551 0.0167699 2.00609e-17)
(0.0903645 0.0662945 0)
(0.140048 0.0638407 -4.89534e-18)
(0.0922546 0.0461297 0)
(0.114029 -0.125602 -1.01424e-17)
(0.11459 0.0742792 7.77104e-22)
(0.0979771 0.0569622 0)
(0.129225 -0.0103634 -2.49585e-17)
(0.0958108 0.0455716 0)
(0.0380736 0.04464 -4.94385e-18)
(-0.0399044 0.00579588 1.57065e-17)
(-0.114982 -0.000488834 1.97424e-17)
(0.101263 0.0740213 1.96572e-17)
(0.151928 0.0300235 1.46775e-17)
(0.0795562 0.040748 -8.24054e-18)
(0.164143 0.0333277 3.90927e-17)
(0.105395 0.0695192 1.96481e-17)
(0.0357359 0.0445382 -4.9442e-18)
(0.0570227 0.0532016 0)
(0.1122 0.0835653 0)
(0.0865189 0.112743 1.98509e-17)
(0.157826 0.0395304 1.46655e-17)
(0.150552 -0.0118087 2.4928e-17)
(0.132685 -0.145783 -4.86078e-18)
(0.146581 0.0609345 0)
(0.100316 -0.145572 0)
(0.180704 -0.0110402 0)
(-0.233451 0.00236977 -1.95283e-17)
(0.0266198 0.0301543 0)
(0.0828989 0.118562 -2.01754e-17)
(-0.20086 0.0443016 3.44255e-17)
(0.0461247 0.0241741 3.94617e-17)
(0.11932 0.0469945 -1.96214e-17)
(0.173398 -0.0141918 0)
(0.12171 0.0444356 -1.96223e-17)
(0.16132 0.029921 0)
(0.0755684 0.0589841 0)
(0.115724 0.082646 0)
(0.091998 0.0686036 1.48822e-17)
(0.122523 0.0840369 0)
(0.0546492 -0.0549575 0)
(0.137614 0.0201617 0)
(0.0812913 0.0597928 0)
(-0.12306 -0.188918 -4.93202e-18)
(0.115125 0.0646643 0)
(0.182705 -0.0136549 2.44265e-17)
(0.109015 0.0800675 -4.91348e-18)
(0.124904 0.107777 0)
(0.125569 0.0385843 -1.96143e-17)
(0.160934 0.0245522 -4.88901e-18)
(0.0799175 -0.140481 5.0728e-18)
(0.124733 0.0730372 0)
(0.0772562 0.0554561 -1.91657e-17)
(0.10087 0.078607 -1.97153e-17)
(0.101453 0.0136756 5.0099e-18)
(0.0879314 0.0631187 -1.4839e-17)
(0.0939124 0.026471 2.5065e-17)
(0.110788 -0.169269 -1.95557e-17)
(0.108368 0.0818159 0)
(-0.14099 -0.00239505 0)
(-0.206307 0.00300395 0)
(0.0840801 0.124305 0)
(0.0918608 0.0741169 -1.48525e-17)
(0.0816622 0.0599354 -4.95733e-18)
(0.101845 0.0806975 1.97303e-17)
(-0.198708 0.076248 1.16254e-17)
(0.110311 0.033858 -4.9544e-18)
(0.0985233 -0.126243 2.04392e-17)
(0.063295 0.0446495 0)
(0.0835197 0.0729581 -1.57338e-17)
(0.140856 0.0552149 4.89628e-18)
(0.17936 -0.00975153 0)
(0.118421 0.0792816 -1.96358e-17)
(0.138314 0.0585744 4.89571e-18)
(0.120116 0.099374 -2.48377e-17)
(0.101586 -0.186867 0)
(0.0955006 0.0753878 -3.95405e-17)
(0.0850888 0.107192 0)
(0.105224 0.0851609 0)
(-0.00541602 -0.0774073 5.13372e-18)
(0.108564 0.0885613 0)
(0.091393 0.0797267 -1.48839e-17)
(0.0886035 0.0691274 -4.95265e-18)
(0.0727974 -0.15548 -2.46893e-17)
(0.139622 0.0249919 4.89969e-18)
(0.12448 0.0233079 0)
(-0.074522 -0.204673 -3.92461e-17)
(-0.0723207 -0.00900057 4.81215e-18)
(0.134823 0.0489808 1.46984e-17)
(-0.161738 -0.0194595 -1.47336e-17)
(0.118062 0.0813186 -1.96626e-17)
(0.0249118 0.0232871 0)
(0.176339 -0.0112137 1.95608e-17)
(0.116562 0.0812063 4.4192e-17)
(-0.0655512 -0.0256226 -2.57034e-17)
(0.128033 0.0545301 1.9605e-17)
(-0.0236049 -0.0833561 -2.00006e-17)
(0.0834037 0.0809874 -1.77639e-17)
(0.0886501 0.0750241 -4.9636e-18)
(0.136574 0.0454882 -1.95931e-17)
(0.086455 0.0444738 0)
(0.018874 -0.0398127 0)
(0.0387777 -0.0311051 -4.97907e-18)
(0.0305701 -0.0633418 0)
(0.0607762 0.0473874 2.46632e-17)
(0.157874 -0.00908212 0)
(0.0953826 0.060484 0)
(0.0449996 0.0274062 2.48417e-17)
(0.106961 0.0907483 0)
(0.170756 -0.00903927 -1.95624e-17)
(0.0984007 0.0786272 6.30738e-23)
(0.0777385 0.0565921 -1.96977e-17)
(-0.229777 -0.019127 1.95608e-17)
(0.0119945 -0.042251 5.0852e-18)
(-0.0142163 -0.135342 1.77586e-17)
(0.147492 -0.00690962 -2.42944e-17)
(-0.185572 0.0232397 0)
(0.0112401 -0.0607124 0)
(-0.218829 -0.123447 4.99092e-21)
(0.108801 0.0362492 0)
(-0.067259 -0.0811847 -5.00997e-18)
(0.0872523 0.0150787 1.96029e-17)
(0.0809999 0.109241 -1.48596e-17)
(0.0812998 0.0775729 1.75888e-17)
(0.0264807 -0.0670642 -2.03783e-17)
(0.0901654 0.0935992 0)
(0.10436 0.017465 0)
(0.0930661 0.0315609 -5.0074e-18)
(0.0911529 0.0860216 0)
(0.0878543 0.038502 -1.99115e-17)
(0.00729148 -0.0464574 -5.09211e-18)
(-0.194664 -0.0159102 1.47021e-17)
(-0.0206087 -0.151586 4.94813e-18)
(0.088514 0.0814385 0)
(-0.0333029 0.00196761 -2.5196e-17)
(0.0943828 0.0715379 0)
(-0.00797546 0.00467468 4.97166e-18)
(0.110136 0.0964116 1.98268e-17)
(0.010228 -0.135783 0)
(0.0795906 0.0649316 0)
(0.0792677 0.0794658 9.14026e-18)
(0.044489 0.0329703 -1.9736e-17)
(0.0737873 -0.18219 2.46493e-17)
(0.0991962 0.0770931 0)
(-0.218454 -0.0372199 -1.95909e-17)
(0.0987478 0.0692637 1.97984e-17)
(0.0832716 0.0665543 1.97802e-17)
(0.0777457 0.12152 4.50487e-18)
(0.0793413 0.104698 -4.56341e-18)
(0.087884 0.0888625 -2.10147e-17)
(0.0567308 -0.193841 1.48632e-17)
(0.0766998 0.115688 -4.45657e-18)
(0.104785 0.0788248 -1.98223e-17)
(0.0869543 0.0974071 -2.04569e-17)
(0.0663246 -0.0977684 -2.14294e-17)
(0.117108 0.0833388 2.48105e-17)
(-0.021599 -0.0489974 2.02101e-17)
(-0.00838178 -0.0788013 -2.04616e-17)
(-0.0538927 -0.101942 4.98985e-18)
(0.0828223 0.0979178 1.91353e-17)
(0.0887549 0.102127 -1.98386e-17)
(0.00272926 -0.0733724 -1.57427e-17)
(0.074891 0.0563908 0)
(0.0795581 0.130869 0)
(0.107577 0.0723195 -1.98276e-17)
(-0.00150558 -0.155671 -4.95983e-18)
(-0.0449876 -0.119778 -4.98395e-18)
(0.0108001 -0.182304 1.98526e-17)
(0.108758 0.120654 -1.99125e-17)
(-0.053575 -0.092053 0)
(-0.047759 -0.116631 1.00422e-17)
(0.0983802 0.11151 -1.98789e-17)
(-0.0627468 -0.15482 -2.7832e-21)
(-0.008092 -0.0546213 0)
(0.095644 0.105285 1.98506e-17)
(-0.00161591 -0.0766894 -1.15154e-18)
(0.113069 0.0860682 -4.96503e-18)
(0.031813 -0.178655 0)
(0.0238215 0.0350846 4.96557e-18)
(0.0581221 -0.058579 2.15657e-17)
(-0.244008 -0.0373354 -1.96967e-17)
(-0.0705152 -0.106207 5.00373e-18)
(0.00440523 -0.0719235 0)
(0.0230432 -0.0683784 -5.10192e-18)
(0.00611565 -0.16848 0)
(0.00344005 -0.0729069 0)
(-0.00650122 -0.0839819 0)
(0.0740113 0.0633706 2.7078e-17)
(-0.00440165 -0.112027 0)
(-0.0692174 -0.0237896 0)
(0.0772872 0.0209967 -1.72148e-17)
(0.0589079 0.168456 -9.20479e-22)
(-0.0404343 -0.171169 0)
(0.000468832 -0.057195 -2.02129e-17)
(0.0468082 -0.0508664 0)
(0.105938 0.114279 -1.98874e-17)
(0.0701243 -0.0606501 -2.0096e-17)
(-0.00669472 -0.0503177 5.07088e-18)
(-0.149559 -0.165564 4.92743e-18)
(0.00804345 -0.055512 0)
(-0.00342274 -0.0971371 -5.16495e-18)
(-0.0384383 -0.0643376 0)
(-0.2314 -0.0536883 0)
(-0.00399408 -0.187199 -9.25329e-18)
(-0.0170802 -0.120821 -4.98672e-18)
(0.116955 0.108999 1.4899e-17)
(0.0115964 -0.102958 -1.99953e-17)
(0.0881415 0.213697 -2.05481e-17)
(0.0767088 0.112579 7.73034e-19)
(0.00514451 -0.0716562 0)
(0.0750034 0.0229344 4.24747e-18)
(-0.015466 -0.0622886 0)
(-0.149058 0.0299316 1.35585e-17)
(-0.0691712 -0.0225621 4.17063e-17)
(-0.0196159 -0.0928876 2.00276e-17)
(0.0713621 0.143817 -2.11055e-17)
(0.101188 0.084169 2.47363e-17)
(0.115215 0.118941 4.97288e-18)
(0.101434 0.146984 0)
(-0.0289654 -0.112375 2.50157e-17)
(-0.010529 -0.0920519 -1.54463e-17)
(0.100497 0.0890221 -2.49979e-17)
(0.117718 0.124924 -4.97774e-18)
(0.0348686 -0.044719 0)
(0.113307 0.0964169 3.96975e-17)
(-0.18536 -0.0572079 1.97663e-17)
(-0.109115 -0.0972062 1.97064e-17)
(0.0775597 0.046258 4.95866e-18)
(-0.00136379 -0.187652 0)
(-0.207525 -0.110564 1.9757e-17)
(0.0966761 0.097009 0)
(0.113887 0.133987 -4.98279e-18)
(0.09493 0.18513 0)
(-0.136929 -0.0635398 0)
(0.114899 0.141855 -1.50022e-17)
(0.0363444 -0.132538 -2.50142e-17)
(0.0241291 -0.0953179 6.98322e-19)
(0.00438034 -0.0672213 2.00094e-17)
(0.0179694 -0.0190031 -1.99982e-17)
(-0.0272552 -0.0674951 -2.06532e-17)
(0.109125 0.108978 2.30623e-23)
(0.113583 0.105906 4.97242e-18)
(0.0679625 0.0144961 1.99986e-17)
(0.107993 0.0998499 -1.88693e-22)
(0.0876592 0.18857 -2.04948e-17)
(0.1035 0.0748826 -1.97688e-17)
(0.013598 -0.184778 0)
(0.0134008 -0.104265 0)
(0.0434813 -0.110561 4.99278e-18)
(0.0831985 0.0500861 5.06059e-18)
(0.109362 0.157805 -5.03745e-18)
(0.0560886 -0.0435772 0)
(-0.00441003 -0.180795 0)
(0.109396 0.14923 5.01488e-18)
(0.099482 0.0624806 -1.9709e-17)
(-0.0520601 -0.0699557 0)
(0.102439 0.172224 0)
(0.00582353 -0.115176 0)
(0.104271 0.125793 2.49191e-17)
(0.211054 -0.153109 -1.92533e-17)
(0.100092 0.0948308 1.49854e-17)
(-0.0866517 -0.166607 -1.48813e-17)
(0.0894302 0.0560256 1.44701e-17)
(0.0220036 -0.0602929 -2.13388e-17)
(-0.103488 -0.139526 -4.96037e-18)
(0.104872 0.0918503 -1.16337e-23)
(-0.00733827 -0.154455 -1.76291e-17)
(0.102814 0.163499 0)
(0.14845 -0.188834 -1.47373e-17)
(-0.124763 -0.144462 4.95722e-18)
(0.164593 -0.201467 4.85856e-18)
(0.084491 0.231248 -2.05439e-17)
(0.0875122 0.171295 5.02158e-18)
(-0.0119225 -0.0496954 5.54004e-18)
(0.10579 0.0879312 7.70048e-23)
(0.135743 0.00992711 0)
(0.129873 0.00660033 1.46282e-17)
(0.0996379 0.102215 0)
(0.105922 0.104592 -1.98705e-17)
(0.00563713 -0.0520929 0)
(-0.117014 -0.190491 0)
(0.0312334 -0.0604166 2.15015e-17)
(0.0952524 0.176547 0)
(-0.0347992 -0.0377204 -2.00012e-17)
(-0.0377973 -0.199284 -1.97264e-17)
(0.100443 0.138266 0)
(0.0531137 0.0246951 -2.46309e-17)
(0.100865 -0.00472844 -4.99989e-18)
(0.11083 0.085045 1.48065e-17)
(0.0585095 0.0322704 -1.47801e-17)
(-0.0351563 -0.0720412 2.03748e-17)
(0.0733951 -0.0141925 1.99933e-17)
(0.106213 0.133711 -4.99874e-18)
(0.09977 0.0746619 -1.95347e-22)
(0.101226 0.0543447 0)
(0.112134 0.0753053 4.93454e-18)
(-0.0232952 -0.16724 2.84385e-23)
(0.158473 0.030408 -4.89165e-18)
(0.145104 0.0185967 1.95214e-17)
(0.0972775 0.0903609 4.99734e-18)
(0.0667945 -0.0782706 0)
(-0.0493529 -0.214928 -8.97242e-21)
(0.0476146 0.00683874 1.49685e-17)
(0.105204 0.0971769 -1.9832e-17)
(0.104829 0.0844296 -4.95303e-18)
(0.0132869 -0.0329771 2.43914e-17)
(0.0879157 -0.0410287 0)
(0.00424596 -0.0408905 0)
(0.00328758 -0.0514377 0)
(0.0638776 0.0446204 4.93153e-18)
(0.0677069 0.0587838 0)
(0.0123816 -0.163337 2.06182e-17)
(0.0880403 0.0547221 -1.99017e-17)
(0.0154348 0.0124292 2.06546e-17)
(0.190745 0.0365103 4.87511e-18)
(0.17489 0.0391567 0)
(-0.037732 0.000528503 3.63428e-17)
(0.0979015 0.084776 4.97134e-18)
(0.10555 0.0878809 1.97885e-17)
(0.107208 0.0864759 -1.48469e-17)
(0.0963783 0.0133698 -1.50267e-17)
(0.0683523 0.0645578 0)
(0.0947259 0.150795 0)
(-0.0636926 -0.209817 4.4316e-17)
(0.00187551 -0.0270617 0)
(0.109899 0.08358 -1.97728e-17)
(-0.0195425 0.0388867 -4.96534e-18)
(0.106674 0.0935222 0)
(0.106326 0.0894579 3.96753e-17)
(0.0114029 -0.0687242 0)
(0.0574249 0.0291172 2.49008e-17)
(0.0213311 -0.146482 0)
(0.104983 0.0419915 0)
(-0.134008 -0.0865029 0)
(0.0697056 -0.1957 0)
(-0.108459 0.0644098 1.14684e-17)
(-0.0363785 -0.0586398 0)
(0.107466 0.0865163 -2.47744e-17)
(-0.104863 -0.0225092 0)
(0.0791553 -0.22239 1.97579e-17)
(0.0202606 -0.187416 1.96581e-17)
(0.0948163 0.159515 1.99278e-17)
(-0.166339 -0.0775694 4.98158e-18)
(-0.196263 -0.097246 0)
(-0.00510129 -0.130855 3.37834e-17)
(0.087811 0.162882 -2.50613e-17)
(0.0159531 -0.0693786 0)
(0.104124 0.069194 0)
(0.109829 0.08032 -1.97778e-17)
(0.211998 -0.174086 0)
(0.119951 -0.0320372 2.46354e-17)
(-0.0579532 -0.0581639 -3.79555e-17)
(-0.00683745 -0.207507 -1.97667e-17)
(-0.128747 -0.11282 -1.4785e-17)
(0.043289 0.142496 1.07868e-17)
(-0.172666 -0.0564139 -1.48444e-17)
(-0.114419 -0.0765379 0)
(0.00159219 -0.0257116 0)
(0.136602 -0.207952 -4.90525e-18)
(0.0519549 0.0185061 4.95505e-18)
(-0.231475 -0.103343 -4.91975e-18)
(0.0620794 -0.22323 0)
(-0.0524617 -0.0485724 0)
(-0.235619 -0.0974407 2.46582e-17)
(-0.220982 -0.080655 -2.46822e-17)
(0.0992267 -0.183017 -4.8916e-18)
(0.142196 0.00538004 4.88824e-18)
(0.107414 0.0843467 2.47218e-17)
(0.102314 0.0796883 0)
(0.112956 0.0798273 1.48218e-17)
(0.0157852 -0.0729531 5.09509e-18)
(0.0381757 0.0315597 1.97195e-17)
(0.00977034 -0.0487769 0)
(0.0642653 0.0458893 9.95518e-18)
(0.136202 -0.11594 0)
(0.160781 0.0203707 -4.88277e-18)
(0.119684 0.0431762 4.90454e-18)
(0.00584392 -0.0675817 4.61499e-17)
(0.107366 0.0843162 4.95177e-18)
(-0.006725 -0.225858 0)
(0.0913465 0.062654 1.48575e-17)
(0.0785724 0.0535905 -4.79862e-18)
(0.0471524 0.0536846 -4.92303e-18)
(0.0861092 0.0565012 4.95994e-18)
(0.104824 0.172398 0)
(-0.147153 -0.0406784 -3.81463e-17)
(-0.247007 -0.0718679 0)
(0.0158668 -0.221158 0)
(0.0107036 -0.00868509 2.4862e-17)
(-0.00430463 0.00613798 0)
(0.194508 0.034203 -4.86456e-18)
(0.100212 0.0690389 0)
(0.0796874 0.0622844 0)
(-0.124075 -0.0779252 -1.97527e-17)
(0.0811579 0.0698307 -2.77019e-17)
(0.00645981 -0.0363239 0)
(-0.0527544 -0.0873925 1.53355e-18)
(-0.229397 -0.0735697 0)
(0.0411081 -0.00387967 1.95181e-17)
(-0.0712015 -0.0697188 0)
(0.0367119 0.0593071 0)
(-0.00225128 -0.0751887 -5.18178e-18)
(0.188117 -0.145389 1.95563e-17)
(-0.0133883 -0.163492 -3.86217e-17)
(0.114061 0.00878719 -2.45706e-17)
(-0.0606232 0.0182217 3.95673e-17)
(0.0663428 0.177425 -2.04968e-17)
(0.0224359 -0.0387851 2.04141e-17)
(-0.222266 -0.0902575 -4.91163e-18)
(0.000490214 -0.0584978 -1.97862e-17)
(-0.121385 -0.039425 4.94245e-18)
(-0.0686392 -0.107038 0)
(-0.157807 -0.0740364 1.97256e-17)
(0.094043 -0.215596 4.91593e-18)
(0.0470458 -0.218959 -3.95031e-17)
(-0.00373156 -0.20158 0)
(-0.00616693 -0.0576243 0)
(0.0199258 -0.220314 0)
(0.103998 -0.0272333 -1.96553e-17)
(-0.20899 -0.0547296 -4.93275e-18)
(0.0717327 -0.0111338 0)
(0.0742276 -0.00849766 0)
(-0.168972 -0.10853 -4.90897e-18)
(0.0117338 -0.0351919 3.52439e-17)
(0.130055 -0.211362 -4.87861e-18)
(0.0115805 -0.0703499 -2.36586e-17)
(0.0445848 -0.00270674 -2.11782e-17)
(0.0532207 -0.120208 1.90469e-17)
(0.0107247 -0.00144764 1.05003e-17)
(-0.188558 -0.0274819 1.97038e-17)
(-0.184639 -0.0921257 4.90237e-18)
(0.0753707 -0.0048723 0)
(0.0830811 0.0663709 0)
(0.056907 0.0582944 5.82451e-18)
(0.179398 -0.110601 -2.03103e-17)
(0.0634928 0.0523151 -4.94176e-18)
(-0.109279 -0.0612829 1.97375e-17)
(-0.0389863 -7.80402e-05 -2.48222e-17)
(0.0526858 -0.144485 5.05808e-18)
(0.0270103 0.190198 0)
(0.0897442 0.220049 1.99309e-17)
(0.0257332 -0.134172 0)
(0.0597049 0.230412 1.59064e-17)
(0.00631979 0.00464867 -2.10643e-17)
(0.0360399 -0.0977388 -1.44756e-17)
(0.0336146 -0.0471372 0)
(-0.0091984 -0.161115 2.16825e-17)
(-0.00924765 -0.14893 4.18608e-17)
(-0.20989 0.0636338 -2.20552e-17)
(0.052544 0.00998715 -1.81242e-17)
(0.148903 -0.139516 0)
(0.0743414 0.0334671 0)
(0.0782257 0.0881956 0)
(0.0781604 0.0942542 2.29999e-17)
(0.152418 -0.076411 -1.88999e-17)
(0.0636837 0.0770271 0)
(0.0948092 0.207596 5.40367e-18)
(0.0647566 0.131372 5.7633e-18)
(-0.11239 -0.0280017 -1.5056e-17)
(0.0261464 -0.0500249 0)
(0.0452381 0.0608748 0)
(0.0886847 -0.0115392 0)
(-0.223902 0.0837886 0)
(0.037335 0.173374 0)
(0.0689872 -0.0036316 -3.33871e-17)
(0.0548912 0.227194 0)
(0.0886821 -0.00637932 0)
(0.143946 -0.0581723 1.0591e-17)
(0.0274556 0.206229 0)
(0.127031 -0.00630513 -1.55032e-17)
(0.0971736 0.222162 2.14452e-17)
(0.172226 -0.156928 -1.46558e-17)
(-0.195897 0.0631684 -1.52293e-17)
(0.0764523 -0.00251236 9.92306e-18)
(0.121579 -0.00249528 0)
(0.0217878 0.11525 0)
(-0.0141245 -0.169819 2.22673e-17)
(0.0886807 0.111824 7.30791e-22)
(0.00673872 -0.064973 -3.52778e-17)
(0.0650844 0.0102241 0)
(0.0935977 0.164786 -2.30485e-17)
(0.00580557 -0.0568176 1.20761e-17)
(-0.19516 0.0937513 0)
(-0.0169997 -0.143738 -4.17376e-17)
(-0.0032841 -0.00178014 1.01654e-17)
(-0.011204 -0.00330321 2.11733e-17)
(0.00861245 0.00174007 2.07953e-17)
(0.0171729 0.00486725 1.95414e-17)
(0.0187708 0.00941658 0)
(-0.00855431 -0.00244595 1.74601e-17)
(0.00089178 0.0105222 1.6963e-17)
(-0.00236367 -0.00282712 -5.21798e-18)
(0.00717934 0.00333564 0)
(0.0183964 0.0140527 0)
(0.00728124 -0.000447248 4.19992e-17)
(0.0277472 -0.00879859 -2.09851e-17)
(-0.0119909 -0.00137595 -2.78511e-17)
(-0.0129325 0.00893714 0)
(-0.0121285 -0.00648231 -2.01835e-17)
(-0.0126975 -0.00501968 0)
(0.00640753 -0.00154924 3.97271e-17)
(-0.00363157 -0.0081263 -2.08536e-17)
(0.00707735 0.00351959 0)
(-0.0122286 0.00139918 3.3652e-17)
(0.0167768 -0.006492 1.95289e-17)
(-0.000370373 0.00665634 0)
(-0.00835526 -0.00937087 -1.56362e-17)
(-0.103621 -0.0224783 -1.51819e-19)
(-0.02622 -0.00174287 2.14718e-18)
(-0.177038 0.0530814 -3.14482e-17)
(0.066585 -0.0524031 2.05837e-17)
(0.0452295 0.0930539 3.35578e-17)
(0.0447442 0.0831383 -2.23317e-17)
(-0.0225177 -0.000559345 2.06428e-17)
(0.0400055 -0.152715 -5.14882e-18)
(0.0519152 -0.0549061 -2.04385e-17)
(0.0234046 -0.0646682 4.2606e-17)
(0.0241068 -0.0452234 -2.32686e-17)
(0.0117731 -0.0658747 -2.38846e-17)
(-0.13192 0.0828722 1.06703e-17)
(-0.119006 -0.0259938 -6.44831e-18)
(0.0463684 -0.031136 2.27426e-17)
(0.0385181 -0.0183417 2.80638e-18)
(0.0630081 0.202198 0)
(0.0200473 -0.0564705 -2.18175e-17)
(-0.00265866 -0.0622341 -8.61224e-18)
(-0.00146881 0.000610675 1.8972e-17)
(0.0804707 -0.0999238 -2.71635e-17)
(0.0262668 0.0498419 2.46868e-17)
(0.0870589 -0.0754042 1.96011e-17)
(-0.00828823 -0.0518369 2.06652e-17)
(0.0726769 0.195605 0)
(0.0112299 -0.0582357 2.80736e-18)
(0.0439072 -0.0658078 2.21146e-17)
(0.106329 -0.0347941 4.36417e-17)
(0.0701044 0.0348054 8.78881e-18)
(0.0209238 -0.102595 0)
(0.0993291 0.207872 -2.26114e-17)
(0.0284218 -0.0183568 -2.7493e-18)
(0.1542 -0.0870995 0)
(0.0252089 -0.0658178 -6.65247e-17)
(0.00279842 -0.0720475 0)
(-0.209199 0.0900183 0)
(0.00602828 0.0166617 2.29289e-17)
(0.0616862 0.0158279 -1.07316e-17)
(-0.00145754 -0.07073 -2.44879e-17)
(0.0587471 0.123978 1.73566e-17)
(0.00435909 -0.0061556 -1.9584e-17)
(0.0721399 0.187458 0)
(0.00974929 -0.0917036 0)
(0.0994646 0.205071 0)
(0.00214321 -0.0786705 1.35324e-18)
(0.0801715 -0.0470431 -4.19815e-17)
(-0.00751626 -0.00441639 1.05409e-17)
(0.0164062 -0.00338619 -2.0428e-17)
(-0.00806714 -0.117247 2.49898e-17)
(0.0758818 0.125552 -6.73789e-19)
(0.0235349 -0.0702314 -3.94558e-17)
(0.0588937 -0.0222165 2.18186e-17)
(0.0652385 0.18476 0)
(-0.223782 0.0446868 0)
(0.0647549 -0.0529917 -1.53793e-17)
(0.0314879 -0.0679391 4.42026e-17)
(0.0652979 0.0248538 0)
(0.0707289 0.136022 1.30238e-17)
(-0.00423301 -0.0388399 -1.12849e-17)
(0.0705471 0.0401592 2.49966e-17)
(-0.193138 0.0992897 0)
(-0.018896 0.00873524 -2.61652e-17)
(-0.0106588 -0.00896831 1.11368e-17)
(-0.00231281 0.030981 1.09116e-17)
(0.0368833 -0.0684129 2.34193e-17)
(0.0564892 0.149835 -2.10472e-17)
(0.0746835 0.0730705 0)
(-0.0050966 0.00215359 0)
(-0.0148493 0.00966261 0)
(0.0672066 0.08489 1.40024e-17)
(0.00251344 -0.0615314 2.65985e-17)
(0.12526 -0.0464518 -1.38997e-21)
(0.0528478 -0.0395337 1.70357e-17)
(0.059875 -0.0523614 -1.97785e-17)
(-0.0191115 0.0412367 -2.03562e-17)
(-0.0190001 0.024343 0)
(-0.107945 -0.0211286 0)
(0.116557 -0.0084453 0)
(0.0322212 -0.00063319 -1.22735e-17)
(0.0471313 -0.0623707 2.10734e-17)
(0.0665872 0.0831216 4.7362e-17)
(0.0981141 0.187215 0)
(0.0625551 -0.0138508 -2.02484e-17)
(-0.015116 0.0130727 -1.0531e-17)
(0.00646447 -0.0203717 -2.33547e-17)
(-0.00312827 0.00881719 -1.07514e-17)
(0.105399 -0.0019551 0)
(0.0333044 -0.0317716 -1.26443e-17)
(0.0507766 0.201754 1.60637e-17)
(0.0364176 -0.0551093 -2.13292e-17)
(-0.11347 -0.0230314 3.23179e-17)
(0.0448537 -0.000332641 -2.27557e-17)
(-0.0884284 -0.0105582 -2.98879e-17)
(0.0615941 0.00715381 0)
(0.00113634 -0.00420234 1.20601e-17)
(0.00354908 -0.046744 -1.26136e-17)
(0.00494547 0.0213417 -1.15115e-17)
(0.082144 0.0845912 2.25515e-17)
(-0.0193703 -0.0073899 -2.80626e-17)
(0.0642765 0.0213788 0)
(0.0813828 0.094029 -1.19249e-17)
(-0.00852454 -0.161073 0)
(0.0547707 0.133726 -2.27872e-17)
(0.0501426 0.0327262 -1.30692e-17)
(0.00199823 -0.0344283 -1.35638e-17)
(0.0209833 0.0142862 0)
(-0.00363847 -0.178203 2.96809e-18)
(-0.000921198 -0.0114653 0)
(0.0121629 -0.00337469 0)
(0.0186468 -0.00710491 -1.37584e-17)
(-0.136883 -0.0550418 0)
(0.000933262 -0.00516309 -1.25389e-17)
(0.043079 0.0646713 0)
(0.0431414 0.127267 2.20057e-17)
(0.0228791 -0.0705338 -2.38164e-17)
(-0.0077303 -0.00182832 -2.39481e-17)
(-0.0156093 0.00310768 -2.46074e-17)
(-0.000645049 -0.00910538 0)
(-0.0102459 -0.0252923 0)
(-0.0196578 0.00624284 -3.15423e-17)
(0.000635767 -0.112646 -2.64822e-17)
(0.0146136 -0.035389 -1.30806e-17)
(0.0532537 0.0510983 1.2187e-17)
(0.0499713 -0.0605102 1.39349e-18)
(0.0681035 0.0659069 2.30255e-17)
(0.0532176 0.0457776 1.153e-17)
(-0.00679513 -0.177483 3.02473e-17)
(-0.0100141 0.037125 1.11213e-17)
(0.0434344 0.241404 -4.7573e-17)
(0.0415342 -0.0579595 -2.72513e-17)
(-0.105069 -0.0299357 0)
(-0.0163931 -0.120027 1.4518e-17)
(0.00403446 0.0053266 -1.28341e-17)
(0.0642173 0.0186699 5.1895e-18)
(0.0435507 0.111433 0)
(0.0221003 0.0345539 1.18731e-17)
(0.0422915 0.100048 -2.41857e-17)
(0.057228 0.0664383 0)
(0.0540814 0.0381909 4.76404e-23)
(0.0338521 0.0317309 0)
(0.0413062 0.0478691 -1.52237e-18)
(0.0265317 0.0277448 -2.40578e-17)
(0.0339356 0.0385861 6.17993e-18)
(-0.0272342 -0.00102661 3.94444e-17)
(-0.0295255 -0.000447509 -1.2362e-17)
(-0.00796483 -0.168991 -3.13573e-17)
(0.0550978 -0.0579207 -5.16856e-17)
(0.0691278 0.104537 3.80575e-17)
(0.0947734 -0.054981 2.54523e-17)
(-0.0303249 0.00260438 -1.29326e-17)
(-0.0266497 0.00268841 2.79727e-17)
(0.00810782 0.131908 0)
(0.0961444 0.169246 1.00275e-21)
(-0.0170094 0.0049418 2.18185e-17)
(0.0262575 0.0181471 -2.10259e-17)
(-0.154429 0.0872028 1.9477e-17)
(0.0169168 -0.0709806 -3.007e-17)
(0.00539283 0.0339574 -1.00285e-17)
(-0.0259623 -0.00543644 -3.38193e-17)
(0.128079 -0.0771195 -1.22311e-17)
(-0.0097304 0.00267257 5.8224e-18)
(-0.00713137 -0.0658953 -1.03656e-17)
(0.064312 0.0607559 0)
(0.00544552 -0.0611986 0)
(0.0706234 -0.0852655 3.2164e-17)
(0.0363255 -0.0298378 5.78125e-18)
(-0.00649954 0.0141678 0)
(0.00369085 -0.0733612 0)
(0.102781 0.188241 0)
(0.11511 -0.0502858 1.34796e-17)
(-0.116008 -0.0235511 1.3631e-17)
(-0.0941431 -0.0144511 -7.31276e-18)
(0.0319294 -0.0388943 1.14717e-17)
(0.0715534 0.0936888 0)
(-0.0159313 0.0279449 -2.0487e-17)
(-0.102613 -0.0439504 -7.66003e-18)
(0.0465019 -0.0727405 0)
(0.00332384 0.0131372 2.37812e-17)
(0.0116359 -0.00367352 -4.21281e-17)
(0.0273974 -0.0524773 2.58532e-17)
(0.0386583 0.227459 0)
(0.0605137 0.0404258 2.59626e-17)
(0.0262018 0.00568034 -2.42226e-17)
(0.0338638 -0.0787044 8.42367e-18)
(-0.114743 -0.0336864 -5.91291e-18)
(0.0747562 0.0664507 -2.78747e-17)
(0.0702548 0.0430622 -3.27157e-17)
(0.0520917 -0.0111406 -2.57076e-17)
(0.00869817 -0.0694752 1.33018e-17)
(0.00925946 0.0178034 -2.63877e-17)
(-0.114316 -0.0183302 3.75495e-17)
(-0.0232609 -0.00303236 2.68233e-17)
(0.0606877 0.0137043 5.2879e-18)
(0.0727422 0.0973672 0)
(0.0029146 -0.0936395 0)
(-0.0110428 0.0238784 2.32394e-17)
(-0.150551 0.0651684 0)
(0.0607666 0.189611 -6.67899e-18)
(0.00859869 0.00441901 1.03937e-17)
(0.0228933 0.00273983 2.88381e-17)
(0.0243945 0.0783114 1.22061e-17)
(0.0461403 -0.0659326 -2.18666e-17)
(0.0341666 0.010241 -2.44484e-17)
(0.0969937 -0.0287942 -4.99682e-17)
(0.101903 0.191447 -2.11608e-17)
(0.0524829 0.160991 2.20579e-17)
(0.000870274 -0.0471923 1.1324e-17)
(0.0573115 0.250452 4.25853e-17)
(0.0318402 -0.00244786 -2.4637e-17)
(0.0313692 -0.00828833 -1.26744e-17)
(0.0764527 0.131631 -1.20104e-17)
(0.00306522 0.000815596 3.16596e-17)
(-0.222588 0.0185599 2.46912e-17)
(0.077985 0.10747 -1.15681e-17)
(0.0764317 -0.0293651 3.47757e-18)
(0.0650736 0.0277954 0)
(0.0561466 0.198108 3.10025e-18)
(0.0442684 0.0747438 1.38824e-17)
(0.0064889 0.147082 0)
(-0.00034677 -0.00536541 -1.32236e-17)
(-0.0969937 -0.0434791 1.241e-17)
(0.0486803 0.0332723 -2.52448e-17)
(0.0394179 -0.109661 -2.81477e-17)
(-0.140204 0.0755865 3.80097e-19)
(0.00331496 0.00304537 1.91783e-17)
(-0.0124488 0.0506656 -1.15949e-17)
(0.0010991 -0.0404044 1.45451e-17)
(0.0512203 -0.0193043 3.12618e-17)
(0.0522287 0.00851861 -6.73359e-18)
(0.0256864 0.0366771 0)
(0.0475594 -0.0574186 -4.34223e-17)
(-0.13867 -0.0454476 -5.16185e-17)
(-0.062939 -0.00316893 -1.7905e-17)
(0.0280332 -0.0712134 -1.18204e-17)
(0.0494651 -0.0034175 4.13004e-17)
(0.0189751 0.21801 -1.40094e-17)
(0.0774168 -0.0168154 -1.55702e-17)
(0.0334777 -0.00079174 -3.82557e-17)
(0.0034402 -0.0196291 0)
(0.0540445 0.189265 6.68237e-18)
(-0.00937674 -0.0966993 -2.3229e-17)
(0.0461012 0.190614 -1.39745e-17)
(0.0533412 0.0241684 2.69273e-17)
(0.0221484 -0.0606494 9.78875e-18)
(0.0428151 0.0554663 1.30682e-17)
(0.0102755 -0.0727885 0)
(0.0189869 -0.0670214 1.10281e-17)
(-0.000952756 -0.149151 0)
(0.0171176 0.00247849 0)
(0.0424216 0.0172526 -1.144e-17)
(0.0240786 -0.0665871 -2.98944e-22)
(-0.0067262 -0.165352 -1.61503e-17)
(0.0319645 -0.1223 7.00925e-18)
(0.123072 -0.0602548 0)
(0.060576 0.0536569 2.39494e-17)
(-0.0211517 -0.164178 2.25131e-17)
(0.00489517 -0.0068444 1.34575e-17)
(0.0068549 -0.0846331 3.57752e-17)
(0.0266734 -0.0207454 1.45598e-17)
(0.016929 0.0175375 -5.50757e-18)
(-0.139133 0.0628783 -1.43105e-17)
(0.0511929 0.00142355 -3.43785e-17)
(0.0272484 -0.0328215 3.05802e-17)
(-0.124346 -0.0312829 -1.47011e-17)
(0.0212027 -0.0302884 2.06814e-18)
(-0.0908507 -0.0130395 7.65695e-18)
(0.0234326 0.0578556 0)
(0.0792921 0.0709256 2.87639e-17)
(0.0010566 -0.0214811 0)
(0.0838513 0.0878257 1.30203e-17)
(-0.0238868 0.00476282 -4.27517e-17)
(0.0471567 -0.00437385 1.5066e-17)
(-0.0225437 0.00252523 1.95234e-18)
(0.0110101 0.00850604 0)
(-0.0504679 0.0066795 2.63395e-17)
(0.0856131 -0.0437683 0)
(0.0310073 0.00381061 0)
(0.0759033 -0.0568042 0)
(0.00555439 -0.0187981 2.52716e-17)
(0.0580386 -0.0288149 -3.25857e-17)
(0.0313372 0.182573 7.66484e-18)
(0.00944051 -0.0228228 -3.46938e-17)
(0.128516 -0.0903218 1.47426e-17)
(-0.00260167 -0.169289 -2.85547e-17)
(0.0125682 0.0228468 -2.85604e-17)
(0.0551739 0.0924612 -1.64991e-17)
(0.095927 -0.0730256 -2.84572e-17)
(-0.122716 -0.0281323 0)
(0.0152849 -0.0692398 -3.27665e-17)
(-0.127049 -0.0446917 -7.02811e-22)
(0.0373403 -0.0198987 5.98515e-23)
(0.0201542 -0.0737397 0)
(-0.118399 -0.0246257 -8.78484e-18)
(0.0212014 -0.072943 -4.29502e-17)
(0.0582107 0.0880522 0)
(0.03181 -0.0516638 2.00881e-17)
)
;

boundaryField
{
    back
    {
        type            empty;
    }
    front
    {
        type            empty;
    }
    top
    {
        type            codedFixedValue;
        value           nonuniform List<vector> 
15
(
(0 -0.0727945 0)
(0 -0.0688418 0)
(0 -0.0530313 0)
(0 -0.0411733 0)
(0 -0.0530313 0)
(0 -0.0266803 0)
(0 -0.0266803 0)
(0 -0.0688418 0)
(0 -0.0727945 0)
(0 -0.0622541 0)
(0 -0.00955221 0)
(0 -0.00955221 0)
(0 -0.0622541 0)
(0 -0.074112 0)
(0 -0.0411733 0)
)
;
        name            ParabolicTimeDependentU_max;
        code            #{
		const vectorField& Cf = patch().Cf();
		vectorField& field = *this;

		const scalar r = 18.0*1e-3;
		const scalar Umax = 0.4;
		const scalar Umin = 0.02;

		scalar 	Uvar = 0.08;
		scalar 	t = this->db().time().value();
		scalar	tau = fmod(t,1);
		
		if (tau > 0 && tau <= 0.35)
		{
			Uvar = 0.08+Umax*(1-(pow(tau-0.175,2)/(0.175*0.175)));
		}
		if (tau > 0.35 && tau <= 0.6)
		{
			Uvar = 0.08+Umin*(-1+(pow(tau-0.475,2)/(0.125*0.125)));
		}
		if (tau > 0.6 && tau <= 1)
		{
			Uvar = 0.08;
		}
		
		forAll(Cf, faceI)
		{
			const scalar x = Cf[faceI][0];
			const scalar y = Cf[faceI][1];
			field[faceI] = vector(0, Uvar*(-1+(pow(x+(0.02+r),2))/(r*r)), 0);
		}
	#};
    }
    outer_arc
    {
        type            noSlip;
    }
    bottom
    {
        type            zeroGradient;
    }
    inner_arc
    {
        type            noSlip;
    }
}


// ************************************************************************* //
