/*--------------------------------*- C++ -*----------------------------------*\
  =========                 |
  \\      /  F ield         | OpenFOAM: The Open Source CFD Toolbox
   \\    /   O peration     | Website:  https://openfoam.org
    \\  /    A nd           | Version:  9
     \\/     M anipulation  |
\*---------------------------------------------------------------------------*/
FoamFile
{
    format      ascii;
    class       volVectorField;
    location    "1.41";
    object      U;
}
// * * * * * * * * * * * * * * * * * * * * * * * * * * * * * * * * * * * * * //

dimensions      [0 1 -1 0 0 0 0];

internalField   nonuniform List<vector> 
1655
(
(0.0229902 -0.0143162 -4.78881e-18)
(-0.0237024 0.0277315 3.15352e-17)
(-0.090068 0.0192866 2.56036e-17)
(-0.00859829 0.0141353 -1.533e-17)
(0.0669506 0.0652386 0)
(0.0215278 0.00968076 9.63126e-18)
(-0.134062 0.021221 0)
(0.0450746 0.169755 -1.70126e-17)
(0.0862436 0.235531 0)
(0.0634692 0.057142 -8.33825e-18)
(0.0454214 -0.0202494 3.82646e-17)
(0.053253 -0.0233826 -3.76964e-17)
(0.031738 0.10179 -2.27782e-21)
(0.0274193 0.00343407 -1.98889e-17)
(-0.059997 -0.199072 1.93967e-17)
(-0.238568 0.175558 0)
(-0.274565 0.152 3.34222e-17)
(0.0395265 -0.0635324 1.0239e-17)
(0.0142237 0.00657583 -3.84422e-17)
(0.0251791 0.0402155 -1.10301e-17)
(-0.18138 0.102493 4.43426e-18)
(0.0807291 0.254905 0)
(0.0701809 0.123043 -2.05302e-17)
(0.0621287 0.113303 9.53806e-18)
(0.0323189 -0.0213921 -6.02487e-18)
(-0.29542 0.17805 -3.94288e-17)
(-0.210772 0.169457 -1.74282e-17)
(0.064945 0.24098 -2.03783e-17)
(0.0577954 0.239516 2.74685e-17)
(-0.0276779 0.0316574 -1.9862e-17)
(-0.219772 0.0427102 4.90997e-17)
(0.00202399 0.0254146 -5.32235e-18)
(0.00625534 -0.064636 -7.30362e-18)
(-0.0893585 -0.00448033 0)
(0.0296805 -0.0755596 0)
(-0.0943949 -0.0165574 0)
(0.0314718 0.013138 -2.59208e-17)
(-0.0287227 0.0398868 0)
(0.0077317 -0.0606373 -9.9973e-18)
(-0.0294187 0.032496 -3.40438e-17)
(-0.160841 0.117678 1.899e-17)
(0.0718842 0.105315 1.66073e-17)
(0.00840987 -0.054312 -1.04538e-17)
(0.0172906 0.00663811 3.04301e-17)
(-0.0146533 -0.0130534 0)
(-0.00290296 0.00450103 0)
(-0.0179205 0.0145531 4.76575e-17)
(-0.0237698 0.0223543 0)
(0.0476371 0.0296703 1.85928e-17)
(0.019046 -0.0590365 2.54196e-18)
(0.0325934 0.014489 2.86346e-17)
(-0.0406908 0.0262289 -1.91626e-17)
(-0.0605278 -0.1999 -2.07977e-17)
(0.0841379 0.229067 1.82372e-17)
(0.119921 0.171472 -2.35598e-17)
(-0.130441 -0.174309 0)
(-0.0934645 0.0743775 -9.24366e-18)
(0.0220206 -0.0145214 0)
(0.0472059 -0.0130226 0)
(-0.135273 -0.190007 1.99966e-17)
(-0.251411 0.0325211 -4.90719e-17)
(0.0115805 0.00482282 0)
(0.0367151 -0.0236017 0)
(0.0601077 0.191396 -4.69774e-18)
(0.0532406 0.0168513 0)
(-0.136494 0.0398161 0)
(0.0513117 0.00481628 4.43649e-17)
(0.0348351 -0.0148608 -2.19998e-17)
(0.016639 -0.11924 0)
(0.0639712 0.101342 -1.89817e-17)
(0.0103508 -0.00789496 2.44516e-17)
(-0.108589 0.0259747 -1.16133e-18)
(-0.10996 0.0668961 -1.22502e-18)
(-0.0665983 -0.197621 1.7727e-17)
(-0.236735 -0.0289797 -2.26628e-17)
(-0.00716291 0.0072687 1.08292e-17)
(0.0519802 0.218435 -6.23866e-18)
(0.01767 -0.181827 0)
(-0.162226 0.117509 0)
(-0.0376803 0.0471438 0)
(0.049198 0.0183737 2.44151e-17)
(-0.0119036 0.0307623 -1.10149e-17)
(0.12053 0.173413 2.40716e-17)
(0.0335128 0.0114842 1.22749e-17)
(-0.0802773 0.0166066 0)
(-0.0891404 -0.152334 0)
(-0.211631 -0.0221333 -1.36774e-17)
(-0.118797 0.0801773 0)
(0.0169858 -0.0302146 -9.58361e-18)
(-0.0979274 -0.135466 0)
(-0.0798215 -0.117372 0)
(-0.100418 0.0134683 1.20078e-17)
(0.0289602 0.0150399 2.35302e-17)
(0.032434 0.020409 0)
(-0.0185432 0.0874389 0)
(0.0225846 0.00806262 3.91804e-17)
(0.0295338 0.00597755 -3.7602e-17)
(0.0269857 -0.0101337 0)
(-0.0201547 0.0222419 -1.14071e-17)
(-0.02631 -0.0761941 2.41258e-17)
(-0.131035 0.00676669 -7.5736e-17)
(0.0141972 6.18575e-05 -2.48623e-17)
(0.0471541 0.0314413 -2.42685e-17)
(0.037065 0.00543176 2.60701e-17)
(0.0961231 0.0752468 0)
(0.0210994 0.00631519 -1.50556e-18)
(0.0844737 0.182072 -2.07628e-17)
(0.0104764 0.00403169 0)
(-0.0164484 -0.0692518 0)
(-0.125188 -0.157955 -2.09398e-17)
(-0.00382491 -0.0681116 1.6816e-17)
(0.0187853 -0.0051492 1.94921e-17)
(-0.127985 -0.156738 1.2697e-17)
(-0.103383 -0.0193529 2.20651e-17)
(0.0917803 0.160224 1.97452e-17)
(-0.0731107 -0.132038 -1.24443e-17)
(0.0847513 0.174297 -2.11071e-17)
(0.0365804 -0.00568585 0)
(0.0169176 -0.02459 1.89923e-17)
(0.101209 0.0862248 -4.21585e-17)
(-0.147608 -0.159992 -3.60984e-17)
(-0.222924 -0.0461546 3.6818e-17)
(-0.240132 0.000372017 -2.918e-17)
(0.116871 -0.00184036 2.74679e-17)
(0.0468073 0.0101851 9.65226e-18)
(0.0682402 0.16046 0)
(0.0304353 -0.056573 -2.39964e-17)
(-0.0103506 0.0426136 2.16352e-17)
(-0.226758 0.181644 -2.91037e-18)
(-0.0558641 -0.0629295 -2.87269e-18)
(0.0611434 0.0317039 5.49245e-18)
(-0.00359294 -0.0679987 2.96851e-17)
(0.0683985 0.190433 1.82003e-17)
(0.0676935 0.14881 1.916e-17)
(-0.00449396 -0.0297696 0)
(0.00847257 -0.0130738 0)
(0.0720006 0.0814205 -1.12016e-17)
(-0.0422682 -0.137824 1.88743e-17)
(-0.0493702 0.0274375 1.01703e-17)
(0.0414611 0.00189582 -1.00634e-17)
(-0.0793173 -0.13728 1.30288e-17)
(-0.174411 0.153215 1.79367e-17)
(-0.227335 0.194936 0)
(-0.229503 -0.0874899 0)
(-0.322276 0.149622 -1.10699e-17)
(-0.255936 -0.0693786 0)
(-0.192715 -0.102664 -3.88287e-17)
(-0.149746 -0.168216 3.12033e-17)
(-0.161333 -0.131924 2.01368e-17)
(-0.329543 0.0714283 0)
(-0.318764 0.0282518 1.90649e-17)
(-0.336782 0.115251 -1.0254e-17)
(-0.284181 -0.0460066 1.99347e-17)
(-0.308851 -0.0150282 1.74031e-17)
(-0.0793357 -0.16041 0)
(0.0257802 -0.0464334 3.87051e-17)
(0.0305851 0.00563026 2.47538e-18)
(-0.175427 -0.07816 1.02841e-17)
(0.0918152 0.168192 0)
(0.00969894 0.0133907 -2.64195e-17)
(-0.193969 -0.103565 2.93952e-17)
(0.0862627 -0.0846465 0)
(0.092664 0.218981 -1.11228e-21)
(-0.181209 -0.0688979 0)
(-0.223008 -0.0720598 0)
(0.0414617 -0.0147647 -1.01855e-17)
(0.0739523 0.228746 0)
(0.0843109 0.156272 -3.98103e-17)
(0.0257462 0.00343268 6.11972e-18)
(0.00885328 -0.250532 0)
(-0.233098 0.160387 0)
(0.119557 0.179888 0)
(-0.176125 -0.137383 1.2086e-17)
(0.091789 0.193002 2.09708e-17)
(-0.0737148 0.0520569 1.28702e-18)
(0.0918846 0.184961 2.08957e-17)
(0.0548923 0.0289843 5.51227e-18)
(-0.0095396 -0.271032 0)
(-0.118282 -0.0933604 -2.27735e-17)
(0.0221902 0.00999596 1.80456e-17)
(-0.111336 -0.163333 2.56902e-17)
(0.122211 0.166328 1.63085e-17)
(0.0132367 0.0033519 -3.50713e-17)
(0.0945966 -0.00245194 -6.00838e-18)
(-0.00560652 -0.00585777 -1.15745e-17)
(-0.109594 -0.137384 0)
(-0.00505669 0.010588 0)
(-0.115118 -0.1177 0)
(0.0809268 0.0260321 0)
(0.123125 0.162901 -1.58559e-17)
(-0.00989652 0.0124703 -2.08543e-17)
(0.024156 0.011993 0)
(0.112192 0.0830737 -2.12855e-17)
(-0.0194846 0.0256255 2.69265e-17)
(-0.0812184 -0.170886 0)
(0.0161436 -0.0180818 -1.30485e-17)
(0.10416 0.0754288 0)
(-0.0974635 -0.1513 0)
(-0.0144019 0.0177638 2.48914e-17)
(0.124624 0.14819 0)
(0.0589479 -0.00727229 1.37667e-17)
(0.0340506 -0.000761458 -6.17914e-18)
(-0.19845 -0.0117006 2.22538e-17)
(-0.207312 0.0110788 4.97451e-17)
(-0.0215643 -0.0553664 -1.90546e-17)
(-0.2102 0.101014 1.49095e-17)
(0.00947391 -0.085337 0)
(0.102435 0.0486594 0)
(-0.0562897 -0.0726506 6.81012e-17)
(-0.138131 -0.0201648 0)
(0.0931603 0.0265985 3.61169e-17)
(0.0307102 0.0253583 -9.99259e-18)
(0.00306486 -0.0203746 0)
(0.0764166 0.163054 2.08051e-17)
(0.0411608 -0.00435659 -2.1423e-18)
(0.065365 -0.00375165 4.68237e-17)
(-0.134018 -0.0260415 -1.16582e-17)
(0.0597262 -0.0608902 0)
(0.0886394 0.0202337 2.05415e-17)
(0.126281 0.146127 0)
(-0.0193149 0.0277566 0)
(-0.165797 0.0855363 -4.32008e-17)
(0.011482 -0.0707014 3.08995e-17)
(0.127698 0.152153 2.11916e-17)
(0.00654024 -0.0765065 -2.22787e-17)
(-0.0468707 -0.177693 2.12397e-17)
(-0.0416541 -0.187393 -2.11294e-17)
(-0.0429899 -0.0750215 0)
(0.0884553 0.0131032 2.60479e-17)
(0.106216 0.00695996 2.08759e-17)
(0.0228656 -0.115181 0)
(0.100464 -0.00843069 -2.61152e-17)
(0.119616 -0.020049 2.61043e-17)
(0.025269 -0.169193 -4.07224e-17)
(0.00169937 -0.0924 -2.19714e-17)
(0.0205314 -0.116684 2.14135e-17)
(-0.0652363 -0.167051 0)
(0.109009 0.0589009 0)
(-0.0583955 -0.182438 2.63534e-17)
(0.1215 -0.0441319 2.08842e-17)
(-0.108719 -0.165022 -1.97283e-17)
(-0.0210389 0.0218601 3.81235e-17)
(0.138679 -0.0597959 -2.60798e-17)
(0.00321585 -0.0132752 1.82265e-17)
(0.130217 0.141784 5.30112e-18)
(-0.0906204 0.0759705 -2.6815e-17)
(-0.236591 0.0749728 1.57408e-17)
(0.092158 0.210938 0)
(-0.0830919 -0.162942 -5.28408e-18)
(0.126499 0.156139 0)
(0.0297219 0.011302 -1.74017e-17)
(-0.0452118 0.0524409 4.32024e-18)
(0.0850247 0.0381278 -2.10228e-17)
(0.0572577 0.0279837 -1.51426e-17)
(0.0050958 -0.102161 2.15982e-17)
(0.10629 0.0236316 -2.57775e-17)
(-0.055813 -0.0993763 -2.21922e-17)
(0.131678 0.139315 -5.28059e-18)
(-0.0299317 -0.299477 2.77641e-17)
(0.0215593 -0.0762815 2.03562e-17)
(0.108364 -0.123235 1.57348e-17)
(-0.120052 -0.0529514 2.18521e-17)
(-0.0203404 -0.194633 2.10424e-17)
(0.0496784 0.0254002 2.08109e-17)
(0.0688563 0.0203278 2.10842e-17)
(0.0991232 0.147357 2.10881e-17)
(0.0250931 -0.0848846 0)
(0.0360626 -0.037433 -2.99954e-17)
(-0.000637064 -0.0756777 1.16504e-17)
(0.0498978 -0.0521119 0)
(-0.0215508 -0.133252 -2.23654e-17)
(0.0462782 -0.121282 1.61135e-17)
(-0.0216889 0.0116714 1.11793e-17)
(-0.123888 -0.0589723 0)
(0.00810226 -0.203878 -6.25704e-22)
(0.0508388 -0.1035 -1.62411e-17)
(-0.233244 0.0811602 0)
(0.133065 0.128837 2.6397e-17)
(0.108588 0.0999074 -2.67156e-17)
(0.130921 -0.153269 5.15763e-18)
(0.119469 0.131004 2.16436e-17)
(0.10525 0.136379 5.2929e-18)
(0.0277768 -0.137997 2.15048e-17)
(-0.0870044 -0.203137 1.88438e-17)
(-0.0880664 -0.188115 -3.54759e-17)
(0.0689549 -0.0569989 -2.16145e-17)
(0.119935 0.109845 2.13534e-17)
(-0.0104039 -0.0728845 1.93588e-17)
(0.0192367 -0.0903108 0)
(0.0497741 -0.0635807 0)
(0.0881093 0.000241432 2.12071e-17)
(-0.100829 0.0710396 2.05904e-17)
(0.0385969 -0.0782902 4.48411e-17)
(0.117036 0.185885 0)
(0.118185 0.089148 -2.13369e-17)
(-0.0216085 -0.120869 5.39564e-18)
(0.0264701 0.108497 0)
(0.104453 0.0160286 -3.63606e-17)
(-0.00795246 -0.0188599 -2.11615e-17)
(-0.0803792 -0.0965079 -5.33602e-17)
(-0.0249746 -0.0865551 -2.25009e-17)
(0.00944775 0.00599385 0)
(-0.00790281 -0.0140281 3.27291e-17)
(-0.0173526 -0.144082 -5.34973e-18)
(-0.00884572 -0.194578 -4.2056e-17)
(0.112171 0.105914 -2.27723e-17)
(-0.0393348 -0.109373 -5.439e-18)
(-0.100329 -0.130413 5.2928e-18)
(0.114252 0.0721306 -5.31843e-18)
(0.0120911 -0.198411 -2.09468e-17)
(0.0413344 -0.0662746 0)
(-0.26911 0.140408 1.11907e-17)
(-0.116008 -0.107212 -5.3279e-18)
(0.12112 -0.135541 -5.24586e-18)
(0.0994767 0.155357 0)
(0.120546 0.0942515 0)
(-0.0339164 0.0099948 -2.10559e-17)
(0.120325 0.150656 -2.13236e-17)
(0.026765 -0.19394 6.1476e-21)
(-0.0480633 -0.0979367 2.35053e-17)
(0.122364 0.131555 0)
(0.040208 -0.0676279 -2.25746e-17)
(-0.0139323 -0.0795631 2.9794e-18)
(-0.0130501 -0.131662 -5.38082e-18)
(-0.0262219 -0.0972543 -2.1897e-17)
(-0.0120366 -0.000864076 3.04503e-17)
(-0.0223668 0.00221797 1.04292e-17)
(0.105979 0.144412 -2.66608e-17)
(-0.0815816 -0.117567 0)
(0.112873 0.0631848 -2.09015e-17)
(0.0140653 -0.104394 0)
(0.122341 0.112065 2.13229e-17)
(-0.00621384 0.0575643 9.59508e-18)
(-0.109655 -0.0987654 -2.13217e-17)
(0.10109 0.0417698 2.13831e-17)
(-0.0546167 -0.167132 -1.58434e-17)
(0.118867 0.0709461 1.57084e-17)
(0.032267 -0.0863164 -2.24255e-17)
(-0.00894354 -0.185225 0)
(0.0950629 0.023834 0)
(-0.0303419 -0.0862006 2.32277e-17)
(-0.00412019 -0.164618 2.12221e-17)
(0.00845119 -0.182207 0)
(0.0929466 0.00398134 -2.599e-17)
(-0.0586582 -0.138805 0)
(-0.00531489 -0.152297 -3.73229e-17)
(0.0403039 -0.0437921 0)
(-0.0340515 -0.121736 5.41587e-18)
(-0.0499826 -0.111002 0)
(-0.131249 -0.0215814 0)
(0.0293275 0.0720925 0)
(0.0251139 -0.0168812 2.09812e-17)
(0.111737 -0.00497579 0)
(-0.0172749 -0.098568 2.18125e-17)
(0.111963 0.200314 0)
(0.0450453 -0.194234 0)
(-0.0162278 -0.172897 0)
(0.0080559 -0.187091 -3.90287e-21)
(0.12663 0.101105 -2.11263e-17)
(0.0285708 -0.172139 2.62715e-17)
(-0.11318 -0.196598 -1.80092e-17)
(0.0204123 -0.0977151 0)
(0.105705 0.207406 -5.65878e-18)
(0.139173 -0.155561 2.07235e-17)
(-0.0216965 0.0598915 2.19318e-17)
(-0.108744 -0.177355 -1.82695e-17)
(-0.0908668 -0.115947 5.60214e-18)
(0.0266985 0.0566642 -2.0939e-17)
(0.126543 0.130549 0)
(0.0234652 -0.146313 0)
(-0.0268511 0.0364254 0)
(-0.00756588 -0.0902772 2.18687e-17)
(-0.0243688 0.0555535 0)
(0.0360101 -0.191238 0)
(0.0244646 0.0419319 0)
(0.116919 0.0804569 5.30071e-18)
(0.140536 0.0850642 1.56235e-17)
(0.077937 0.172736 -7.76518e-22)
(0.025112 -0.126626 5.3011e-18)
(-0.0326431 -0.166717 -2.12812e-17)
(0.0215623 -0.0984403 -5.4537e-18)
(0.144267 -0.150086 0)
(0.0906634 0.142339 -2.18983e-17)
(0.129468 -0.161284 -2.58718e-17)
(-0.0428329 -0.138128 -5.3644e-18)
(0.111657 0.19332 0)
(0.0498453 -0.191114 0)
(0.129392 0.116549 1.67376e-22)
(0.0229606 -0.114398 0)
(-0.0246499 -0.184625 -5.26048e-18)
(-0.212944 0.155279 1.96585e-17)
(0.0456182 0.00320791 -2.10051e-17)
(0.142854 0.0897361 -2.08482e-17)
(0.117475 0.179538 0)
(0.0100431 -0.169226 0)
(0.0637501 -0.188249 -2.08542e-17)
(0.0605197 -0.186606 2.08672e-17)
(0.0698088 -0.0251651 0)
(0.0991013 0.204967 0)
(0.128339 0.080846 0)
(0.0201471 -0.192234 -2.09754e-17)
(0.0170465 -0.0761409 4.46012e-17)
(0.152983 -0.144349 5.167e-18)
(0.111825 0.134244 -2.64148e-17)
(0.100975 0.0514021 -5.22999e-18)
(-0.00236619 -0.110818 -2.16258e-17)
(0.122011 0.171066 2.13255e-17)
(0.0357188 -0.0033917 -2.6355e-17)
(-0.0184363 0.0260145 0)
(0.130814 0.0760665 0)
(0.0169968 0.0194227 0)
(0.162155 -0.133673 5.16467e-18)
(0.12167 -0.165825 5.19767e-18)
(0.119719 0.0672108 0)
(0.00327115 -0.119985 0)
(0.167834 -0.11859 -2.06643e-17)
(0.122887 0.165739 0)
(0.110662 -0.0244499 0)
(0.110947 -0.171427 -1.56214e-17)
(0.0773025 -0.184686 2.08525e-17)
(0.120846 0.0751437 2.08598e-17)
(0.154328 -0.140656 -5.16541e-18)
(-0.0490453 -0.00594284 5.29856e-18)
(0.0750435 -0.184407 0)
(0.0905921 -0.178566 2.08584e-17)
(-0.184154 0.0932413 -1.32057e-17)
(0.129166 -0.0386972 0)
(0.0170846 -0.17826 1.58194e-17)
(-0.079317 -0.13035 2.12852e-17)
(0.145984 0.0626989 2.59943e-17)
(-0.0570985 -0.144456 0)
(0.0293694 0.0206733 -1.35979e-21)
(0.0890505 -0.180735 0)
(0.0515388 0.043479 -6.87179e-18)
(0.160796 -0.126187 1.55027e-17)
(0.17185 -0.116521 -1.55055e-17)
(0.0309011 -0.146762 2.1177e-17)
(-0.0395371 -0.0540626 9.03585e-18)
(0.00441733 0.00887478 0)
(0.173975 -0.116867 0)
(-0.144932 0.128258 1.80853e-17)
(0.125971 -0.142583 0)
(0.0561787 0.0159092 2.63066e-17)
(0.0880415 -0.175304 0)
(0.120529 -0.161203 0)
(0.172647 -0.122564 -2.5829e-17)
(0.12756 0.0638245 2.08294e-17)
(0.124577 0.0735334 0)
(0.128296 0.0619587 -1.0324e-21)
(0.0753779 0.0292701 2.09234e-17)
(0.13482 0.0572824 -5.20489e-18)
(0.198344 -0.0470964 -2.07109e-17)
(0.123808 0.0487349 -5.20584e-18)
(0.13879 -0.150949 5.17172e-18)
(0.138147 0.0545734 -4.16182e-17)
(0.144192 -0.134424 2.58663e-17)
(0.138182 0.0836333 0)
(0.110182 -0.163495 0)
(0.144139 0.0655303 0)
(0.00108207 0.011404 0)
(0.139394 -0.139885 -5.17427e-18)
(0.133067 -0.133332 -5.1793e-18)
(0.140389 -0.149299 5.17281e-18)
(0.191856 -0.0454017 -2.07344e-17)
(0.108379 0.0669695 -2.09001e-17)
(0.0845459 0.148126 4.20863e-17)
(0.129678 -0.153157 -5.17723e-18)
(0.0997804 -0.172439 0)
(0.144612 -0.113176 5.22183e-18)
(0.147494 -0.135538 0)
(0.141593 -0.124044 -2.07366e-17)
(0.028487 -0.123464 1.58643e-17)
(0.147282 -0.143585 5.1717e-18)
(0.0841963 0.0380182 5.23273e-18)
(0.198919 -0.0329206 2.07284e-17)
(0.147889 -0.119488 -5.17982e-18)
(0.13612 -0.105718 -3.63103e-17)
(0.17025 -0.101707 -1.55219e-17)
(0.146269 -0.0821534 1.56522e-17)
(-0.012158 0.00949638 -1.01176e-17)
(0.052369 -0.177247 -2.62253e-17)
(0.126643 0.0708955 0)
(0.151016 -0.105139 -5.17407e-18)
(0.0986874 0.0450913 5.22227e-18)
(0.155028 -0.106502 -5.17796e-18)
(0.151506 -0.126294 -1.55149e-17)
(0.0366421 0.0259933 -2.08957e-17)
(0.0376319 0.0285745 0)
(0.0944979 0.045123 0)
(0.059117 -0.174638 -5.25189e-18)
(0.199281 -0.0249032 -4.66787e-17)
(0.0871333 0.0463874 -2.09044e-17)
(0.163346 -0.108059 5.16971e-18)
(0.170431 0.0388985 -5.1912e-18)
(0.167368 -0.0459836 -2.07735e-17)
(0.164229 -0.117131 5.17188e-18)
(-0.113265 0.0619175 -2.95139e-19)
(0.00673633 0.0194935 0)
(0.17681 -0.109794 1.55028e-17)
(0.174469 0.0436528 2.59404e-17)
(0.162471 -0.020369 0)
(0.139991 -0.101028 2.07451e-17)
(-0.0370424 0.00445114 1.05917e-17)
(0.18803 -0.0268461 2.59451e-17)
(-0.087685 0.0575923 0)
(0.162482 -0.030038 1.55907e-17)
(0.0751502 0.0378905 -2.09581e-17)
(0.172627 -0.0250336 -5.20237e-18)
(0.184519 -0.0511518 2.19335e-22)
(0.066703 0.038227 -1.57201e-17)
(0.118707 0.0843697 1.57259e-17)
(0.159514 -0.0396801 -2.59678e-17)
(0.146798 0.0636353 -5.19944e-18)
(0.158182 -0.100369 -5.17845e-18)
(0.0460544 0.0300818 0)
(0.170492 0.0329702 2.07615e-17)
(0.18746 -0.0390611 0)
(0.191052 -0.0745059 1.55156e-17)
(-0.100461 0.049399 1.87665e-17)
(-0.0981991 0.0395046 0)
(0.150497 -0.00943924 -2.0836e-17)
(0.160338 -0.0416349 0)
(0.127667 -0.115548 4.16776e-17)
(0.193422 -0.0325688 0)
(-0.128717 0.0539478 -2.007e-17)
(0.168797 -0.0807243 2.58919e-17)
(0.138939 -0.0255803 -1.57213e-17)
(0.171384 -0.0355891 -3.09159e-22)
(0.181581 -0.0692671 5.17959e-18)
(0.146848 0.0144662 -2.59923e-17)
(0.139336 -0.0177918 2.0984e-17)
(0.0883963 0.0478182 2.09063e-17)
(-0.0242794 0.0190276 -1.16753e-17)
(-0.0273273 0.000519632 1.9832e-17)
(-0.021683 -0.0159357 1.3143e-18)
(-0.0243319 0.03123 2.49403e-18)
(-0.00641641 0.0043131 -7.54846e-23)
(-0.0230427 0.0106143 -4.26804e-17)
(-0.0334218 -0.00609047 0)
(-0.0211462 0.000817582 -1.85046e-17)
(-0.0310097 -0.013201 -3.08953e-17)
(-0.0465002 0.0310938 -5.47377e-17)
(-0.0272688 -0.015244 -2.09771e-17)
(-0.0256877 0.00355631 0)
(-0.0279627 0.0199048 3.06881e-17)
(-0.0160546 -0.0151827 2.11334e-17)
(-0.0249444 0.0150915 2.28825e-17)
(-0.0268881 0.00312226 0)
(0.159152 -0.0849119 1.5553e-17)
(-0.042497 -0.0126421 -3.25254e-17)
(-0.0302616 0.0129757 0)
(0.1605 -0.0551922 -5.19302e-18)
(-0.252172 0.114871 0)
(0.135128 -0.0334979 -1.56312e-17)
(0.178949 -0.0623711 5.18017e-18)
(-0.0752707 0.0521297 0)
(-0.159853 -0.0629967 0)
(0.141871 -0.0876184 5.18914e-18)
(0.1594 0.0277168 -2.07885e-17)
(0.0939699 0.0454105 -5.22362e-18)
(0.199614 -0.0391955 1.55468e-17)
(0.126082 0.0212221 -3.64906e-17)
(0.162303 -0.0879707 5.21369e-18)
(0.11188 0.0309253 -1.55085e-17)
(0.114626 0.0687371 0)
(-0.0462864 0.0364744 -2.33136e-21)
(0.198443 -0.0538613 2.5887e-17)
(0.101115 -0.175598 -5.19433e-18)
(0.0830334 0.0377507 1.56636e-21)
(0.135838 0.0200359 -1.55111e-17)
(0.117016 -0.0953041 -5.25342e-18)
(0.12908 0.0463571 4.16564e-17)
(-0.136005 -0.0710996 1.8945e-17)
(0.138448 0.0568888 4.68311e-17)
(0.139212 0.0292563 -2.58818e-17)
(0.195854 -0.0612081 -1.5523e-17)
(0.153698 -0.0487192 2.59659e-17)
(0.0494839 0.00934995 -4.20735e-17)
(-0.0397026 0.0361003 2.10094e-17)
(0.154437 -0.137466 -2.58476e-17)
(0.12403 -0.0280751 2.09034e-17)
(0.126842 -0.0211531 -3.5187e-22)
(0.136733 0.0850118 0)
(-0.0227233 0.0306321 3.55791e-17)
(0.144833 0.0270166 1.56074e-17)
(0.126145 -0.0143114 2.12313e-17)
(0.0569508 0.0327138 4.1333e-17)
(0.177527 -0.047455 2.07752e-17)
(0.179253 0.0128118 5.1909e-18)
(0.179763 -0.0653738 -1.55655e-17)
(0.141844 -0.081518 -2.07585e-17)
(0.174492 -0.0306822 5.1989e-18)
(0.171583 -0.0154771 0)
(0.169387 -0.00188135 -5.19889e-18)
(0.180424 -0.0836181 -5.17717e-18)
(-0.0227606 0.0336541 -2.10135e-17)
(0.112735 -0.0990742 4.16268e-17)
(-0.098904 -0.107779 -1.9244e-17)
(0.168313 0.010325 -1.55869e-17)
(0.112309 0.0406227 -2.08515e-17)
(0.168354 0.0214854 -1.55706e-17)
(-0.228535 0.0215199 5.15039e-18)
(0.0418528 0.0283884 1.52237e-17)
(0.0627809 0.0384808 2.09645e-17)
(-0.237285 0.0547416 1.01164e-17)
(-0.239714 0.0837276 0)
(-0.185956 -0.0531517 -1.10202e-17)
(-0.091095 -0.129167 -3.52988e-17)
(-0.100275 0.0817301 4.20876e-17)
(-0.206489 -0.0339778 4.79201e-18)
(0.170312 -0.071832 -2.07243e-17)
(0.144741 -0.0558585 5.19519e-18)
(-0.164134 0.132372 0)
(-0.219978 -0.00903825 -4.25249e-17)
(-0.104626 -0.084541 0)
(0.169127 0.0318491 -2.59472e-17)
(-0.0228707 0.0350679 2.10277e-17)
(0.118485 -0.0349896 2.08407e-17)
(0.16993 -0.100417 -2.06746e-17)
(0.0272294 0.0249169 2.61356e-17)
(-0.0182216 0.0314175 -2.10291e-17)
(0.18531 -0.0585512 0)
(0.00160603 0.0238735 -4.20859e-17)
(0.0684214 0.0324854 -2.51515e-17)
(0.18592 -0.0763592 2.59146e-17)
(0.112066 0.019987 2.08733e-17)
(0.183281 -0.0411678 -1.55796e-17)
(0.180677 -0.0249427 0)
(0.178216 -0.0102256 5.19994e-18)
(0.176289 0.00604123 -1.03804e-17)
(0.180082 -0.109514 -5.16561e-18)
(0.18642 0.0162178 1.55543e-17)
(0.176352 0.00301037 0)
(0.0885368 -0.00931784 2.30368e-17)
(0.128883 -0.0408315 -2.60498e-17)
(0.175214 0.0149667 4.67096e-17)
(0.0949846 -0.0208386 0)
(0.0696078 -0.0248508 1.04268e-17)
(0.15043 -0.062205 0)
(0.195384 -0.0682844 5.17388e-18)
(0.0991374 -0.0426154 -2.60726e-17)
(-0.0457834 0.0135943 -1.81e-17)
(0.165924 -0.129386 1.54983e-17)
(0.0889181 -0.0266085 0)
(0.12062 -0.0457656 -2.74664e-17)
(0.0974819 0.0585827 2.09131e-17)
(0.158362 -0.0785299 -5.18414e-18)
(0.0996529 -0.011915 -2.28656e-17)
(0.180721 0.0359313 -2.0739e-17)
(-0.183222 0.129823 -5.20857e-18)
(0.174678 0.0259121 0)
(0.121763 -0.0852978 0)
(0.19217 -0.0769808 -5.17336e-18)
(0.183473 -0.0861247 0)
(0.172723 -0.0950666 2.58718e-17)
(0.0926292 -0.0552618 0)
(0.192154 -0.0850391 5.1713e-18)
(0.149752 0.0470944 0)
(0.193736 -0.0444429 1.55475e-17)
(0.0399924 0.0146006 0)
(0.172082 -0.0786155 2.07243e-17)
(0.151153 0.0338804 5.19081e-18)
(0.157466 0.0219194 3.63759e-17)
(0.189981 -0.0816873 -2.58612e-17)
(0.178695 -0.10117 0)
(0.119939 0.0383174 0)
(0.0740459 0.00552013 2.05039e-17)
(0.111414 -0.0403322 3.21918e-17)
(0.0776841 -0.0213901 0)
(0.119612 -0.0658552 0)
(0.148189 0.0244392 3.62833e-17)
(0.189252 -0.000777232 2.07437e-17)
(0.0994578 0.0093695 -5.30835e-18)
(0.150628 0.0729995 0)
(0.123995 0.016657 2.0849e-17)
(0.16012 0.00355731 1.04009e-17)
(0.158255 0.0633576 -5.1925e-18)
(0.0783466 0.0270122 0)
(0.101636 0.0332308 5.19646e-18)
(0.0689993 0.0072828 -9.38977e-18)
(0.154777 0.0556137 0)
(0.1549 0.0429338 0)
(0.167988 0.014853 -1.03843e-17)
(0.184353 -0.0937173 5.16946e-18)
(0.179489 0.0255031 -1.03733e-17)
(-0.003558 0.0240178 5.26592e-18)
(0.0820073 -0.0304159 1.04009e-17)
(-0.00613693 -0.0337438 9.82379e-18)
(0.169955 0.0414858 0)
(0.174225 0.0359384 1.03747e-17)
(0.179461 0.031964 -9.41766e-22)
(0.139185 0.0172294 5.20752e-18)
(0.12862 0.0707543 0)
(0.182621 0.0330797 5.18467e-17)
(0.136828 -0.0665195 2.59923e-17)
(0.158377 0.0515711 -5.19431e-18)
(0.081589 0.00856989 -1.55658e-17)
(0.144164 0.0382402 0)
(0.11633 -0.060734 -2.70265e-17)
(0.105667 -0.0477747 3.67677e-17)
(0.188303 -0.0923823 -5.16921e-18)
(0.131922 -0.0601003 5.19877e-18)
(0.0992378 -0.073122 2.21861e-17)
(0.170555 0.0212723 -3.1158e-17)
(0.140256 0.0729175 0)
(0.147843 0.0805508 -2.60042e-17)
(0.103568 0.0125216 0)
(0.193781 -0.0607061 -2.07109e-17)
(0.170002 0.0502192 4.66947e-17)
(0.111903 0.0543302 -1.15293e-21)
(0.0179803 0.00619058 2.10748e-17)
(0.19507 0.00125024 2.59234e-17)
(-0.0567297 0.0460817 0)
(0.195638 -0.0697607 -5.17446e-18)
(0.196997 -0.053803 1.55317e-17)
(0.109899 0.0576656 0)
(0.086614 0.0174513 5.5068e-18)
(0.157969 0.0625647 2.07766e-17)
(0.181659 -0.105932 -1.55015e-17)
(-0.178633 0.142924 0)
(0.185307 0.0228794 0)
(0.178753 0.0419787 0)
(0.0538958 -0.0377263 0)
(0.186017 -0.0987159 2.06709e-17)
(0.110287 0.126002 2.63566e-17)
(0.0477959 -0.0168909 -2.10982e-17)
(0.160658 0.0594214 -5.19194e-18)
(0.130474 0.0428163 -2.08336e-17)
(0.188028 -0.0578972 1.5545e-17)
(0.0954079 0.0164772 0)
(-0.120916 0.08177 5.19516e-18)
(0.102137 0.0527644 4.69924e-17)
(0.15155 0.0699207 0)
(0.185232 0.0265913 -2.59221e-17)
(0.109945 0.0609329 -5.21683e-18)
(0.140441 0.0536179 -1.56101e-17)
(0.139976 0.0704128 0)
(0.145729 0.00542634 -6.75722e-22)
(0.172954 0.0492275 -4.15066e-17)
(0.112341 0.0083869 -5.31264e-18)
(0.0672629 -0.0156122 0)
(0.101036 0.0603358 0)
(0.0949735 -0.0614193 -1.72263e-17)
(0.0456869 -0.0248303 5.93936e-22)
(0.173162 0.0450082 -2.07514e-17)
(0.186223 0.0231236 -1.5556e-17)
(0.160657 0.0659583 -2.07667e-17)
(0.122005 -0.0803681 0)
(0.0752294 0.0100622 2.44738e-17)
(0.150857 0.0112002 1.05059e-17)
(0.159013 0.0697285 -9.20845e-22)
(0.0925577 0.0136581 -5.32081e-18)
(0.0419495 0.017009 0)
(-0.133954 0.105853 -3.61729e-17)
(-0.121087 0.0783983 -4.19483e-17)
(0.0787806 0.0313272 0)
(0.117272 0.0444058 2.08582e-17)
(0.164098 0.0633275 2.07636e-17)
(0.158605 -0.123025 0)
(0.120699 0.0651074 -2.08454e-17)
(-0.0337072 0.0349865 -2.09767e-17)
(-0.0614833 0.0493331 2.15502e-17)
(0.147403 0.0776771 1.55989e-17)
(0.0940671 0.0380056 0)
(-0.0535256 -0.0758716 -2.05961e-17)
(0.152597 0.0567446 -2.0788e-17)
(0.135401 0.0120106 5.30609e-18)
(0.0248151 -0.000871191 0)
(0.153362 0.0755 0)
(0.114401 0.0532964 -1.56413e-17)
(-0.0223486 0.0288048 2.09784e-17)
(0.128963 0.0463184 -5.20879e-18)
(0.105793 0.0385457 0)
(-0.0622961 -0.0575098 0)
(0.196785 -0.0379963 -3.628e-17)
(0.191355 0.00412774 -5.18498e-18)
(0.0978797 -0.0770336 5.58528e-18)
(0.16838 0.0576868 2.59471e-17)
(0.191316 0.0127972 1.55533e-17)
(0.19167 0.00552009 -3.62916e-17)
(0.156183 0.066354 -2.59731e-17)
(0.155833 0.0737202 -2.07784e-17)
(0.152682 0.0784704 2.59841e-17)
(0.157285 0.0703874 4.67467e-17)
(0.187384 0.0115808 1.55554e-17)
(0.188633 0.0159387 -1.55515e-17)
(0.0910636 0.0459753 -5.32093e-18)
(0.181733 -0.0931661 0)
(0.165901 0.0588743 -4.15242e-17)
(0.193645 -0.00882386 -2.07474e-17)
(0.0939823 0.0295797 -2.09045e-17)
(-0.0769507 0.0636469 2.08688e-17)
(0.170686 0.0527999 -2.0753e-17)
(0.110697 0.0578817 0)
(0.145512 0.0840716 0)
(-0.0130298 -0.109636 0)
(0.192654 -0.0288361 2.07518e-17)
(0.0705874 0.0249043 0)
(0.0998151 0.0536939 -1.5663e-17)
(0.116652 0.0358564 0)
(0.0842373 0.0456701 0)
(0.123024 0.074889 0)
(0.133872 0.0776726 -5.20584e-18)
(0.105574 0.034818 0)
(0.161883 -0.131677 2.06703e-17)
(0.191033 -0.0142464 -5.18749e-18)
(0.149213 0.082402 0)
(0.0806382 0.0471256 -2.64813e-17)
(0.0116998 -0.00440066 -2.11268e-17)
(0.10776 0.0617295 0)
(0.195512 -0.0229005 5.18801e-18)
(0.0955514 -0.136644 0)
(0.0392169 -0.0564799 1.58867e-17)
(0.116882 0.0682527 0)
(0.0232346 -0.00420118 0)
(0.0356004 -0.0267315 -2.11211e-17)
(0.141758 0.0806065 0)
(0.150422 0.0783341 -2.07911e-17)
(0.126889 0.0724959 5.20856e-18)
(-0.0750221 0.0584347 0)
(0.185827 0.00293556 1.55707e-17)
(0.137689 0.0738102 5.20343e-18)
(-0.0340964 -0.0336832 0)
(0.0648688 0.0352322 -1.42464e-17)
(0.192903 -0.0200064 -2.59587e-17)
(-0.00356995 0.00848533 -9.2035e-22)
(0.136479 0.0785845 -2.0845e-17)
(0.0244769 -0.00449499 2.10671e-17)
(0.149377 0.0808287 -2.07936e-17)
(0.113041 0.0236189 0)
(0.0634527 0.0183917 -1.57499e-17)
(0.144613 0.0860978 0)
(0.171146 -0.0147736 -2.08237e-17)
(0.148148 0.0747079 0)
(0.144166 0.0456216 5.20295e-18)
(0.145649 0.0888314 5.20651e-18)
(0.144728 0.0666097 0)
(0.140499 0.077162 5.2048e-18)
(0.0725139 0.035495 1.83023e-17)
(0.143211 0.078627 1.56034e-17)
(0.0673518 -0.0151201 0)
(0.14588 0.0320562 -1.56101e-17)
(-0.0421002 0.0383459 0)
(0.0805547 0.0442212 0)
(0.0676913 0.0342594 -1.88555e-17)
(0.149067 0.0849727 0)
(-0.0289805 0.0251992 0)
(0.0898502 0.0203652 -5.45621e-18)
(0.0827925 -0.102724 2.62344e-17)
(0.14775 0.0874478 -2.08155e-17)
(0.164436 0.0543299 -2.07672e-17)
(-0.129795 -0.0466865 2.17548e-17)
(0.0109229 -0.0275791 2.13988e-17)
(0.133458 0.0745712 0)
(0.139565 0.0716506 -5.20363e-18)
(0.0892074 0.0513364 0)
(0.0427773 -0.0514289 -1.08676e-17)
(0.146936 0.0844673 2.54037e-22)
(0.127471 0.0673217 0)
(0.136415 -0.0101008 -2.65164e-17)
(0.0932481 0.0530471 0)
(0.0749228 0.0342064 -5.24249e-18)
(0.0165595 -0.0135728 1.67089e-17)
(0.0399273 -0.0371229 2.11022e-17)
(0.143994 0.0851292 2.08174e-17)
(0.14523 0.0413144 1.5608e-17)
(0.0699405 0.0376963 -8.77082e-18)
(0.165809 0.0493471 4.15325e-17)
(0.142239 0.0803236 2.08255e-17)
(0.0801933 0.037242 -5.24261e-18)
(0.104573 0.0531414 0)
(0.143612 0.0935246 0)
(0.100368 0.118239 2.10871e-17)
(0.154246 0.0525763 1.55904e-17)
(0.159698 -0.0109654 2.64764e-17)
(0.0666847 -0.0826908 -5.20615e-18)
(0.149881 0.07204 0)
(0.050601 -0.069185 0)
(0.19771 -0.0113544 0)
(-0.129824 0.0955214 -2.0805e-17)
(0.0918035 0.0444221 0)
(0.0944911 0.121387 -2.14386e-17)
(-0.126742 0.101242 3.66214e-17)
(0.0624047 0.0354146 4.19006e-17)
(0.11363 0.0571803 -2.08647e-17)
(0.186345 -0.0150146 0)
(0.114956 0.054611 -2.08659e-17)
(0.158684 0.0435171 0)
(0.119176 0.064331 0)
(0.140124 0.0903444 0)
(0.101379 0.0666654 1.58152e-17)
(0.12719 0.114192 0)
(-0.0794642 -0.13588 0)
(0.130819 0.030025 0)
(0.0754735 0.04608 0)
(0.0550399 -0.182201 -5.24715e-18)
(0.1298 0.105784 0)
(0.197895 -0.0192373 2.59289e-17)
(0.146901 0.0913552 -5.20566e-18)
(0.128548 0.130335 0)
(0.116303 0.0477709 -2.08624e-17)
(0.159064 0.038307 -5.19603e-18)
(0.0404346 -0.0618106 5.4271e-18)
(0.132268 0.0791344 0)
(0.06411 0.0368947 -2.04135e-17)
(0.14611 0.0940973 -2.08718e-17)
(0.102143 0.0238036 5.32418e-18)
(0.0909229 0.0573864 -1.57759e-17)
(0.0952268 0.0408551 2.66342e-17)
(0.0731796 -0.0992737 -2.09147e-17)
(0.146969 0.0942508 0)
(-0.00367553 -0.00209024 0)
(-0.0727938 0.0559655 0)
(0.0965224 0.129738 0)
(0.105353 0.0737459 -1.57779e-17)
(0.135771 0.0919473 -5.23989e-18)
(0.146448 0.0977829 2.08876e-17)
(-0.265217 0.200325 1.22231e-17)
(0.105928 0.0459511 -5.26692e-18)
(0.0356364 -0.0446251 2.18995e-17)
(0.0914463 0.0476016 0)
(0.086634 0.0621456 -1.67365e-17)
(0.134224 0.0633074 5.20717e-18)
(0.195461 -0.00635132 0)
(0.146712 0.0881788 -2.08219e-17)
(0.132222 0.0657585 5.20674e-18)
(0.134843 0.12804 -2.63483e-17)
(0.0832628 -0.118244 0)
(0.144417 0.0968382 -4.18394e-17)
(0.0980943 0.109525 0)
(0.142776 0.108652 0)
(0.0206768 -0.089576 5.44368e-18)
(0.140564 0.115259 0)
(0.10754 0.0813631 -1.58071e-17)
(0.0963321 0.0645358 -5.26327e-18)
(0.0545881 -0.0857236 -2.63398e-17)
(0.130569 0.0341782 5.21066e-18)
(0.117301 0.0322601 0)
(0.0784236 -0.179694 -4.18313e-17)
(-0.014966 -0.0361299 5.14063e-18)
(0.12514 0.056908 1.56352e-17)
(0.011504 -0.0165625 -1.58669e-17)
(0.141469 0.0888151 -2.08599e-17)
(0.0405874 0.0170889 0)
(0.190377 -0.00804226 2.0768e-17)
(0.146353 0.0905159 4.6861e-17)
(-0.0782734 -0.0197985 -2.73073e-17)
(0.12238 0.0629973 2.08471e-17)
(0.0334387 -0.134812 -2.11648e-17)
(0.0887855 0.071436 -1.88946e-17)
(0.100084 0.0722718 -5.27301e-18)
(0.126848 0.0540684 -2.08422e-17)
(0.109702 0.0566685 0)
(0.0696496 0.0133309 0)
(0.129908 -0.107929 -5.23832e-18)
(-0.00851231 -0.0811462 0)
(0.0942414 0.048387 2.61635e-17)
(0.167156 -0.0051356 0)
(0.12934 0.0698464 0)
(0.10757 0.0595528 2.62407e-17)
(0.140759 0.112761 0)
(0.182461 -0.00398937 -2.07686e-17)
(0.144923 0.101533 -2.73314e-22)
(0.115462 0.0610729 -2.08751e-17)
(-0.130667 0.0817183 2.08811e-17)
(-0.0308272 -0.148378 5.34708e-18)
(-0.0258546 -0.0944076 1.89554e-17)
(0.154117 -0.00229366 -2.58075e-17)
(-0.0806126 0.0677698 0)
(0.016417 -0.110841 0)
(0.0133029 -0.184766 6.28914e-21)
(0.105254 0.0486459 0)
(0.0193753 -0.162257 -5.29154e-18)
(0.0929132 0.026163 2.0824e-17)
(0.0878509 0.103819 -1.57994e-17)
(0.0812054 0.0628696 1.87087e-17)
(0.0283495 -0.0887131 -2.15974e-17)
(0.107406 0.0990246 0)
(0.1035 0.0271056 0)
(0.0921728 0.0450973 -5.3217e-18)
(0.108557 0.0899607 0)
(0.12631 0.087481 -2.1073e-17)
(-0.00171007 -0.130071 -5.36521e-18)
(-0.0443513 0.0239951 1.58215e-17)
(0.0566687 -0.139623 5.26701e-18)
(0.10238 0.0808533 0)
(-0.0315601 -0.0159348 -2.67862e-17)
(0.142116 0.100039 0)
(-0.00703519 -0.0039317 5.28428e-18)
(0.138151 0.120221 2.10119e-17)
(0.0500628 -0.105645 0)
(0.136528 0.0848428 0)
(0.0711371 0.0589504 9.72988e-18)
(0.0636162 0.0344895 -2.09562e-17)
(0.0726722 -0.113457 2.62911e-17)
(0.142691 0.105943 0)
(-0.0326252 0.00239097 -2.1138e-17)
(0.139655 0.10427 2.09582e-17)
(0.13943 0.0906155 2.09145e-17)
(0.0841329 0.118332 4.79121e-18)
(0.0838165 0.0962155 -4.85283e-18)
(0.102632 0.0901499 -2.23155e-17)
(0.0784825 -0.129834 1.58491e-17)
(0.0813111 0.109894 -4.74149e-18)
(0.140158 0.111556 -2.09834e-17)
(0.101228 0.0994768 -2.17245e-17)
(-0.00253512 -0.00433262 -2.29804e-17)
(0.13524 0.1181 2.63191e-17)
(0.00562173 -0.147902 2.12879e-17)
(0.0269008 -0.104808 -2.16969e-17)
(0.0362774 -0.155525 5.2824e-18)
(0.0896935 0.0913739 2.03452e-17)
(0.10452 0.10779 -2.107e-17)
(0.0193292 -0.0915239 -1.6701e-17)
(0.13238 0.0847459 0)
(0.0900483 0.134341 0)
(0.137259 0.110073 -2.10096e-17)
(0.0579431 -0.128889 -5.27764e-18)
(0.0438388 -0.153081 -5.27598e-18)
(0.0689693 -0.136845 2.1169e-17)
(0.125496 0.136964 -2.11371e-17)
(0.113935 -0.140934 0)
(-0.0401954 -0.099635 1.06983e-17)
(0.116944 0.124342 -2.11014e-17)
(0.0521939 -0.160353 -1.92824e-21)
(0.0150083 -0.133732 0)
(0.1148 0.116264 2.10663e-17)
(0.0155814 -0.0611447 -1.22505e-18)
(0.137479 0.118782 -5.26222e-18)
(0.067399 -0.12358 0)
(0.101734 -0.0603143 5.2479e-18)
(-0.111008 -0.0863413 2.27804e-17)
(-0.086453 0.0457818 -2.11621e-17)
(0.0306978 -0.164008 5.28498e-18)
(0.0209203 -0.10592 0)
(0.0244253 -0.096458 -5.40524e-18)
(-0.00838779 -0.134469 0)
(0.0376736 -0.0195428 0)
(0.0249436 -0.095227 0)
(0.0603326 0.039893 2.88551e-17)
(0.0405508 -0.109589 0)
(0.0915242 -0.0838773 0)
(0.0787321 0.0350358 -1.82926e-17)
(0.0670732 0.178644 -1.04888e-21)
(0.0588906 -0.154968 0)
(0.016538 -0.124181 -2.13378e-17)
(-0.0665357 -0.131103 0)
(0.124861 0.130282 -2.11015e-17)
(0.0841584 0.00958875 -2.13771e-17)
(0.00662128 -0.137518 5.34302e-18)
(0.041987 -0.184016 5.24973e-18)
(0.0119869 -0.119247 0)
(0.0308341 -0.0966762 -5.48201e-18)
(0.0159921 -0.152734 0)
(-0.0960918 0.00850917 0)
(-0.0432571 -0.233677 -9.78732e-18)
(0.0468096 -0.131064 -5.2897e-18)
(0.134223 0.13262 1.58116e-17)
(0.0161038 -0.047699 -2.13554e-17)
(0.100157 0.222399 -2.18313e-17)
(0.120941 0.175316 8.16018e-19)
(-0.00371244 -0.0654911 0)
(0.0765618 0.0362135 4.51345e-18)
(0.021481 -0.136646 0)
(-0.26089 0.212928 1.42597e-17)
(-0.0818264 -0.0307441 4.4311e-17)
(0.036778 -0.129393 2.11919e-17)
(0.0781329 0.147195 -2.24409e-17)
(0.124842 0.0918394 2.62465e-17)
(0.130531 0.138665 5.27798e-18)
(0.113735 0.157803 0)
(0.0442875 -0.139396 2.65359e-17)
(0.0325017 -0.109149 -1.6395e-17)
(0.125127 0.0990538 -2.65206e-17)
(0.130008 0.143477 -5.2855e-18)
(0.0285163 -0.0607302 0)
(0.137701 0.123188 4.20971e-17)
(-0.169161 0.0537165 2.09999e-17)
(0.0934379 -0.150352 2.09099e-17)
(0.128903 0.0853368 5.24391e-18)
(-0.0274041 -0.174718 0)
(-0.0163822 -0.172376 2.10671e-17)
(0.118089 0.107408 0)
(0.125542 0.149457 -5.29108e-18)
(0.105965 0.192098 0)
(-0.167848 0.0200621 0)
(0.12493 0.155281 -1.59357e-17)
(0.0275398 -0.0656912 -2.67468e-17)
(0.0534044 -0.0606032 7.42318e-19)
(-0.000153012 -0.0618068 2.12673e-17)
(0.0806955 0.0325676 -2.1165e-17)
(-0.174117 0.0239114 -2.1711e-17)
(0.13012 0.127374 5.26142e-22)
(0.134722 0.128834 5.2739e-18)
(0.111133 0.0691049 2.11308e-17)
(0.133704 0.118632 4.66368e-22)
(0.0991141 0.196968 -2.17772e-17)
(0.119521 0.0791592 -2.09895e-17)
(0.0286297 -0.132026 0)
(0.020595 -0.0559476 0)
(0.0422253 -0.0337502 5.34104e-18)
(0.0760305 0.0436563 5.3844e-18)
(0.119077 0.167455 -5.35188e-18)
(0.0841502 0.028962 0)
(-0.0206048 -0.196502 0)
(0.11973 0.160796 5.32793e-18)
(0.104807 0.0652672 -2.09441e-17)
(-0.191535 0.0475508 0)
(0.112718 0.179733 0)
(0.0383595 -0.0938525 0)
(0.119764 0.139986 2.64523e-17)
(0.120847 -0.118685 -2.06345e-17)
(0.123747 0.106875 1.58992e-17)
(0.0490239 -0.16998 -1.58004e-17)
(0.0885866 0.052814 1.53907e-17)
(0.0190506 -0.0685833 -2.26343e-17)
(0.0381132 -0.171298 -5.26705e-18)
(0.133779 0.105425 4.68012e-22)
(-0.0352051 -0.114934 -1.88242e-17)
(0.113158 0.172444 0)
(0.0993609 -0.12296 -1.57779e-17)
(0.0313147 -0.179184 5.25683e-18)
(0.124657 -0.147463 5.19151e-18)
(0.0972202 0.242788 -2.18229e-17)
(0.0993347 0.180078 5.33553e-18)
(-0.0940898 -0.177121 5.80345e-18)
(0.142485 0.106322 -3.90711e-22)
(0.136755 -0.000871751 0)
(0.134961 0.0102553 1.55354e-17)
(0.121011 0.115226 0)
(0.129015 0.121244 -2.10743e-17)
(-0.0144893 -0.0503652 0)
(0.0672381 -0.18346 0)
(0.0252522 -0.0762608 2.28116e-17)
(0.106151 0.184417 0)
(0.0366698 -0.0106353 -2.12871e-17)
(0.0692577 -0.160562 -2.10617e-17)
(0.113755 0.150223 0)
(0.0474763 0.0220316 -2.61796e-17)
(0.109041 0.0609351 -5.30387e-18)
(0.142267 0.0954398 1.56965e-17)
(0.0523837 0.01567 -1.57157e-17)
(-0.152514 -0.0240141 2.14942e-17)
(0.104301 0.0560114 2.11677e-17)
(0.120025 0.147143 -5.30791e-18)
(0.115608 0.0777999 -3.86049e-22)
(0.130461 0.0987075 0)
(0.126115 0.0810133 5.23985e-18)
(-0.0146173 -0.338395 -9.91358e-22)
(0.146577 -0.0297103 -5.21127e-18)
(0.140918 -0.0140976 2.07756e-17)
(0.119902 0.0991795 5.30194e-18)
(0.0748468 0.0076719 0)
(0.079859 -0.173016 -2.94589e-21)
(0.103446 0.0572277 1.58149e-17)
(0.132016 0.11294 -2.10275e-17)
(0.144184 0.103071 -5.24675e-18)
(0.0085347 -0.0352612 2.5901e-17)
(0.0914784 0.0320097 0)
(-0.0143215 -0.0324892 0)
(0.00412713 -0.0474379 0)
(0.0621027 0.00451955 5.24605e-18)
(0.0767332 -0.0108722 0)
(-0.00506769 -0.110201 2.20277e-17)
(0.132804 0.0944982 -2.10422e-17)
(0.0269474 0.0264031 2.19148e-17)
(0.158471 -0.067353 5.19795e-18)
(0.15278 -0.0475918 0)
(-0.0289259 0.0160413 3.86238e-17)
(0.120137 0.0914601 5.27522e-18)
(0.134123 0.0986466 2.09818e-17)
(0.143045 0.100653 -1.57304e-17)
(0.113371 0.0719632 -1.59083e-17)
(0.0917908 -0.0301716 0)
(0.107032 0.16095 0)
(0.0685728 -0.17069 4.72665e-17)
(0.009607 -0.0120481 0)
(0.13567 0.0918753 -2.09729e-17)
(0.072845 -0.0424986 -5.26974e-18)
(0.13616 0.110774 0)
(0.137411 0.103813 4.20611e-17)
(0.0203547 -0.106155 0)
(0.114663 0.0691264 2.63024e-17)
(0.0365724 -0.0859666 0)
(0.125905 0.0921399 0)
(-0.0858419 -0.112605 0)
(0.117238 -0.164445 0)
(-0.182627 0.131889 1.20303e-17)
(0.0194687 -0.0311336 0)
(0.137281 0.0975832 -2.62683e-17)
(0.0669761 -0.0661148 0)
(0.0975661 -0.14915 2.1068e-17)
(0.11097 -0.170829 2.09049e-17)
(0.106635 0.16866 2.11727e-17)
(-0.136914 -0.041129 5.29619e-18)
(-0.0435544 -0.141931 0)
(-0.0408788 -0.238871 3.5919e-17)
(0.099753 0.172243 -2.66283e-17)
(0.0202866 -0.0835968 0)
(0.114578 0.0732316 0)
(0.130211 0.0866947 -2.09893e-17)
(0.129646 -0.133137 0)
(0.0905864 -0.0458749 2.62145e-17)
(-0.217655 0.120498 -3.9674e-17)
(0.0738706 -0.152871 -2.10821e-17)
(0.0840926 -0.163718 -1.57127e-17)
(0.0460296 0.142728 1.14714e-17)
(0.0406942 -0.0727989 -1.59324e-17)
(-0.117319 -0.067691 0)
(0.016183 -0.0229764 0)
(0.105928 -0.138019 -5.23953e-18)
(0.12068 -0.0807647 5.22612e-18)
(0.00680513 -0.146283 -5.27763e-18)
(0.102926 -0.159603 0)
(0.108448 -0.109616 0)
(-0.0341313 -0.125089 2.64225e-17)
(-0.0760254 -0.0861232 -2.65635e-17)
(0.127825 -0.161046 -5.19661e-18)
(0.147563 0.00336049 5.19117e-18)
(0.144515 0.0981573 2.61929e-17)
(0.122975 0.085286 0)
(0.13264 0.0864012 1.57298e-17)
(0.0227914 -0.0968068 5.39802e-18)
(0.0310268 0.0221409 2.09678e-17)
(-0.0273801 -0.0449104 0)
(0.0387992 0.0197355 1.06187e-17)
(0.0541307 -0.0620221 0)
(0.154936 -0.0244668 -5.1938e-18)
(0.131538 -0.0662098 5.21241e-18)
(-0.00578305 -0.0621541 4.90856e-17)
(0.132935 0.0924756 5.25235e-18)
(0.0871308 -0.166921 0)
(0.0957347 0.0599268 1.57957e-17)
(0.0673244 0.0386926 -5.11092e-18)
(0.0527189 0.0012709 -5.23785e-18)
(0.0836653 0.0498545 5.27564e-18)
(0.119751 0.184403 0)
(-0.204954 0.108388 -4.02423e-17)
(-0.0554427 -0.0507142 0)
(0.084847 -0.156747 0)
(0.115666 -0.0885372 2.61676e-17)
(0.00947034 0.0202497 0)
(0.165193 -0.0606782 -5.17947e-18)
(0.110962 0.0715803 0)
(0.0719615 0.0451805 0)
(0.082963 -0.125176 -2.1012e-17)
(0.078287 0.054078 -2.94766e-17)
(-0.0208024 -0.0283965 0)
(-0.0134943 -0.0710886 1.63353e-18)
(-0.00550059 -0.0744798 0)
(0.0590403 -0.00923582 2.07134e-17)
(0.104429 -0.120307 0)
(0.0844057 -0.0353389 0)
(0.0177192 -0.0832049 -5.49696e-18)
(0.103042 -0.10446 2.09536e-17)
(-0.0305769 -0.305915 -4.05584e-17)
(0.139952 -0.0894995 -2.6032e-17)
(0.0697139 -0.0495309 4.19603e-17)
(0.0771086 0.189994 -2.17717e-17)
(-0.0382876 0.00366524 2.16746e-17)
(0.0233901 -0.123776 -5.27219e-18)
(0.124454 -0.116866 -2.08509e-17)
(0.0674903 -0.0772453 5.26883e-18)
(0.106606 -0.151874 0)
(0.0616513 -0.116031 2.10673e-17)
(0.113807 -0.158961 5.23353e-18)
(0.0865767 -0.146655 -4.21568e-17)
(0.0994945 -0.173372 0)
(0.00870932 -0.052116 0)
(0.0984773 -0.167541 0)
(0.0824924 -0.0415987 -2.09161e-17)
(0.00152872 -0.050284 -5.31506e-18)
(0.0847039 -0.0178567 0)
(0.0887238 -0.0138332 0)
(0.0672148 -0.162504 -5.24203e-18)
(0.040568 -0.0438864 3.73835e-17)
(0.114716 -0.149132 -5.213e-18)
(-0.00887933 -0.0633877 -2.51557e-17)
(0.0664738 -0.00652345 -2.24719e-17)
(0.0184652 -0.0330395 2.03528e-17)
(0.0185694 -0.00819341 1.11544e-17)
(-0.198863 0.128034 2.07562e-17)
(0.0535607 -0.134824 5.24448e-18)
(0.0885346 -0.00508314 0)
(0.0824642 0.0544039 0)
(0.0424952 0.0380181 6.20549e-18)
(0.0906678 -0.083027 -2.17552e-17)
(0.106562 -0.0543186 -5.23314e-18)
(0.0869254 -0.111129 2.09653e-17)
(0.0933524 -0.0752803 -2.62216e-17)
(0.0432777 -0.0776961 5.39606e-18)
(0.0318123 0.20576 0)
(0.102358 0.228786 2.11748e-17)
(0.0436081 -0.0889206 0)
(0.0713352 0.255085 1.68854e-17)
(0.0305959 0.000379659 -2.2362e-17)
(0.0542449 -0.0237085 -1.5435e-17)
(-0.0754302 -0.0134992 0)
(0.00608506 -0.148592 2.30793e-17)
(0.00541563 -0.267621 4.40598e-17)
(-0.249038 0.189761 -2.32144e-17)
(0.0608776 0.0208745 -1.92488e-17)
(0.0732684 -0.084299 0)
(0.0632624 0.0321679 0)
(0.0769566 0.0728527 0)
(0.0783252 0.080924 2.44872e-17)
(0.0703377 -0.0572391 -2.02247e-17)
(0.054554 0.0595634 0)
(0.10701 0.214701 5.74208e-18)
(0.0685425 0.132458 6.12911e-18)
(-0.156217 -0.138796 -1.58634e-17)
(-0.067696 -0.0375682 0)
(0.038722 0.0454686 0)
(0.0998596 -0.0165651 0)
(-0.266814 0.178506 0)
(0.0406094 0.180788 0)
(0.0822675 -0.000943352 -3.54527e-17)
(0.0652642 0.251088 0)
(0.0985707 -0.00698529 0)
(0.0754531 -0.0556944 1.13084e-17)
(0.0325871 0.224261 0)
(0.131601 -0.00324053 -1.64724e-17)
(0.111295 0.231788 2.27829e-17)
(0.0960034 -0.105909 -1.57028e-17)
(-0.264331 0.0726777 -1.61142e-17)
(0.0862598 0.00189687 1.05383e-17)
(0.122719 0.00271644 0)
(0.0232521 0.119461 0)
(-0.0107712 -0.252648 2.34784e-17)
(0.119663 0.152027 7.07593e-22)
(0.000607099 -0.0610109 -3.7479e-17)
(0.0810166 0.0222852 0)
(0.120254 0.193905 -2.44359e-17)
(0.00442791 -0.0518924 1.28324e-17)
(-0.249188 0.111971 0)
(0.00351864 -0.196515 -4.43774e-17)
(-0.0377392 -0.0136926 1.07821e-17)
(-0.0402262 -0.0140309 2.24517e-17)
(-0.0227671 0.0094979 2.2069e-17)
(-0.0257047 -0.0180617 2.07388e-17)
(-0.0195829 -0.015971 0)
(-0.0380645 -0.00297468 1.85237e-17)
(-0.0182459 0.0136929 1.80099e-17)
(-0.0356393 -0.017492 -5.53282e-18)
(-0.030037 -0.0193412 0)
(-0.0147989 -0.0142237 0)
(-0.0339563 -0.0173182 4.45387e-17)
(-0.0266697 0.0165416 -2.22982e-17)
(-0.0436497 -0.00839277 -2.95442e-17)
(-0.0269045 0.0105014 0)
(-0.0349372 -0.0115379 -2.14088e-17)
(-0.036349 -0.0113011 0)
(-0.0242072 0.0118395 4.21597e-17)
(-0.0267066 -0.0165179 -2.21168e-17)
(-0.018315 -0.0146349 0)
(-0.0342513 -0.00354756 3.56978e-17)
(-0.0230882 0.0129076 2.0739e-17)
(-0.0165915 0.0116334 0)
(-0.0325057 -0.0150728 -1.65807e-17)
(-0.112366 -0.0746452 -1.61153e-19)
(-0.0345933 0.00675562 2.28121e-18)
(-0.239405 0.0522079 -3.3109e-17)
(-0.114214 -0.0038778 2.17929e-17)
(0.0413233 0.0826099 3.5723e-17)
(0.0384053 0.0707778 -2.37782e-17)
(-0.0322787 0.00219183 2.1922e-17)
(0.0548705 -0.0990752 -5.48957e-18)
(-0.10313 -0.0584086 -2.16036e-17)
(-0.164266 0.0437792 4.49256e-17)
(0.0427829 -0.0602434 -2.46596e-17)
(-0.011529 -0.0576863 -2.5399e-17)
(-0.148361 0.0804542 1.13245e-17)
(-0.10569 -0.124952 -6.81908e-18)
(-0.0302797 0.0226455 2.4196e-17)
(-0.0290764 0.0208445 2.98237e-18)
(0.0738823 0.21887 0)
(0.0255133 -0.0701086 -2.31464e-17)
(0.00689189 -0.0394469 -9.15583e-18)
(0.0175046 -0.0019546 2.01511e-17)
(0.00355822 0.00543066 -2.91325e-17)
(0.0217885 0.0392085 2.62809e-17)
(0.00140448 -0.0113166 2.09831e-17)
(0.00546239 -0.0342189 2.19707e-17)
(0.0846562 0.208527 0)
(-0.0185498 -0.0542836 2.98404e-18)
(-0.0504653 -0.0832827 2.34642e-17)
(0.069959 -0.0436085 4.64849e-17)
(0.0546223 0.0271226 9.35476e-18)
(0.0188494 -0.0383464 0)
(0.114287 0.217718 -2.40197e-17)
(-0.0258458 0.0187615 -2.92264e-18)
(0.0691505 -0.0610489 0)
(-0.0329947 -0.0652828 -7.07124e-17)
(-0.000431069 -0.0647121 0)
(-0.280502 0.111359 0)
(-0.00145988 0.0712104 2.42269e-17)
(0.061513 0.0273319 -1.14043e-17)
(-0.0402239 -0.200673 -2.5762e-17)
(0.0602943 0.122098 1.84592e-17)
(0.00485066 0.0204233 -2.07595e-17)
(0.0836971 0.199906 0)
(0.0119589 -0.0452795 0)
(0.112595 0.213339 0)
(0.0103798 -0.0480487 1.44014e-18)
(0.0089406 -0.00540216 -4.4914e-17)
(-0.0375901 -0.0146107 1.1181e-17)
(-0.0254452 0.0134872 -2.16951e-17)
(-0.0314677 -0.223234 2.62393e-17)
(0.0809511 0.1228 -7.16374e-19)
(-0.00517392 -0.0700823 -4.19502e-17)
(0.00840032 -0.00731332 2.32893e-17)
(0.076318 0.198867 0)
(-0.179679 0.138159 0)
(-0.119246 0.0344195 -1.63118e-17)
(-0.0320138 -0.0703711 4.6905e-17)
(0.0518595 0.0229047 0)
(0.0760448 0.13713 1.38469e-17)
(0.00349496 -0.0294885 -1.19919e-17)
(0.052414 0.0246375 2.66389e-17)
(-0.228545 0.124112 0)
(-0.0277735 0.00785793 -2.77969e-17)
(-0.00887579 0.0127385 1.18131e-17)
(-0.0136488 0.0669681 1.15481e-17)
(-0.0232805 -0.0772 2.48166e-17)
(0.0610563 0.153682 -2.23733e-17)
(0.0639639 0.0508078 0)
(-0.0349647 0.0610098 0)
(-0.0327361 0.068884 0)
(0.0601017 0.0708005 1.49195e-17)
(0.00116725 -0.0560946 2.82739e-17)
(0.0678157 -0.0466708 -1.96189e-22)
(-0.0302958 0.0253953 1.81257e-17)
(-0.0325648 0.025949 -2.10567e-17)
(-0.0284294 0.0783887 -2.15627e-17)
(-0.0308127 0.0744316 0)
(-0.134947 -0.0138309 0)
(0.123255 -0.0078659 0)
(0.0578532 -0.00730476 -1.30216e-17)
(-0.0286724 0.0302262 2.24189e-17)
(0.116722 0.151086 5.00207e-17)
(0.11911 0.210876 0)
(0.0622648 -0.0271967 -2.15155e-17)
(-0.015057 0.0362982 -1.11669e-17)
(0.00629682 -0.0183055 -2.47985e-17)
(-0.00664744 0.0215445 -1.14026e-17)
(0.107875 0.00387459 0)
(0.0757974 0.0192706 -1.33695e-17)
(0.0593261 0.220232 1.70451e-17)
(-0.0832723 -0.0631314 -2.25861e-17)
(-0.100375 -0.119444 3.40062e-17)
(0.0635879 0.0131097 -2.41663e-17)
(-0.0778603 -0.0930366 -3.16858e-17)
(0.0770154 0.0189681 0)
(-0.00693421 -0.0123683 1.28112e-17)
(0.0070775 -0.0468604 -1.33991e-17)
(-0.0210241 -0.108796 -1.21103e-17)
(0.0855171 0.0731098 2.3988e-17)
(-0.0390689 -0.0102264 -2.97821e-17)
(0.0552791 0.0253903 0)
(0.0861602 0.0847658 -1.26914e-17)
(-0.0701801 -0.188189 0)
(0.0571207 0.135313 -2.42348e-17)
(0.0197677 0.00556319 -1.39398e-17)
(0.0177121 -0.0339913 -1.43951e-17)
(-0.00835677 -0.0119209 0)
(-0.0479383 -0.17226 3.16092e-18)
(0.0194387 -0.00569954 0)
(-0.0224212 -0.154483 0)
(0.00928975 -0.00666986 -1.46187e-17)
(-0.197286 -0.0514005 0)
(0.0123401 0.00281158 -1.33183e-17)
(0.0360987 0.0480484 0)
(0.0424867 0.122203 2.34176e-17)
(-0.0175831 -0.067096 -2.53248e-17)
(0.0136351 -0.00575045 -2.54499e-17)
(-0.0021073 0.00641804 -2.61553e-17)
(0.00311782 -0.00416337 0)
(-0.0309806 0.0445175 0)
(-0.0210626 0.00427907 -3.35235e-17)
(-0.049637 -0.210607 -2.7747e-17)
(-0.0260719 0.0416679 -1.38768e-17)
(0.0362055 0.0275376 1.29931e-17)
(-0.0840178 -0.0893149 1.47297e-18)
(0.114852 0.129693 2.42998e-17)
(0.0337734 0.0214238 1.22904e-17)
(-0.0337032 -0.251282 3.19732e-17)
(-0.0183691 0.0642061 1.17795e-17)
(0.0516836 0.266086 -5.04322e-17)
(-0.143308 0.0253091 -2.872e-17)
(-0.118306 -0.0554229 0)
(-0.0878755 -0.179672 1.53523e-17)
(0.00245143 0.042183 -1.35827e-17)
(0.0592812 0.0265512 5.51938e-18)
(0.0429635 0.104545 0)
(0.0142374 0.0205669 1.26454e-17)
(0.0376316 0.0897142 -2.57485e-17)
(0.0484572 0.0490012 0)
(0.0250694 0.0107894 -1.66055e-22)
(0.0186377 0.0133418 0)
(0.0318554 0.0301701 -1.62205e-18)
(0.00218693 0.00214083 -2.56619e-17)
(0.0138376 0.017456 6.58723e-18)
(-0.0333892 -0.00323953 4.19114e-17)
(-0.028662 -0.00183803 -1.31404e-17)
(-0.0376228 -0.27072 -3.29896e-17)
(-0.0356697 0.0353408 -5.50589e-17)
(0.0694379 0.0947397 4.05165e-17)
(0.0204322 -0.0155046 2.72434e-17)
(-0.0336657 0.00530012 -1.37416e-17)
(-0.02863 -0.000158641 2.97292e-17)
(0.00876786 0.138419 0)
(0.119447 0.191603 6.30865e-22)
(-0.023423 0.0050108 2.31853e-17)
(0.00195748 -0.00606418 -2.23753e-17)
(-0.15899 0.0950082 2.06748e-17)
(-0.0028054 -0.0669965 -3.19736e-17)
(-0.00930795 0.0822025 -1.06128e-17)
(-0.0457737 -0.00522362 -3.59029e-17)
(0.0435596 -0.0390272 -1.30988e-17)
(0.00523796 0.00660414 6.18245e-18)
(0.0130035 -0.0586302 -1.10242e-17)
(0.0491024 0.0355186 0)
(-0.00747382 -0.0575623 0)
(-0.0107388 0.0140608 3.44476e-17)
(-0.026086 0.0245735 6.1501e-18)
(-0.025026 0.0515977 0)
(-0.00187558 -0.0661068 0)
(0.116062 0.196569 0)
(0.049882 -0.0401084 1.44129e-17)
(-0.146468 -0.148317 1.43309e-17)
(-0.107921 -0.0118774 -7.76034e-18)
(-0.0210345 0.0295829 1.22034e-17)
(0.118223 0.152998 0)
(-0.0221451 0.0569642 -2.1689e-17)
(-0.101569 -0.133183 -8.08622e-18)
(0.0755717 0.0180389 0)
(-0.0396037 -0.19857 2.49562e-17)
(0.0256618 -0.00385387 -4.47195e-17)
(0.0412388 -0.0727979 2.73929e-17)
(0.0466633 0.249987 0)
(0.0332442 0.014415 2.77064e-17)
(0.00511672 0.00121768 -2.57904e-17)
(-0.00821853 0.0237325 8.99304e-18)
(-0.0854957 -0.106416 -6.29293e-18)
(0.0607888 0.0418731 -2.97224e-17)
(0.0509724 0.0236703 -3.48695e-17)
(0.0321201 -0.0182007 -2.73555e-17)
(-0.0012083 -0.0632786 1.41429e-17)
(-0.00348917 0.026375 -2.8007e-17)
(-0.108575 -0.108366 3.9863e-17)
(-0.0432874 -0.00640157 2.84691e-17)
(0.064235 0.0263825 5.6194e-18)
(0.0711821 0.0854525 0)
(0.0191531 -0.066953 0)
(-0.0132284 0.0407854 2.46436e-17)
(-0.200724 0.0627668 0)
(0.071029 0.20511 -7.09025e-18)
(-0.0116627 -0.0149079 1.10554e-17)
(0.0105797 0.00991537 3.06386e-17)
(0.0234488 0.0715962 1.29869e-17)
(-0.045408 -0.0849197 -2.3155e-17)
(0.00154344 -0.00211409 -2.60624e-17)
(0.0677292 -0.0382822 -5.32425e-17)
(0.116923 0.202027 -2.24801e-17)
(0.0579944 0.169012 2.34468e-17)
(0.00917754 -0.0451382 1.20337e-17)
(0.068532 0.278184 4.51229e-17)
(0.0535194 -0.00782701 -2.61336e-17)
(0.00675068 -0.00928916 -1.34969e-17)
(0.0832775 0.130909 -1.2776e-17)
(0.00636853 0.0428295 3.35229e-17)
(-0.17422 0.12638 2.62559e-17)
(0.0805296 0.0979887 -1.23071e-17)
(0.0233519 -0.0185431 3.71258e-18)
(0.0486422 0.0213546 0)
(0.0660725 0.21596 3.2916e-18)
(0.037472 0.061849 1.47854e-17)
(0.00779601 0.159083 0)
(-0.0193588 0.0357693 -1.40061e-17)
(-0.129334 -0.0382112 1.31597e-17)
(0.107298 0.1096 -2.66227e-17)
(0.018843 -0.0336004 -3.01406e-17)
(-0.173644 0.0755068 4.0274e-19)
(0.0330257 0.00157239 2.03436e-17)
(-0.02578 0.0835025 -1.22786e-17)
(0.00351699 -0.038418 1.54575e-17)
(0.0932446 0.0637947 3.30919e-17)
(0.0654687 0.0175636 -7.15035e-18)
(0.0195652 0.0250671 0)
(-0.0291468 0.0342001 -4.62166e-17)
(-0.206089 -0.0415756 -5.45269e-17)
(-0.0639287 0.00486409 -1.90269e-17)
(-0.012209 -0.0721074 -1.25515e-17)
(0.0731727 -0.00517459 4.38241e-17)
(0.0222747 0.240517 -1.48522e-17)
(0.0714883 -0.0309315 -1.65428e-17)
(0.0572698 -0.00376795 -4.05685e-17)
(-0.00206266 -0.0183965 0)
(0.0623073 0.204565 7.09614e-18)
(-0.0233811 -0.207104 -2.44155e-17)
(0.0527591 0.20524 -1.48423e-17)
(0.0249314 0.00919216 2.87391e-17)
(0.0599941 -0.0145873 1.04014e-17)
(0.0282571 0.0391479 1.39267e-17)
(-0.00595315 -0.0664914 0)
(0.00132429 -0.0657381 1.17252e-17)
(-0.071974 -0.201904 0)
(0.0119977 -0.0020401 0)
(0.00407301 -0.00307244 -1.22037e-17)
(-0.00162813 -0.0704845 1.49062e-22)
(-0.0579305 -0.220208 -1.70446e-17)
(0.0303938 -0.0580347 7.48224e-18)
(0.0514577 -0.044107 0)
(0.113365 0.126269 2.52806e-17)
(-0.0578547 -0.146955 2.39764e-17)
(0.0126163 0.02237 1.42585e-17)
(-0.0770271 -0.190107 3.74475e-17)
(0.013564 -0.026616 1.54799e-17)
(0.00693987 -0.00204007 -5.86796e-18)
(-0.251765 0.202624 -1.49592e-17)
(0.0757421 0.0147674 -3.64548e-17)
(-0.0236512 0.0281252 3.25138e-17)
(-0.135279 -0.0898769 -1.55451e-17)
(0.0496155 -0.0357284 2.18751e-18)
(-0.0689777 -0.100056 8.14075e-18)
(0.0202886 0.0469243 0)
(0.0698025 0.049153 3.0635e-17)
(0.023085 -0.0258632 0)
(0.091603 0.0819217 1.38412e-17)
(-0.0306978 0.00727681 -4.54364e-17)
(0.0700684 -0.00958587 1.59867e-17)
(-0.0323499 0.00131351 2.07497e-18)
(-0.00242233 -0.0134215 0)
(-0.0480675 0.013414 2.79755e-17)
(0.0167344 -0.0178924 0)
(0.0357479 0.005343 0)
(-0.00680125 0.00247085 0)
(0.0299373 -0.0059373 2.68012e-17)
(-0.00430656 -0.00194482 -3.48215e-17)
(0.034296 0.193161 8.14494e-18)
(0.0388736 -0.0140797 -3.67737e-17)
(0.0433524 -0.0448742 1.58149e-17)
(-0.050319 -0.260536 -3.00729e-17)
(-0.00110509 0.0360006 -3.03157e-17)
(0.0508214 0.0800414 -1.7571e-17)
(0.00652857 -0.0164078 -3.0608e-17)
(-0.119124 -0.125986 0)
(-0.00177033 -0.062997 -3.48466e-17)
(-0.171614 -0.113568 3.73469e-21)
(0.0887944 0.0478506 -3.013e-22)
(-0.0101579 -0.0672744 0)
(-0.124688 -0.109591 -9.29643e-18)
(-0.00873927 -0.0683822 -4.55956e-17)
(0.0546439 0.0742211 0)
(0.0688967 0.00345796 2.14006e-17)
)
;

boundaryField
{
    back
    {
        type            empty;
    }
    front
    {
        type            empty;
    }
    top
    {
        type            codedFixedValue;
        value           nonuniform List<vector> 
15
(
(0 -0.0642452 0)
(0 -0.0607568 0)
(0 -0.0468031 0)
(0 -0.0363378 0)
(0 -0.0468031 0)
(0 -0.0235469 0)
(0 -0.0235469 0)
(0 -0.0607568 0)
(0 -0.0642452 0)
(0 -0.0549427 0)
(0 -0.00843036 0)
(0 -0.00843036 0)
(0 -0.0549427 0)
(0 -0.065408 0)
(0 -0.0363378 0)
)
;
        name            ParabolicTimeDependentU_max;
        code            #{
		const vectorField& Cf = patch().Cf();
		vectorField& field = *this;

		const scalar r = 18.0*1e-3;
		const scalar Umax = 0.4;
		const scalar Umin = 0.02;

		scalar 	Uvar = 0.08;
		scalar 	t = this->db().time().value();
		scalar	tau = fmod(t,1);
		
		if (tau > 0 && tau <= 0.35)
		{
			Uvar = 0.08+Umax*(1-(pow(tau-0.175,2)/(0.175*0.175)));
		}
		if (tau > 0.35 && tau <= 0.6)
		{
			Uvar = 0.08+Umin*(-1+(pow(tau-0.475,2)/(0.125*0.125)));
		}
		if (tau > 0.6 && tau <= 1)
		{
			Uvar = 0.08;
		}
		
		forAll(Cf, faceI)
		{
			const scalar x = Cf[faceI][0];
			const scalar y = Cf[faceI][1];
			field[faceI] = vector(0, Uvar*(-1+(pow(x+(0.02+r),2))/(r*r)), 0);
		}
	#};
    }
    outer_arc
    {
        type            noSlip;
    }
    bottom
    {
        type            zeroGradient;
    }
    inner_arc
    {
        type            noSlip;
    }
}


// ************************************************************************* //
