/*--------------------------------*- C++ -*----------------------------------*\
  =========                 |
  \\      /  F ield         | OpenFOAM: The Open Source CFD Toolbox
   \\    /   O peration     | Website:  https://openfoam.org
    \\  /    A nd           | Version:  9
     \\/     M anipulation  |
\*---------------------------------------------------------------------------*/
FoamFile
{
    format      ascii;
    class       volScalarField;
    location    "1.28";
    object      p;
}
// * * * * * * * * * * * * * * * * * * * * * * * * * * * * * * * * * * * * * //

dimensions      [0 2 -2 0 0 0 0];

internalField   nonuniform List<scalar> 
1655
(
14.445
14.4153
14.4259
14.4694
14.5327
14.5155
14.4218
14.5395
14.5227
14.5311
14.4541
14.452
14.542
14.3815
14.5131
14.3533
14.3727
14.5181
14.4998
14.3814
14.3462
14.5228
14.5369
14.538
14.4459
14.3722
14.3526
14.528
14.5317
14.3413
14.4109
14.4318
14.367
14.4469
14.5171
14.4521
14.5164
14.4131
14.3668
14.4163
14.3465
14.5377
14.3716
14.4939
14.4022
14.4674
14.4695
14.4018
14.5237
14.3745
14.5137
14.4268
14.5115
14.526
14.5221
14.4976
14.3486
14.4553
14.4638
14.4977
14.4152
14.5063
14.4432
14.5376
14.488
14.4116
14.4806
14.4577
14.5168
14.539
14.457
14.4167
14.3437
14.5134
14.4383
14.3947
14.5331
14.5157
14.3481
14.3429
14.4864
14.3965
14.5214
14.4924
14.3422
14.5052
14.4365
14.3438
14.4253
14.4983
14.4995
14.4309
14.4979
14.5238
14.3866
14.5007
14.4816
14.4633
14.4355
14.3515
14.4324
14.484
14.526
14.484
14.5196
14.5074
14.5338
14.3414
14.3489
14.4951
14.3524
14.4515
14.4907
14.343
14.5338
14.5039
14.5345
14.4662
14.4275
14.5198
14.4872
14.4479
14.4274
14.4733
14.4823
14.5395
14.3745
14.3865
14.3564
14.341
14.5179
14.3503
14.5371
14.5386
14.3431
14.4183
14.5345
14.5111
14.3477
14.4786
14.5019
14.3533
14.3575
14.4575
14.3822
14.4473
14.4669
14.4875
14.4775
14.4031
14.4147
14.3931
14.4375
14.4271
14.5076
14.3746
14.4889
14.4649
14.5332
14.4864
14.4674
14.429
14.5259
14.46
14.4566
14.4611
14.5277
14.536
14.4836
14.5161
14.3747
14.5239
14.4767
14.5306
14.3424
14.5317
14.5202
14.5154
14.3469
14.381
14.5005
14.5232
14.5127
14.4746
14.4093
14.352
14.3983
14.3494
14.5185
14.5236
14.4055
14.5043
14.5192
14.4228
14.3587
14.3422
14.5194
14.3555
14.4248
14.5226
14.4739
14.4745
14.4308
14.4216
14.4973
14.3485
14.3736
14.5181
14.3427
14.4439
14.4349
14.4257
14.4167
14.5374
14.3808
14.4776
14.4538
14.4293
14.4274
14.5228
14.4
14.3453
14.3709
14.5244
14.3704
14.3663
14.3657
14.4999
14.4203
14.4196
14.3907
14.4087
14.4094
14.5156
14.3731
14.3879
14.3627
14.5177
14.3615
14.4014
14.5053
14.4083
14.4037
14.3438
14.5229
14.3442
14.3993
14.5277
14.3581
14.5242
14.4946
14.3431
14.5028
14.4313
14.3762
14.433
14.3537
14.523
14.5153
14.3738
14.4217
14.3466
14.3696
14.4233
14.5038
14.5327
14.3768
14.3776
14.3668
14.379
14.5126
14.5162
14.4066
14.3488
14.515
14.5154
14.3968
14.5213
14.5202
14.4136
14.5211
14.5313
14.5144
14.511
14.512
14.5163
14.5202
14.3593
14.3767
14.5171
14.5172
14.3455
14.3794
14.5254
14.5189
14.372
14.5399
14.426
14.3451
14.3471
14.3616
14.5249
14.5237
14.3751
14.3693
14.5203
14.3645
14.3544
14.517
14.3735
14.5142
14.3833
14.3515
14.4201
14.5323
14.5186
14.346
14.5219
14.3734
14.3573
14.5214
14.381
14.3623
14.3755
14.3652
14.4643
14.4628
14.5311
14.3531
14.5015
14.3793
14.5202
14.3835
14.354
14.5157
14.3611
14.5046
14.3793
14.374
14.5164
14.358
14.3786
14.5144
14.414
14.5077
14.3788
14.3807
14.368
14.3606
14.3485
14.543
14.4987
14.414
14.369
14.525
14.378
14.3744
14.3781
14.518
14.369
14.5056
14.3794
14.5255
14.4071
14.3913
14.506
14.3499
14.5417
14.5215
14.3894
14.4043
14.3695
14.3979
14.3824
14.539
14.5166
14.5011
14.5369
14.3915
14.3706
14.3925
14.4123
14.5344
14.4054
14.3674
14.5261
14.3827
14.5198
14.5133
14.3649
14.3504
14.4972
14.5041
14.526
14.3825
14.3874
14.3783
14.5154
14.5272
14.5099
14.378
14.3882
14.4142
14.5297
14.4948
14.376
14.5251
14.4936
14.411
14.4979
14.5347
14.4131
14.4002
14.4979
14.3793
14.4123
14.5254
14.4044
14.3989
14.3879
14.5101
14.4108
14.4598
14.3833
14.3971
14.3883
14.4059
14.3825
14.3572
14.4708
14.3633
14.4641
14.3929
14.5303
14.4096
14.4262
14.3927
14.4937
14.531
14.4182
14.3547
14.3932
14.4925
14.384
14.396
14.4211
14.4751
14.5012
14.4718
14.4995
14.4661
14.4444
14.4584
14.4032
14.4633
14.4012
14.505
14.3904
14.4736
14.4639
14.4198
14.3952
14.4154
14.4489
14.5123
14.536
14.3976
14.3893
14.3997
14.4218
14.4258
14.3944
14.4052
14.4952
14.4476
14.428
14.4315
14.4334
14.4026
14.4556
14.3737
14.4946
14.4026
14.4559
14.4325
14.4036
14.4599
14.4527
14.4912
14.395
14.4471
14.4693
14.4089
14.4743
14.453
14.4284
14.3942
14.4514
14.4289
14.472
14.4623
14.4337
14.4555
14.4558
14.387
14.459
14.4507
14.4592
14.4495
14.4573
14.5205
14.456
14.488
14.435
14.4487
14.4733
14.4524
14.4393
14.3995
14.4074
14.4251
14.4169
14.4274
14.4521
14.4028
14.4127
14.4615
14.4559
14.4437
14.4365
14.4647
14.4656
14.4342
14.477
14.5119
14.4182
14.5264
14.4504
14.4858
14.466
14.4985
14.4176
14.5052
14.4715
14.4275
14.5182
14.4406
14.4812
14.4399
14.4902
14.4565
14.4503
14.3776
14.4586
14.4469
14.3919
14.4524
14.4385
14.4753
14.4591
14.4435
14.4796
14.409
14.4405
14.5079
14.4093
14.4404
14.3938
14.4476
14.4375
14.4327
14.4558
14.4629
14.4889
14.4445
14.4416
14.4531
14.4885
14.4015
14.4192
14.4611
14.4642
14.5075
14.4147
14.4782
14.4673
14.4425
14.4231
14.4675
14.4206
14.4409
14.4265
14.4308
14.4359
14.419
14.4068
14.4306
14.4829
14.4416
14.4505
14.4476
14.4088
14.4341
14.461
14.3974
14.3873
14.4422
14.4931
14.3507
14.432
14.4446
14.4505
14.3624
14.4202
14.4721
14.454
14.3948
14.4583
14.4121
14.4177
14.3998
14.4249
14.389
14.4394
14.4229
14.4818
14.4278
14.4315
14.436
14.467
14.4211
14.4644
14.4412
14.471
14.4557
14.4468
14.4629
14.4596
14.4479
14.4379
14.4528
14.4469
14.4186
14.4601
14.453
14.5123
14.4426
14.4688
14.4668
14.372
14.4528
14.4367
14.4287
14.4375
14.4361
14.4442
14.4308
14.4589
14.4336
14.4038
14.4417
14.4499
14.4746
14.436
14.4182
14.4481
14.4794
14.4552
14.4624
14.4436
14.4431
14.4463
14.4791
14.4808
14.4787
14.4695
14.4729
14.4914
14.4427
14.4815
14.466
14.4568
14.4708
14.4216
14.4689
14.3939
14.4571
14.4916
14.4603
14.4589
14.4697
14.4763
14.5006
14.4625
14.4456
14.4637
14.4801
14.4517
14.4454
14.4507
14.4274
14.4482
14.4369
14.4715
14.4826
14.4897
14.48
14.4308
14.4667
14.4672
14.3891
14.4557
14.3855
14.4326
14.435
14.4911
14.4844
14.4825
14.4266
14.3681
14.457
14.468
14.5131
14.4296
14.5298
14.3859
14.4705
14.486
14.4461
14.4826
14.3738
14.5011
14.4779
14.4615
14.5033
14.4868
14.4794
14.4724
14.4734
14.477
14.3941
14.5101
14.4418
14.382
14.465
14.4651
14.4771
14.4391
14.4827
14.4729
14.4795
14.4818
14.4761
14.3673
14.3783
14.4932
14.4902
14.4788
14.426
14.5009
14.3806
14.381
14.4866
14.4928
14.4794
14.4838
14.4756
14.3846
14.4848
14.4639
14.3765
14.4877
14.4908
14.4747
14.4382
14.4512
14.4353
14.4728
14.4603
14.4599
14.4846
14.4859
14.4876
14.4834
14.4515
14.4563
14.5009
14.4345
14.4768
14.4464
14.4897
14.373
14.471
14.4773
14.4995
14.3724
14.4372
14.4879
14.5035
14.4869
14.5056
14.5078
14.5028
14.4891
14.4214
14.4415
14.4933
14.5143
14.3738
14.5056
14.442
14.4152
14.369
14.5056
14.4765
14.3758
14.4999
14.4912
14.5031
14.3692
14.4635
14.4977
14.4732
14.5145
14.4557
14.3774
14.4949
14.4807
14.494
14.483
14.4839
14.5022
14.4626
14.492
14.4833
14.5013
14.4903
14.4889
14.503
14.4973
14.5177
14.4792
14.3698
14.5076
14.5057
14.4962
14.3666
14.486
14.421
14.4987
14.4786
14.3509
14.4818
14.4915
14.4952
14.5101
14.4235
14.4957
14.4815
14.4677
14.5078
14.4798
14.4858
14.373
14.4983
14.4818
14.5123
14.477
14.4921
14.4838
14.4874
14.5096
14.5316
14.482
14.4657
14.4235
14.4895
14.4198
14.4512
14.3579
14.4988
14.5331
14.3634
14.4682
14.4987
14.4594
14.4964
14.4788
14.4878
14.5097
14.5204
14.5199
14.3561
14.4818
14.5222
14.3912
14.5177
14.4514
14.5043
14.5215
14.4922
14.4776
14.4182
14.5053
14.5222
14.5069
14.485
14.5203
14.4945
14.4194
14.507
14.3685
14.3608
14.5329
14.5224
14.5099
14.5095
14.3651
14.4945
14.4217
14.4764
14.526
14.4933
14.4555
14.5018
14.4957
14.5212
14.4168
14.5095
14.5319
14.5166
14.395
14.5188
14.5243
14.5224
14.4161
14.483
14.4854
14.3963
14.4874
14.4938
14.3661
14.5073
14.4719
14.4595
14.5045
14.4609
14.4985
14.3953
14.528
14.5243
14.4917
14.4737
14.5078
14.3936
14.3662
14.4802
14.466
14.485
14.5051
14.5188
14.4631
14.512
14.4842
14.3556
14.371
14.5068
14.469
14.3636
14.3822
14.3689
14.4968
14.3863
14.488
14.5337
14.5279
14.3815
14.528
14.4862
14.4989
14.5262
14.5131
14.3792
14.3622
14.4035
14.5262
14.4689
14.5121
14.4682
14.5209
14.408
14.5041
14.5297
14.4723
14.4152
14.5146
14.3603
14.5147
14.507
14.5347
14.5335
14.528
14.4124
14.5349
14.517
14.5299
14.42
14.5193
14.3826
14.3961
14.3934
14.5316
14.53
14.3891
14.5071
14.5345
14.5171
14.4066
14.3968
14.4079
14.5263
14.3874
14.5041
14.5281
14.3976
14.3857
14.5282
14.3996
14.5192
14.4109
14.3899
14.3446
14.3569
14.3901
14.3873
14.3818
14.512
14.5064
14.3986
14.5257
14.4039
14.3814
14.4965
14.5376
14.4012
14.3854
14.3599
14.5264
14.5141
14.3825
14.3868
14.3824
14.4024
14.3861
14.3555
14.5126
14.4023
14.5229
14.5079
14.5238
14.5199
14.3415
14.4992
14.3889
14.3577
14.4659
14.3982
14.5378
14.5205
14.5246
14.5291
14.3993
14.3999
14.5225
14.5246
14.3827
14.5209
14.3526
14.3804
14.5102
14.5118
14.3647
14.5264
14.5262
14.5277
14.3517
14.526
14.5116
14.5185
14.3576
14.5067
14.3488
14.5246
14.5229
14.5112
14.5227
14.5285
14.5164
14.5172
14.407
14.5101
14.5162
14.5271
14.5102
14.5133
14.5274
14.5144
14.3493
14.5277
14.4064
14.528
14.4254
14.5245
14.3944
14.5164
14.3851
14.3905
14.5206
14.5091
14.5283
14.42
14.3866
14.4163
14.521
14.5306
14.5101
14.5165
14.4249
14.4309
14.5264
14.5246
14.336
14.3917
14.3831
14.5287
14.5019
14.4022
14.5294
14.4159
14.5147
14.512
14.4092
14.3508
14.5118
14.5279
14.5185
14.5154
14.5122
14.5164
14.4154
14.4197
14.5244
14.5112
14.4
14.5086
14.5227
14.5142
14.3861
14.5133
14.3375
14.3691
14.4034
14.3988
14.5108
14.5127
14.4403
14.41
14.4122
14.4426
14.5225
14.5185
14.5143
14.5141
14.3955
14.5305
14.3991
14.3397
14.5142
14.3842
14.5206
14.5185
14.3847
14.508
14.5181
14.5157
14.357
14.4075
14.3689
14.5035
14.5164
14.376
14.4119
14.4029
14.53
14.354
14.3606
14.5167
14.5313
14.386
14.5144
14.5143
14.4219
14.4476
14.3495
14.4058
14.3794
14.5427
14.3673
14.3537
14.3772
14.4168
14.393
14.3648
14.4093
14.3852
14.3607
14.3573
14.409
14.4305
14.5119
14.5185
14.5121
14.3842
14.4104
14.3376
14.5218
14.4276
14.4205
14.3997
14.338
14.5164
14.4041
14.5184
14.5203
14.3983
14.5185
14.5232
14.3514
14.358
14.4069
14.3899
14.4441
14.4143
14.5165
14.5242
14.3761
14.5259
14.3392
14.5026
14.3618
14.4664
14.3832
14.3912
14.3914
14.4265
14.5177
14.3991
14.3809
14.535
14.3408
14.3654
14.3911
14.3738
14.3859
14.371
14.4107
14.4105
14.4017
14.3924
14.4052
14.4504
14.3629
14.4653
14.4682
14.3743
14.3792
14.4147
14.3414
14.4722
14.415
14.4603
14.3533
14.37
14.4738
14.5241
14.531
14.4308
14.3935
14.3776
14.384
14.4146
14.5265
14.5214
14.4104
14.5246
14.4725
14.5188
14.3409
14.5171
14.5175
14.3621
14.4911
14.4253
14.5095
14.5314
14.5328
14.4355
14.534
14.5238
14.5403
14.4787
14.3405
14.5361
14.4658
14.3686
14.5389
14.4766
14.5267
14.4717
14.439
14.5333
14.4708
14.5207
14.4247
14.4034
14.4778
14.474
14.5387
14.5153
14.5216
14.3625
14.4884
14.5204
14.3677
14.3874
14.5156
14.4969
14.4914
14.4488
14.5104
14.5135
14.487
14.4522
14.5
14.5067
14.5164
14.5035
14.4424
14.4888
14.4547
14.4954
14.4927
14.4473
14.5085
14.5152
14.4883
14.444
14.4539
14.5017
14.4718
14.4815
14.4065
14.3447
14.5406
14.5392
14.4826
14.4122
14.3429
14.3467
14.3777
14.3386
14.3851
14.4906
14.4357
14.4391
14.5299
14.3742
14.3981
14.474
14.4213
14.5399
14.4291
14.3945
14.5299
14.3374
14.3477
14.4464
14.512
14.4093
14.521
14.4374
14.433
14.3428
14.3514
14.3924
14.3824
14.4962
14.5158
14.5409
14.3801
14.5314
14.4051
14.5226
14.402
14.4356
14.4939
14.4455
14.5162
14.5363
14.3601
14.4419
14.5338
14.3608
14.3448
14.3454
14.5077
14.538
14.391
14.5164
14.3795
14.4582
14.3913
14.3853
14.3549
14.5407
14.5289
14.4026
14.3988
14.5351
14.3631
14.4415
14.4325
14.4289
14.3929
14.3961
14.4401
14.4703
14.4711
14.4195
14.52
14.5202
14.4563
14.3931
14.3879
14.3884
14.4763
14.5195
14.5348
14.3413
14.4875
14.4842
14.4822
14.4875
14.3418
14.3727
14.517
14.5297
14.4848
14.5026
14.5313
14.5108
14.541
14.5187
14.376
14.5196
14.5105
14.3413
14.5206
14.3847
14.4516
14.3791
14.5401
14.5419
14.3459
14.4783
14.4792
14.3787
14.4055
14.4613
14.515
14.4092
14.5287
14.3447
14.5207
14.5269
14.5141
14.388
14.5222
14.3467
14.4672
14.5083
14.3813
14.5011
14.5427
14.5363
14.5411
14.5324
14.5214
14.5299
14.5337
14.5267
14.5309
14.4775
14.4802
14.5164
14.4259
14.5363
14.4339
14.4757
14.4731
14.5348
14.5214
14.4595
14.5223
14.3804
14.358
14.3842
14.4827
14.4325
14.4745
14.396
14.5281
14.3361
14.423
14.4308
14.4006
14.3462
14.5236
14.4384
14.4846
14.4375
14.421
14.5205
14.3945
14.4954
14.5188
14.5135
14.4694
14.3774
14.5265
14.5195
14.4965
14.4125
14.493
14.5271
14.5177
14.4493
14.357
14.3852
14.4811
14.4837
14.495
14.536
14.4032
14.3899
14.4021
14.5346
14.5211
14.3834
14.5424
14.3507
14.503
14.4474
14.5225
14.5407
14.3892
14.5212
14.4685
14.4482
14.5364
14.3805
14.358
14.5355
14.44
14.5091
14.5333
14.5382
14.5268
14.4073
14.4582
14.5199
14.4128
14.3929
14.4776
14.3899
14.3732
14.5196
14.4897
14.5393
14.4224
14.4442
14.438
14.3561
14.4749
14.5117
14.4545
14.4765
14.3412
14.5367
14.5172
14.5371
14.5108
14.5189
14.5346
14.3452
14.3656
14.5129
14.4913
14.5098
14.3643
14.5111
14.4109
14.4374
14.5203
14.5095
14.3795
14.5104
14.3835
14.5319
14.3636
14.4849
14.4238
14.4737
14.3781
14.4859
14.5414
14.5274
14.3786
14.5296
14.4742
14.4693
14.4784
14.528
14.4346
14.4366
14.4897
14.4323
14.3789
14.4387
14.5353
14.3784
14.4312
14.5149
14.384
14.5369
14.4305
14.4841
14.3614
14.4717
14.5194
14.349
14.4775
14.3523
14.5369
14.519
)
;

boundaryField
{
    back
    {
        type            empty;
    }
    front
    {
        type            empty;
    }
    top
    {
        type            zeroGradient;
    }
    outer_arc
    {
        type            zeroGradient;
    }
    bottom
    {
        type            uniformFixedValue;
        uniformValue    
        {
            type            table;
            format          csv;
            file            "outlet_p.csv";
            nHeaderLine     1;
            refColumn       0;
            componentColumns List<label> 1(1);
            separator       ",";
            mergeSeparators 0;
        }
        value           uniform 14.5194;
    }
    inner_arc
    {
        type            zeroGradient;
    }
}


// ************************************************************************* //
