/*--------------------------------*- C++ -*----------------------------------*\
  =========                 |
  \\      /  F ield         | OpenFOAM: The Open Source CFD Toolbox
   \\    /   O peration     | Website:  https://openfoam.org
    \\  /    A nd           | Version:  9
     \\/     M anipulation  |
\*---------------------------------------------------------------------------*/
FoamFile
{
    format      ascii;
    class       surfaceScalarField;
    location    "1.66";
    object      phi;
}
// * * * * * * * * * * * * * * * * * * * * * * * * * * * * * * * * * * * * * //

dimensions      [0 3 -1 0 0 0 0];

internalField   nonuniform List<scalar> 
1363
(
-4.82757e-07
3.76034e-07
1.06723e-07
-6.23453e-08
2.29117e-07
-1.66771e-07
8.72326e-07
-6.10624e-07
-2.61702e-07
-1.71821e-07
4.69572e-07
-2.9775e-07
7.56607e-07
1.15719e-07
1.09135e-06
-1.14108e-07
-9.77237e-07
-1.96022e-07
1.96022e-07
7.46115e-07
3.45231e-07
-2.90638e-07
2.98065e-07
-7.42646e-09
1.82603e-08
-3.08899e-07
-3.66787e-07
3.31359e-07
3.54281e-08
4.14346e-07
-3.08079e-07
-1.06267e-07
3.27276e-07
-4.99097e-07
-4.46841e-07
4.22983e-07
2.38573e-08
3.27963e-07
8.63828e-08
-1.40439e-07
7.80934e-08
9.82786e-08
-2.66182e-07
1.67903e-07
-2.00563e-07
-2.82193e-07
3.12089e-07
1.0243e-07
-4.1452e-07
-1.95634e-09
1.95634e-09
1.09949e-07
-1.16702e-08
1.66754e-07
-4.74833e-07
-1.64831e-07
-8.09955e-08
2.45826e-07
-9.34534e-08
3.38263e-07
-2.44809e-07
-1.91441e-07
-1.75346e-07
2.58731e-07
-3.52184e-07
7.80513e-07
-7.15427e-07
-6.50855e-08
-2.94959e-07
1.30128e-07
-2.88999e-07
4.80298e-07
-1.91298e-07
7.21198e-08
-4.13899e-07
3.41779e-07
-2.46826e-07
1.32636e-07
1.1419e-07
1.82912e-08
7.62221e-07
1.27584e-07
-4.16584e-07
-3.65239e-07
-1.76927e-08
3.82931e-07
7.07584e-07
-6.22771e-07
-8.4813e-08
-4.34631e-07
2.65994e-09
4.31971e-07
-5.45761e-08
-6.46955e-07
7.01532e-07
3.02401e-07
-1.17843e-07
-1.84558e-07
-5.70567e-07
5.15991e-07
9.62239e-08
2.42039e-07
5.31472e-07
-3.25094e-07
-2.06378e-07
6.65263e-07
-2.35473e-07
-4.29789e-07
-8.11199e-08
1.77344e-07
-1.199e-07
-7.61225e-08
1.51377e-07
4.4645e-08
3.86589e-07
-3.72962e-08
-3.49293e-07
-4.47005e-07
6.82926e-08
3.78712e-07
1.03336e-08
-3.75572e-07
7.32075e-08
4.58265e-07
-1.9371e-07
-2.53131e-07
3.81745e-07
-6.9656e-08
1.3541e-07
-2.16405e-07
-4.85906e-07
5.1275e-08
3.73069e-07
-1.57676e-07
-2.15393e-07
4.13681e-07
-3.95421e-07
1.46148e-07
-4.53504e-07
3.07356e-07
-2.81815e-07
2.81815e-07
5.64862e-09
4.08033e-07
-2.6031e-07
-2.15053e-08
-1.42164e-07
5.17136e-07
-3.74972e-07
-2.06129e-07
2.78249e-07
7.84512e-07
-6.84742e-07
-9.97704e-08
1.07757e-07
-1.2545e-07
1.39963e-08
3.62038e-07
2.47384e-07
5.50167e-08
2.34573e-08
1.15756e-07
-1.39213e-07
6.9085e-08
3.9484e-07
-4.12252e-07
1.74118e-08
7.73331e-07
-6.27183e-07
3.59525e-07
-1.88995e-07
-1.7053e-07
1.16908e-07
1.12209e-07
-2.17343e-07
2.13337e-07
4.00655e-09
-2.1924e-07
2.1924e-07
-9.88547e-08
-3.15044e-07
2.77435e-07
9.56338e-08
8.23836e-09
-1.01947e-08
3.32184e-08
-3.12621e-08
2.28429e-08
-1.9731e-07
-4.95164e-08
1.44784e-08
-1.54917e-07
-3.3532e-08
3.75608e-07
-3.42076e-07
3.91367e-07
-2.46401e-07
1.63781e-08
2.30023e-07
3.79358e-08
1.54742e-07
-3.89867e-08
-9.43604e-07
9.05979e-07
3.76244e-08
1.32141e-08
-1.55378e-07
-1.5582e-07
1.71801e-07
-1.59814e-08
1.02624e-07
3.2036e-07
-1.32447e-07
-1.13954e-07
7.23219e-09
6.58031e-07
2.94005e-07
-3.71219e-08
-2.56883e-07
-4.13143e-07
4.18792e-07
-4.01458e-07
-5.20456e-08
-1.11992e-07
4.19348e-07
-2.34992e-07
1.83382e-07
5.16096e-08
-2.47056e-09
-2.33003e-07
-3.12439e-08
-1.24576e-07
-5.99106e-07
5.65574e-07
4.12553e-08
2.15773e-07
-2.5971e-08
-1.89802e-07
4.39086e-08
-4.57052e-07
-6.52595e-08
2.39625e-07
2.59001e-08
-1.37892e-07
8.68395e-08
1.91409e-07
4.08257e-08
3.45763e-07
-2.07183e-08
4.49536e-07
-4.28818e-07
1.51798e-08
3.79661e-07
1.09959e-08
-4.23248e-07
-3.11362e-08
8.04467e-07
7.65548e-08
-7.03738e-07
3.06259e-08
-8.70622e-08
-1.30281e-07
6.13017e-08
2.70058e-07
2.94005e-07
-7.19687e-08
-3.19281e-07
3.9125e-07
3.63057e-07
1.06514e-07
-8.83104e-08
1.29566e-07
3.54322e-07
-1.02694e-06
6.7262e-07
-1.29566e-07
2.16405e-07
-6.35776e-07
-2.13258e-07
8.49034e-07
-8.11199e-08
-1.41147e-07
2.57176e-07
-1.77955e-07
-1.93545e-08
1.3541e-07
3.04928e-07
-1.77344e-07
-3.04928e-07
2.5018e-07
5.47482e-08
-4.85906e-07
-1.67081e-07
2.69511e-07
1.67081e-07
-1.92165e-07
2.50841e-08
-2.69511e-07
3.37804e-07
-3.6398e-07
3.74313e-07
3.6398e-07
-3.488e-07
1.92165e-07
-2.29461e-07
6.99164e-07
-7.303e-07
-3.37804e-07
3.488e-07
-6.53745e-07
7.303e-07
6.53745e-07
-5.80538e-07
-3.74313e-07
5.80538e-07
-2.06224e-07
2.29461e-07
-2.5018e-07
-4.13428e-08
6.78678e-08
-2.45823e-07
8.12713e-07
-6.65979e-08
-1.74545e-07
7.12987e-08
-2.60293e-07
8.13629e-08
1.31974e-07
8.16878e-07
-1.78546e-07
-6.38331e-07
-3.01944e-07
-6.4166e-07
3.55296e-07
4.57417e-07
1.76362e-07
-7.43913e-07
5.67551e-07
5.60871e-07
-5.97993e-07
-2.71281e-07
4.66404e-07
-1.95123e-07
-6.74171e-07
5.13994e-08
-6.84829e-07
1.14262e-07
1.12622e-07
4.21203e-08
-4.25232e-09
6.07379e-08
-5.64856e-08
1.97854e-07
-2.26753e-07
9.92337e-08
1.33883e-08
-3.82474e-07
-3.02355e-07
-4.87676e-07
1.89926e-07
3.15541e-07
-6.52542e-08
-2.50286e-07
5.78715e-07
-4.02353e-07
1.70172e-08
-4.49574e-07
4.32557e-07
1.03149e-07
1.12624e-07
4.74042e-07
-2.34417e-07
1.00244e-07
-4.45358e-08
4.08839e-09
-2.45473e-07
1.68692e-07
-1.03549e-07
1.4378e-07
7.62199e-07
-3.86714e-07
2.69408e-07
1.17305e-07
-1.1743e-08
1.95125e-07
-1.43487e-07
-2.43226e-07
-2.06279e-07
-1.9518e-07
-4.28435e-07
2.5793e-07
1.70505e-07
-3.45622e-07
7.43409e-08
3.04112e-07
1.76186e-07
1.69922e-07
-1.59026e-07
-2.99418e-07
2.16822e-07
-3.10645e-07
9.84909e-09
3.00796e-07
-4.96027e-07
9.96623e-08
3.96365e-07
6.26872e-07
-9.28816e-07
4.22936e-07
-1.65007e-07
9.07378e-07
-7.628e-07
-1.44578e-07
2.19283e-07
2.03653e-07
-3.55775e-07
2.52226e-07
-4.29111e-08
1.57101e-07
-1.011e-07
-3.94928e-07
5.16946e-07
-1.8967e-07
4.89732e-07
-4.28662e-07
-6.10701e-08
-1.76707e-07
-1.48387e-07
4.84943e-08
-4.84943e-08
-8.83104e-08
1.84666e-07
3.3228e-07
-1.21548e-07
2.04479e-08
-1.65938e-07
-8.58787e-08
-2.97519e-07
5.8804e-07
-6.76068e-07
7.7573e-07
-3.26256e-08
9.48047e-08
-2.52758e-07
4.37424e-07
-2.11003e-07
4.07321e-07
-1.96318e-07
-9.24542e-07
8.24771e-07
-5.36799e-08
-1.68722e-07
4.46908e-07
-2.78186e-07
-3.05017e-07
9.31889e-07
9.04365e-07
-5.71487e-07
-3.32878e-07
-5.32114e-07
1.03452e-07
-4.82575e-07
-4.9539e-08
-3.02915e-07
4.13183e-07
-1.10268e-07
3.21071e-07
-4.89794e-07
-2.58286e-07
4.77569e-07
4.42741e-07
-2.5979e-07
-1.82952e-07
6.47444e-08
-6.47444e-08
4.55624e-07
-4.55624e-07
-1.13784e-07
-8.10758e-07
-2.43707e-07
4.63014e-07
-2.19307e-07
2.56717e-07
9.74361e-08
-3.54153e-07
-1.4685e-07
3.63672e-07
-7.58201e-07
8.21331e-08
3.68247e-07
-3.68247e-07
-8.52144e-09
8.52144e-09
1.43993e-07
1.88079e-07
-4.40837e-07
6.76805e-07
2.2756e-07
1.69476e-07
2.13805e-07
-6.21905e-07
1.3933e-07
-5.24469e-07
3.00977e-07
1.73065e-07
-3.97174e-07
-1.75745e-07
5.72919e-07
3.43012e-07
-2.25707e-07
-2.3655e-07
4.07055e-07
-1.1475e-07
-6.58402e-08
-5.71667e-07
6.37507e-07
1.64556e-07
1.64266e-07
7.93594e-07
1.69259e-07
-4.66778e-07
1.58784e-07
-9.21584e-07
-2.36525e-07
4.40178e-07
1.77634e-07
-4.34031e-07
3.03922e-07
1.73647e-07
-5.80247e-07
-3.8083e-07
9.61077e-07
1.06462e-07
-4.27794e-07
3.17526e-07
3.95424e-07
-9.7567e-07
-8.95571e-07
-2.05761e-07
5.09684e-07
-4.61218e-07
-1.10449e-07
4.67532e-07
2.0748e-07
-6.75012e-07
1.02511e-08
-1.08452e-07
7.45959e-07
7.9385e-07
-9.02302e-07
-8.8705e-07
8.88391e-07
-1.34143e-09
-3.71186e-08
-1.02167e-07
9.26938e-07
-6.63396e-07
-4.7163e-07
8.67054e-07
-9.78751e-07
1.02414e-07
8.76337e-07
-8.18012e-07
6.73434e-07
1.86685e-07
-5.1275e-08
-5.28178e-07
5.30838e-07
1.29049e-07
5.76356e-08
-5.89708e-07
-3.89044e-07
6.40265e-07
-4.12797e-07
-2.27468e-07
-5.80776e-07
7.78631e-07
-5.43336e-07
9.33528e-07
-3.90192e-07
-9.25366e-07
3.8203e-07
2.42368e-07
2.67316e-07
7.099e-07
4.67741e-07
1.72524e-07
4.96084e-07
-5.33202e-07
-8.79911e-07
4.08281e-07
5.17845e-07
-4.93892e-08
-4.68456e-07
-6.59726e-07
7.6214e-07
-5.08643e-08
1.30531e-07
-7.96671e-08
9.16197e-07
-5.81771e-07
-3.34426e-07
3.35421e-07
4.46342e-07
-1.02811e-06
1.91049e-07
5.87582e-07
6.05562e-07
-2.1104e-08
-5.84458e-07
3.4382e-07
-1.13402e-06
2.25695e-07
9.08321e-07
-1.04228e-06
2.41268e-08
1.01815e-06
6.65624e-08
5.38999e-07
7.15543e-08
5.01365e-07
-9.57182e-07
-1.3453e-09
9.58528e-07
-1.39599e-07
1.39599e-07
-1.01947e-08
-2.56883e-07
-7.61225e-08
1.18207e-08
-1.18207e-08
-1.69891e-07
1.69891e-07
-1.41147e-07
5.1765e-07
-4.27298e-07
-9.03517e-08
-1.21378e-07
1.21378e-07
-3.1189e-07
3.1189e-07
-2.6031e-07
-3.06145e-08
3.06145e-08
-6.67253e-08
6.67253e-08
3.32184e-08
1.63908e-07
-1.63908e-07
1.51377e-07
2.57176e-07
2.22247e-07
2.73837e-07
4.05945e-07
5.11092e-07
-9.17038e-07
4.09781e-08
-4.09781e-08
6.59562e-07
-1.41717e-07
-7.90608e-07
3.60818e-07
4.22361e-07
-4.22361e-07
-4.89111e-07
7.63141e-08
7.93758e-07
6.13283e-08
-8.55086e-07
-3.33224e-07
-8.85849e-07
1.21907e-06
-9.40932e-07
-1.93084e-07
-1.2068e-06
8.73579e-07
-3.21297e-07
-1.67814e-07
-1.16693e-06
1.24647e-07
-1.86033e-08
1.03993e-07
-8.53896e-08
-6.94676e-08
-6.99164e-07
3.1911e-07
-2.52548e-07
6.9638e-08
-5.52036e-07
4.82398e-07
-9.4995e-07
3.90764e-07
-2.64287e-07
-1.26478e-07
-6.94422e-07
8.8547e-07
2.06846e-07
-7.19732e-07
7.99582e-07
-7.98491e-08
-2.72958e-07
-7.17886e-07
9.86462e-07
-6.51041e-07
1.03199e-06
-5.85644e-07
2.32264e-07
9.84068e-07
-6.07602e-07
-3.76466e-07
-5.48238e-08
1.58817e-07
-9.03079e-07
-3.03724e-07
-7.69344e-07
7.4824e-07
6.5204e-07
1.32601e-07
-8.37258e-07
7.04658e-07
7.86042e-07
-7.16404e-07
9.37049e-07
-7.11353e-07
1.85781e-07
8.85209e-07
-1.07099e-06
4.48189e-08
2.13365e-07
-2.58184e-07
8.55179e-07
1.07821e-06
-1.05409e-06
-2.44246e-07
-1.05633e-07
3.49878e-07
7.1637e-07
-7.91586e-07
7.52166e-08
1.17306e-06
-1.17441e-06
-4.95595e-07
-5.64413e-08
5.76568e-07
1.1362e-06
-7.75381e-07
-6.716e-07
5.45122e-07
2.9204e-07
1.65738e-07
9.54806e-07
-9.96279e-08
3.80945e-07
3.98424e-07
1.37281e-07
5.49262e-07
-5.04443e-07
3.02375e-08
3.29446e-07
1.21881e-06
1.80949e-07
-4.96719e-07
3.15771e-07
-6.08199e-07
1.26247e-06
-6.54268e-07
7.97845e-07
-8.14758e-08
6.46548e-07
-9.19506e-07
-3.08804e-08
-6.05805e-07
6.13718e-09
-7.4064e-07
5.72826e-07
-5.6102e-07
-8.90184e-08
1.86249e-07
5.2237e-07
-6.28003e-07
-2.38888e-07
1.1241e-06
-9.18641e-07
2.07288e-07
-1.09897e-06
4.48836e-08
2.84163e-07
6.70644e-07
9.36203e-07
-4.35972e-07
-8.68385e-07
1.30436e-06
-8.20148e-07
5.9268e-07
-1.21135e-06
-3.94082e-07
-6.76908e-07
-1.25172e-06
7.73089e-08
6.10611e-07
1.01375e-07
-9.87224e-07
-1.09283e-06
-7.8136e-07
-1.95518e-07
5.34008e-07
4.95944e-07
2.33713e-07
-7.29658e-07
3.14454e-07
-1.33505e-07
-4.44841e-08
1.36038e-08
8.2539e-07
2.63006e-07
8.68725e-08
-1.15634e-07
7.73227e-07
-6.57593e-07
-5.59196e-07
9.40141e-07
5.64805e-07
-1.06547e-06
9.646e-07
-7.14378e-07
8.80116e-07
-3.18831e-07
6.34601e-07
1.05267e-06
-1.73692e-07
8.78349e-07
-7.2257e-07
-1.91062e-07
9.13632e-07
8.18131e-07
-5.85867e-07
7.67812e-07
-8.5683e-07
-5.82165e-07
7.14471e-07
-1.32306e-07
4.18374e-07
-8.96261e-07
-2.47322e-07
6.82832e-07
3.57814e-07
-5.24586e-07
3.50336e-07
-5.0656e-07
9.04984e-07
-6.33511e-07
9.2555e-07
1.72374e-07
-1.28449e-07
-7.61426e-07
5.14026e-07
2.474e-07
-2.6742e-08
3.45788e-07
-6.43647e-07
9.53314e-07
-3.09667e-07
3.0663e-07
-2.11173e-07
-5.69645e-07
7.80817e-07
-8.60101e-07
7.87406e-08
8.97302e-07
-3.04623e-07
-4.73965e-07
1.11993e-06
-1.04262e-06
3.2215e-08
-7.48619e-07
-8.15217e-07
-2.93685e-07
8.17514e-07
6.03618e-07
-7.94378e-07
8.24615e-07
-9.4827e-07
2.70979e-08
6.69456e-07
-9.16778e-07
8.57378e-08
3.59846e-07
5.93468e-07
-5.42693e-07
8.92593e-07
-3.499e-07
2.33947e-07
6.79685e-07
-8.5236e-07
-4.64578e-07
-2.78814e-07
2.95567e-07
1.01397e-06
-6.6363e-07
2.14105e-07
5.00366e-07
9.63464e-07
-4.69513e-07
-5.07449e-07
9.76962e-07
-8.73985e-09
-4.86855e-07
-9.20322e-07
5.39492e-07
7.57359e-07
-6.71621e-07
-2.13113e-07
5.70928e-07
2.62912e-07
-6.6213e-07
3.99218e-07
-2.56634e-07
-2.67952e-07
9.91697e-07
3.90393e-07
5.7307e-07
-4.08998e-07
-5.0804e-07
9.04419e-07
3.28191e-07
5.64402e-07
-9.4917e-07
5.40172e-07
-9.77553e-07
-7.82758e-07
4.32496e-07
-1.69584e-07
-1.7648e-07
-4.76127e-07
-4.04483e-07
-7.32761e-07
3.86973e-07
2.47628e-07
-8.9379e-07
6.14976e-07
-4.07938e-07
-5.12384e-07
1.09196e-07
-2.37384e-07
-6.78682e-07
3.9697e-07
-2.97503e-07
8.36994e-07
3.46584e-08
-2.44073e-08
-5.17176e-07
-4.31994e-07
-7.36787e-07
7.36085e-08
2.88429e-07
9.21659e-07
-4.1473e-07
3.19708e-07
2.69837e-07
1.62659e-07
-3.19494e-07
7.96188e-07
5.04834e-07
-3.60585e-07
-1.4425e-07
1.8534e-07
3.88251e-07
-2.05173e-07
8.74087e-07
-6.68915e-07
6.58087e-07
9.07084e-07
-1.1349e-07
-7.29642e-07
7.41419e-07
-2.41053e-07
8.04917e-07
5.04036e-07
6.28199e-07
-2.64555e-07
5.44302e-07
2.92693e-07
-7.26178e-07
-1.95405e-07
6.70337e-08
-9.14411e-08
2.35691e-07
-7.30317e-08
2.39407e-07
-9.28782e-07
2.02603e-07
2.02325e-07
2.04996e-07
4.44595e-07
-2.8004e-07
7.76886e-07
-2.51977e-07
-9.20891e-07
8.50087e-07
-6.47484e-07
-1.133e-07
-3.44517e-07
3.21926e-07
2.25918e-08
-7.73685e-07
-6.00581e-08
2.06765e-07
2.30035e-07
-4.29562e-07
-2.85569e-07
1.70785e-08
-4.16626e-07
3.90404e-07
2.34295e-08
2.68194e-07
2.07006e-07
2.03153e-08
1.79503e-08
8.51392e-08
1.60959e-07
1.73396e-07
1.86604e-07
2.67655e-07
2.45123e-07
-1.65556e-08
1.22248e-07
-1.05693e-07
-8.19147e-07
-2.65683e-07
4.23527e-07
-2.45893e-07
1.29846e-07
1.14954e-07
2.01494e-07
9.151e-08
-7.94981e-07
-3.6746e-07
1.37555e-07
1.07245e-07
-1.27578e-07
5.45465e-08
1.44511e-07
1.11829e-07
-3.96311e-07
6.29181e-08
4.70307e-08
-8.79205e-07
1.03089e-07
4.28614e-07
8.4076e-08
-1.00632e-07
1.75241e-07
-8.45332e-07
-1.8161e-07
-4.22869e-07
3.91134e-07
3.03242e-07
4.46617e-07
-2.83195e-07
-1.06066e-06
-1.34533e-07
-9.16884e-07
1.65106e-07
-6.42715e-10
-1.57033e-07
3.70823e-08
-1.54926e-07
-2.60027e-07
1.70843e-07
1.10972e-07
-6.1027e-08
-2.22168e-07
-3.735e-07
-1.71827e-07
-2.89391e-07
7.77284e-08
-1.60953e-07
2.77861e-07
-3.71538e-07
-4.03294e-07
1.60067e-07
3.5886e-07
1.37409e-07
-8.91608e-08
-4.8248e-08
-4.82383e-09
-1.5129e-07
-9.22891e-08
-1.8984e-07
-2.84993e-07
-1.05764e-07
-4.82383e-09
-2.58782e-07
1.32074e-07
-6.91555e-08
2.09777e-07
-1.88656e-07
3.24374e-07
6.68756e-08
4.09975e-07
-5.19171e-07
3.23156e-08
8.61853e-07
-6.99578e-08
-4.03922e-07
2.03145e-07
2.00777e-07
-1.71344e-07
-2.19482e-07
-2.17318e-07
-4.55189e-07
-1.53831e-07
-1.74215e-07
2.81972e-07
1.0535e-06
3.23355e-07
-3.72744e-07
5.0788e-07
-5.22567e-08
1.37293e-08
-4.37332e-07
3.44924e-08
3.0252e-08
4.37332e-07
-3.44924e-08
2.29122e-07
5.0788e-07
2.11715e-07
-7.64988e-07
8.89635e-07
7.85479e-07
-5.57919e-07
-1.53554e-07
-8.1762e-08
-3.96161e-08
5.79048e-08
-1.69267e-08
2.81988e-08
-2.19377e-08
-1.99668e-07
-5.72152e-08
-8.1762e-08
5.54998e-09
-1.73707e-08
-2.41655e-07
7.17641e-08
1.38395e-07
-2.25718e-07
-8.6172e-08
-2.81988e-08
-2.41565e-09
2.19377e-08
8.67676e-09
1.99668e-07
-3.57597e-08
-1.38395e-07
-2.5513e-08
2.25718e-07
-5.54998e-09
5.79048e-08
-2.41655e-07
-7.12931e-08
-6.25704e-07
7.21493e-08
-4.03232e-07
6.98799e-07
2.18057e-07
-2.88015e-07
1.18685e-07
3.08253e-07
1.37995e-07
8.60511e-07
-5.41341e-07
1.85396e-08
-4.59998e-07
3.08253e-07
1.95175e-07
-3.67699e-07
2.65143e-07
-2.40059e-07
9.65906e-07
1.31979e-07
3.79118e-08
-1.31979e-07
-3.80232e-07
5.96199e-07
-2.15966e-07
-1.03842e-06
-1.49377e-07
1.67613e-07
-4.29315e-07
3.93071e-07
6.54458e-07
-5.74609e-07
-4.61532e-07
3.29226e-07
3.20856e-07
-1.67868e-07
3.45405e-07
-3.30932e-08
-5.66013e-07
3.5082e-07
2.08729e-07
-5.45505e-07
5.45505e-07
-3.86312e-07
-6.92819e-07
-2.59601e-07
3.45405e-07
2.63216e-07
-7.09397e-07
2.86359e-07
-1.68831e-07
-2.80743e-07
3.32443e-08
-1.20117e-07
8.37028e-07
-4.60562e-07
-2.18189e-07
2.18189e-07
-3.75099e-08
-2.27017e-07
-5.12281e-08
5.12281e-08
-4.9137e-08
4.9137e-08
-2.48183e-07
3.99719e-08
6.55231e-08
-6.39871e-07
5.32378e-07
1.07493e-07
4.92543e-07
-4.92543e-07
3.75608e-07
1.40794e-07
2.91763e-07
6.07379e-08
-6.93916e-07
1.51967e-07
4.31582e-08
1.60644e-07
-4.47701e-07
-6.42796e-07
-9.30061e-09
1.7822e-08
-1.62226e-07
-2.75766e-08
1.92312e-08
9.29774e-08
1.4951e-08
4.28016e-09
-8.642e-07
-1.50051e-08
-4.17418e-07
-5.59819e-07
-5.49075e-07
1.45843e-07
1.70843e-07
3.73055e-08
1.92717e-07
6.8305e-08
-1.4196e-07
3.39063e-08
-3.39063e-08
4.09982e-08
7.21142e-07
-5.17213e-07
-3.42076e-07
-4.81694e-08
4.81694e-08
-7.4848e-07
-3.19016e-07
7.93041e-08
2.37853e-08
1.9354e-07
-6.99905e-07
7.14812e-07
-1.49077e-08
-4.3444e-07
1.58535e-07
2.75905e-07
-5.64856e-08
-6.2201e-07
2.28697e-07
-1.49393e-07
-2.35094e-07
-4.73335e-08
4.73335e-08
2.31224e-07
3.1222e-07
-5.18498e-07
-2.92454e-07
-8.02901e-08
-1.70366e-08
1.29062e-07
4.38665e-08
-2.03216e-07
2.02644e-08
-7.20169e-07
-2.34766e-07
1.88691e-07
6.3535e-08
1.41244e-08
-1.67956e-07
-8.72879e-08
2.25398e-07
-3.19461e-07
5.94341e-08
9.30061e-09
5.29181e-07
-4.67534e-08
3.18819e-07
2.77836e-07
2.51346e-07
3.19925e-07
-1.10645e-09
2.88998e-07
3.51964e-07
-3.33072e-07
3.24959e-07
-1.30682e-07
4.9676e-07
-3.82498e-07
6.25729e-08
6.06572e-07
-8.80089e-08
1.82343e-07
-1.61895e-07
-4.42742e-08
5.64966e-07
-2.45258e-07
5.66834e-07
3.01859e-08
-2.69024e-07
3.29498e-08
3.48999e-07
1.30446e-07
-1.92038e-07
2.98553e-07
1.4088e-07
-4.40381e-07
3.03462e-07
4.12092e-07
-2.6625e-07
3.76333e-07
1.69466e-07
1.51112e-07
-4.52088e-07
-1.89852e-07
-8.15161e-07
3.75097e-08
-4.81686e-07
-3.8971e-08
5.29617e-08
2.49183e-07
2.89257e-07
-1.16369e-07
1.05704e-07
-2.01033e-07
2.60467e-07
9.15207e-09
-3.89512e-08
)
;

boundaryField
{
    back
    {
        type            empty;
        value           nonuniform List<scalar> 0();
    }
    front
    {
        type            empty;
        value           nonuniform List<scalar> 0();
    }
    top
    {
        type            calculated;
        value           nonuniform List<scalar> 10(-4.368e-07 -4.752e-07 -3.6e-07 -2.448e-07 -2.448e-07 -3.6e-07 -4.368e-07 -9.12e-08 -9.12e-08 -4.752e-07);
    }
    outer_arc
    {
        type            calculated;
        value           uniform 0;
    }
    bottom
    {
        type            calculated;
        value           nonuniform List<scalar> 10(8.33743e-07 3.99547e-07 -3.82655e-08 -2.46098e-07 -5.12777e-07 1.08483e-06 -2.93004e-07 1.16244e-06 -1.1466e-07 9.40244e-07);
    }
    inner_arc
    {
        type            calculated;
        value           uniform 0;
    }
}


// ************************************************************************* //
