/*--------------------------------*- C++ -*----------------------------------*\
  =========                 |
  \\      /  F ield         | OpenFOAM: The Open Source CFD Toolbox
   \\    /   O peration     | Website:  https://openfoam.org
    \\  /    A nd           | Version:  9
     \\/     M anipulation  |
\*---------------------------------------------------------------------------*/
FoamFile
{
    format      ascii;
    class       volScalarField;
    location    "0.82";
    object      p;
}
// * * * * * * * * * * * * * * * * * * * * * * * * * * * * * * * * * * * * * //

dimensions      [0 2 -2 0 0 0 0];

internalField   nonuniform List<scalar> 
1655
(
10.8913
10.8795
10.8809
10.8897
10.8848
10.8837
10.8785
10.883
10.8745
10.8848
10.8856
10.8872
10.8836
10.8832
10.8753
10.8795
10.8794
10.8746
10.8781
10.8831
10.8789
10.8744
10.8848
10.885
10.8907
10.8807
10.8794
10.8775
10.8787
10.8793
10.8716
10.8797
10.8822
10.8869
10.8747
10.8861
10.8838
10.88
10.8823
10.8788
10.8789
10.885
10.8827
10.8756
10.8811
10.8893
10.8871
10.8809
10.8847
10.8828
10.8834
10.8787
10.8755
10.8763
10.8755
10.881
10.8791
10.8881
10.886
10.8814
10.8745
10.8809
10.8894
10.8825
10.874
10.8697
10.8797
10.8859
10.8741
10.8852
10.8877
10.8727
10.8792
10.8752
10.8851
10.8808
10.8794
10.8742
10.8791
10.8794
10.874
10.8808
10.8748
10.8751
10.8795
10.8793
10.8853
10.8791
10.8744
10.8797
10.8794
10.8831
10.8775
10.8847
10.8827
10.8787
10.8792
10.8873
10.8827
10.8806
10.8838
10.8759
10.8848
10.8753
10.8738
10.8814
10.8817
10.8793
10.8806
10.8804
10.8815
10.8899
10.8805
10.8795
10.8829
10.8792
10.8824
10.8876
10.8743
10.8746
10.881
10.8854
10.8817
10.879
10.8771
10.8842
10.8829
10.8827
10.8798
10.8797
10.8842
10.8813
10.8825
10.8844
10.8793
10.8777
10.8849
10.8756
10.8791
10.8816
10.8809
10.8795
10.8801
10.8838
10.8754
10.8847
10.8825
10.8811
10.8816
10.8686
10.8738
10.8693
10.8836
10.8806
10.8786
10.8829
10.8743
10.8829
10.8824
10.8745
10.8825
10.8733
10.8764
10.8837
10.8842
10.8858
10.8775
10.8837
10.877
10.8737
10.8784
10.877
10.8816
10.8798
10.8793
10.8807
10.8845
10.8737
10.8797
10.8832
10.8804
10.8773
10.8829
10.8805
10.8809
10.8798
10.8807
10.8798
10.8766
10.8788
10.8812
10.8803
10.8788
10.8731
10.8799
10.8793
10.8775
10.8799
10.8752
10.8795
10.8854
10.8856
10.8827
10.8795
10.8788
10.8789
10.8821
10.8795
10.8799
10.886
10.87
10.87
10.8789
10.8838
10.8832
10.8817
10.8861
10.874
10.862
10.881
10.8809
10.879
10.8824
10.8823
10.8821
10.8801
10.8799
10.8791
10.8531
10.8486
10.8808
10.8433
10.8428
10.8747
10.8818
10.8812
10.8801
10.8808
10.8797
10.8524
10.8801
10.8809
10.8554
10.8792
10.8827
10.8791
10.8656
10.8775
10.8797
10.8816
10.876
10.8792
10.8786
10.8726
10.8817
10.8653
10.8804
10.883
10.8736
10.8825
10.872
10.8795
10.8798
10.8642
10.8789
10.8834
10.8825
10.8831
10.8819
10.8831
10.8735
10.8758
10.8812
10.8795
10.8746
10.8769
10.8646
10.883
10.8759
10.8745
10.8774
10.8836
10.8765
10.8781
10.8776
10.8784
10.8797
10.8813
10.8823
10.876
10.8783
10.8791
10.8829
10.8778
10.8817
10.881
10.8827
10.8566
10.8792
10.88
10.8811
10.8847
10.8846
10.8807
10.8796
10.8767
10.8808
10.8796
10.8822
10.8796
10.8788
10.8739
10.8796
10.8723
10.8829
10.8827
10.879
10.8768
10.8794
10.8806
10.8786
10.883
10.8813
10.8809
10.8811
10.8906
10.8906
10.8834
10.8802
10.8779
10.8819
10.8813
10.8831
10.8794
10.8816
10.8795
10.8785
10.8828
10.88
10.8808
10.8809
10.8804
10.8755
10.8463
10.8796
10.8806
10.8831
10.8808
10.8806
10.8793
10.8849
10.8785
10.8433
10.8813
10.8765
10.8794
10.8802
10.88
10.8827
10.8792
10.8806
10.8822
10.8764
10.8762
10.8818
10.8801
10.88
10.8853
10.882
10.8809
10.8811
10.8816
10.881
10.8797
10.8852
10.8824
10.878
10.8833
10.8809
10.8803
10.8807
10.8751
10.8839
10.8766
10.8805
10.8776
10.8795
10.8835
10.8776
10.8795
10.8791
10.8782
10.8785
10.8791
10.8804
10.8794
10.8792
10.8795
10.8775
10.8823
10.8798
10.8816
10.8749
10.8835
10.8773
10.8814
10.8796
10.878
10.8803
10.8775
10.8851
10.8746
10.8775
10.8774
10.8813
10.872
10.8808
10.8455
10.8779
10.8791
10.8827
10.8752
10.8837
10.8791
10.8788
10.8664
10.8474
10.8802
10.8793
10.8746
10.8803
10.8822
10.8788
10.8849
10.8737
10.873
10.8808
10.8789
10.885
10.8712
10.8798
10.878
10.8777
10.8789
10.8779
10.8731
10.8781
10.8778
10.8775
10.8781
10.8757
10.8534
10.876
10.8768
10.8744
10.8763
10.8813
10.8784
10.8759
10.8824
10.8732
10.8774
10.8743
10.8579
10.8833
10.884
10.8775
10.8786
10.8743
10.8738
10.8737
10.8807
10.8762
10.8774
10.8543
10.8747
10.8758
10.8738
10.8642
10.8848
10.8792
10.8773
10.8714
10.8787
10.8757
10.8754
10.883
10.8839
10.8772
10.8802
10.8538
10.88
10.8699
10.8694
10.8655
10.8747
10.8604
10.8853
10.8723
10.8689
10.8725
10.8772
10.8849
10.863
10.8621
10.8688
10.8805
10.868
10.8609
10.8818
10.8832
10.8673
10.875
10.8763
10.8831
10.8696
10.8604
10.8613
10.8598
10.8646
10.8446
10.8427
10.8736
10.8589
10.8634
10.8578
10.8741
10.8652
10.865
10.8595
10.8776
10.8802
10.8807
10.8854
10.8825
10.8784
10.8848
10.8937
10.8758
10.8905
10.8776
10.8697
10.8803
10.8873
10.8761
10.8839
10.889
10.8814
10.8758
10.8751
10.8923
10.8684
10.8778
10.8721
10.8643
10.8586
10.8843
10.8786
10.8706
10.8798
10.8512
10.8719
10.8627
10.8711
10.8826
10.861
10.8522
10.8784
10.8788
10.8638
10.8763
10.8743
10.8832
10.8746
10.8691
10.856
10.8686
10.8777
10.8551
10.8741
10.8751
10.878
10.8815
10.8637
10.871
10.8806
10.8801
10.8434
10.8713
10.8493
10.8792
10.842
10.8454
10.8518
10.8577
10.8559
10.8748
10.8818
10.8594
10.876
10.8654
10.8697
10.877
10.8819
10.8674
10.8714
10.8841
10.8815
10.8793
10.8815
10.8696
10.8724
10.8803
10.8759
10.882
10.8683
10.8539
10.8744
10.866
10.8608
10.8522
10.8466
10.857
10.8772
10.8539
10.8722
10.8429
10.8441
10.849
10.8723
10.8689
10.8695
10.8562
10.8847
10.8729
10.8629
10.8802
10.8805
10.8732
10.8566
10.8798
10.8865
10.8736
10.8788
10.8761
10.8835
10.8751
10.884
10.8686
10.8782
10.8667
10.8794
10.8555
10.8677
10.8731
10.8856
10.8604
10.872
10.8455
10.8482
10.8709
10.8693
10.8713
10.863
10.8657
10.8737
10.8779
10.8759
10.8809
10.8822
10.8659
10.8578
10.875
10.8767
10.8726
10.8747
10.8729
10.8746
10.8744
10.876
10.8722
10.8705
10.872
10.862
10.8698
10.8529
10.8795
10.8784
10.8693
10.8684
10.8693
10.8724
10.8808
10.8684
10.8784
10.8709
10.8763
10.8714
10.882
10.8808
10.8632
10.8774
10.8805
10.871
10.8781
10.8786
10.8737
10.8489
10.8697
10.8787
10.8577
10.8648
10.862
10.8533
10.8483
10.8772
10.8732
10.8724
10.8695
10.88
10.8673
10.8688
10.8798
10.8673
10.8837
10.8649
10.8715
10.8723
10.8603
10.8729
10.8754
10.8801
10.8755
10.8681
10.8813
10.8732
10.8775
10.8752
10.8692
10.875
10.8535
10.8831
10.8843
10.8703
10.8689
10.8691
10.8727
10.8809
10.8748
10.8735
10.8743
10.8737
10.8791
10.8796
10.8716
10.8755
10.8744
10.8718
10.8742
10.8806
10.8676
10.8671
10.8781
10.8754
10.8795
10.8722
10.8736
10.8633
10.8769
10.878
10.8725
10.8733
10.8745
10.8802
10.8473
10.8623
10.8786
10.8703
10.8681
10.8679
10.874
10.8762
10.8779
10.8747
10.864
10.8664
10.8798
10.8694
10.8705
10.8558
10.8739
10.8759
10.8694
10.8787
10.8802
10.8812
10.8466
10.8775
10.881
10.8727
10.8816
10.8824
10.8813
10.8736
10.8743
10.8512
10.8791
10.8838
10.8771
10.882
10.8502
10.8755
10.8798
10.8821
10.879
10.8778
10.8806
10.8785
10.8815
10.8787
10.8708
10.88
10.8801
10.8838
10.8628
10.8735
10.8778
10.8785
10.8793
10.872
10.8777
10.8805
10.8722
10.8782
10.8713
10.8785
10.8765
10.8782
10.8803
10.88
10.877
10.8706
10.8787
10.8823
10.8813
10.8794
10.8799
10.8731
10.8732
10.879
10.8702
10.8792
10.8786
10.8777
10.8791
10.883
10.8741
10.8789
10.8782
10.8794
10.8825
10.8781
10.8783
10.8792
10.8782
10.8707
10.8834
10.8695
10.8783
10.8777
10.8772
10.8805
10.8841
10.871
10.8756
10.8729
10.877
10.8757
10.8591
10.8798
10.8778
10.8842
10.8806
10.8807
10.8794
10.8676
10.8782
10.87
10.8776
10.8812
10.8838
10.8832
10.8802
10.8712
10.8844
10.8798
10.8826
10.8583
10.8793
10.8826
10.8757
10.8699
10.8773
10.8817
10.8845
10.8791
10.8725
10.8841
10.8765
10.8747
10.8797
10.88
10.8801
10.884
10.8837
10.8796
10.8797
10.8802
10.8767
10.8753
10.8789
10.8843
10.8775
10.8639
10.8798
10.8788
10.8831
10.8759
10.8794
10.8842
10.8813
10.8805
10.8819
10.8837
10.884
10.878
10.8713
10.8721
10.8792
10.8787
10.8772
10.88
10.8809
10.8799
10.8678
10.8801
10.8836
10.8797
10.881
10.8843
10.8839
10.8758
10.8788
10.8797
10.8761
10.8816
10.8783
10.8748
10.8781
10.8787
10.8819
10.8712
10.8801
10.8779
10.8795
10.8805
10.8789
10.8762
10.88
10.8818
10.8793
10.8779
10.8806
10.8733
10.8845
10.8844
10.8827
10.8839
10.8727
10.8787
10.8837
10.8808
10.8811
10.8799
10.8812
10.884
10.8811
10.8801
10.8812
10.8825
10.881
10.8782
10.8847
10.8799
10.8774
10.8808
10.8797
10.8809
10.8789
10.8845
10.8846
10.884
10.8787
10.8847
10.8816
10.8841
10.8773
10.8826
10.8808
10.8807
10.8809
10.8844
10.884
10.8813
10.8789
10.8841
10.8818
10.881
10.8809
10.8804
10.8832
10.8785
10.8791
10.8836
10.8808
10.881
10.8837
10.8808
10.8825
10.8797
10.8692
10.8797
10.8794
10.8806
10.8814
10.8824
10.8774
10.8793
10.8809
10.8847
10.8814
10.8783
10.8773
10.8832
10.8807
10.8812
10.8803
10.8833
10.8809
10.881
10.88
10.8814
10.8814
10.8807
10.8792
10.8752
10.8813
10.8829
10.8793
10.8752
10.8734
10.8807
10.8784
10.8809
10.88
10.8823
10.881
10.8844
10.8828
10.8832
10.8825
10.8812
10.8812
10.883
10.883
10.883
10.8826
10.879
10.879
10.8798
10.8765
10.8793
10.8835
10.8828
10.8787
10.8789
10.8824
10.8794
10.8736
10.8821
10.8794
10.879
10.8831
10.8829
10.8805
10.8827
10.8786
10.883
10.8739
10.8813
10.8798
10.8839
10.8814
10.8803
10.8756
10.8821
10.8835
10.8789
10.88
10.8814
10.8833
10.8722
10.8832
10.8804
10.884
10.8825
10.8805
10.8825
10.8784
10.8809
10.8727
10.8802
10.8736
10.8734
10.8808
10.8786
10.8814
10.8477
10.8556
10.8834
10.8831
10.8797
10.8795
10.8828
10.8797
10.8787
10.8804
10.8829
10.8552
10.8818
10.8809
10.8486
10.8791
10.8808
10.883
10.8832
10.8816
10.8825
10.8732
10.8414
10.8423
10.8833
10.8804
10.8795
10.8797
10.8828
10.8807
10.8827
10.8811
10.8795
10.8829
10.8462
10.8486
10.8784
10.8806
10.8827
10.8538
10.8457
10.8858
10.8832
10.8822
10.881
10.8817
10.8554
10.8823
10.8799
10.8794
10.8817
10.8721
10.8823
10.8819
10.8818
10.8795
10.8736
10.8819
10.8792
10.8765
10.8801
10.879
10.8817
10.8794
10.8771
10.8775
10.8817
10.879
10.8792
10.8732
10.8815
10.8822
10.8832
10.8823
10.8724
10.885
10.879
10.88
10.8791
10.8842
10.8797
10.8791
10.8831
10.8741
10.8713
10.8792
10.877
10.8785
10.8791
10.8791
10.8759
10.8513
10.8804
10.8828
10.882
10.8822
10.8528
10.8795
10.8846
10.8731
10.8412
10.861
10.8803
10.8821
10.8789
10.8839
10.8844
10.8485
10.8841
10.876
10.8791
10.8791
10.8792
10.875
10.8841
10.8492
10.8834
10.8846
10.8794
10.8844
10.8794
10.8788
10.8793
10.8863
10.8789
10.8612
10.8808
10.8722
10.8733
10.8692
10.876
10.8818
10.8794
10.8791
10.8773
10.8796
10.8788
10.8793
10.876
10.8782
10.8782
10.8808
10.8781
10.8845
10.8794
10.8827
10.8841
10.8791
10.8832
10.8743
10.8804
10.886
10.8793
10.8864
10.8793
10.8793
10.8825
10.8843
10.8849
10.8749
10.8637
10.8793
10.8769
10.8791
10.8766
10.874
10.8805
10.8753
10.8872
10.8751
10.8794
10.8735
10.8733
10.8803
10.8746
10.8723
10.8826
10.8846
10.8847
10.8793
10.885
10.8753
10.8851
10.8811
10.8795
10.885
10.8819
10.8801
10.882
10.8802
10.8765
10.8827
10.8835
10.8787
10.8788
10.8732
10.8717
10.8689
10.8783
10.8769
10.8815
10.8741
10.876
10.8824
10.8737
10.8738
10.8827
10.8706
10.8731
10.877
10.8751
10.894
10.8821
10.883
10.8751
10.8919
10.8783
10.8809
10.8837
10.8796
10.8906
10.8747
10.8901
10.8766
10.8755
10.8941
10.8815
10.8833
10.8749
10.8922
10.8907
10.8791
10.8811
10.8799
10.8679
10.8794
10.8853
10.8853
10.8789
10.8798
10.8796
10.879
10.883
10.88
10.8665
10.8797
10.8827
10.8869
10.8786
10.8827
10.8807
10.8875
10.8762
10.8853
10.8755
10.8807
10.8788
10.8797
10.8802
10.8887
10.8832
10.881
10.8738
10.8848
10.877
10.88
10.8817
10.8682
10.8831
10.8771
10.8738
10.8851
10.8831
10.8798
10.8813
10.8746
10.8812
10.8813
10.876
10.8934
10.8736
10.8847
10.8815
10.8892
10.8809
10.88
10.8793
10.8802
10.8816
10.8846
10.8812
10.8841
10.8752
10.8907
10.8814
10.8829
10.8809
10.8844
10.8847
10.8812
10.881
10.885
10.8826
10.8863
10.8787
10.8765
10.8814
10.881
10.8872
10.8806
10.8867
10.8775
10.8739
10.8733
10.8824
10.8812
10.8821
10.8823
10.8768
10.8734
10.8803
10.8796
10.8796
10.8746
10.8796
10.8734
10.8794
10.883
10.8719
10.8845
10.8762
10.88
10.8844
10.8769
10.8849
10.8841
10.8831
10.8841
10.8771
10.8794
10.8716
10.8828
10.8849
10.8831
10.8854
10.8847
10.8804
10.8843
10.8824
10.8831
10.881
10.8902
10.8741
10.8807
10.8848
10.8798
10.8756
10.8849
10.8744
10.8824
10.8746
10.8792
10.8821
10.8784
10.8831
10.8789
10.8851
10.8851
10.8852
10.8849
10.8845
10.8849
10.885
10.8848
10.8849
10.8844
10.8824
10.8737
10.8758
10.8849
10.8792
10.8861
10.8873
10.8798
10.8744
10.8904
10.8845
10.8705
10.8816
10.883
10.8778
10.8772
10.886
10.8805
10.8847
10.8799
10.8762
10.878
10.881
10.8812
10.8757
10.8839
10.8807
10.8863
10.8771
10.8744
10.8812
10.8798
10.8757
10.8731
10.8865
10.8829
10.8765
10.8843
10.8768
10.8799
10.8793
10.8847
10.8841
10.8899
10.8819
10.883
10.8802
10.8772
10.876
10.885
10.8813
10.8819
10.866
10.881
10.8843
10.8831
10.8846
10.8804
10.8796
10.8876
10.8748
10.884
10.8817
10.8741
10.8877
10.8925
10.8845
10.8831
10.88
10.8848
10.8866
10.8822
10.88
10.8852
10.8757
10.8809
10.8843
10.8734
10.8801
10.864
10.8845
10.882
10.8831
10.8756
10.8741
10.8853
10.8765
10.886
10.8858
10.8811
10.8835
10.8707
10.8829
10.8836
10.8794
10.8817
10.8732
10.8815
10.8825
10.8738
10.885
10.8809
10.8821
10.8767
10.8748
10.882
10.8819
10.8757
10.8805
10.8818
10.8749
10.8781
10.8831
10.877
10.8831
10.8849
10.8804
10.8737
10.8767
10.8812
10.883
10.8791
10.8851
10.8846
10.8832
10.8843
10.8868
10.8858
10.8836
10.8848
10.8843
10.8823
10.8743
10.878
10.8831
10.8861
10.8803
10.8831
10.8755
10.8741
10.8831
10.8851
10.8761
10.8801
10.882
10.8817
10.8748
10.8808
10.8807
10.8811
10.8851
10.8745
)
;

boundaryField
{
    back
    {
        type            empty;
    }
    front
    {
        type            empty;
    }
    top
    {
        type            zeroGradient;
    }
    outer_arc
    {
        type            zeroGradient;
    }
    bottom
    {
        type            uniformFixedValue;
        uniformValue    
        {
            type            table;
            format          csv;
            file            "outlet_p.csv";
            nHeaderLine     1;
            refColumn       0;
            componentColumns List<label> 1(1);
            separator       ",";
            mergeSeparators 0;
        }
        value           uniform 10.8732;
    }
    inner_arc
    {
        type            zeroGradient;
    }
}


// ************************************************************************* //
