/*--------------------------------*- C++ -*----------------------------------*\
  =========                 |
  \\      /  F ield         | OpenFOAM: The Open Source CFD Toolbox
   \\    /   O peration     | Website:  https://openfoam.org
    \\  /    A nd           | Version:  9
     \\/     M anipulation  |
\*---------------------------------------------------------------------------*/
FoamFile
{
    format      ascii;
    class       volVectorField;
    location    "0.22";
    object      U;
}
// * * * * * * * * * * * * * * * * * * * * * * * * * * * * * * * * * * * * * //

dimensions      [0 1 -1 0 0 0 0];

internalField   nonuniform List<vector> 
1655
(
(0.201025 -0.130258 -5.15049e-18)
(0.0461368 -0.0753626 3.42813e-17)
(0.318893 0.0662443 2.73942e-17)
(0.156712 -0.0351352 -1.65413e-17)
(0.147013 0.203121 0)
(0.193988 0.13669 1.03629e-17)
(0.295221 0.0480724 0)
(0.0611897 0.262872 -1.85274e-17)
(0.0874472 0.327817 0)
(0.148395 0.195543 -9.00399e-18)
(0.246503 -0.113379 4.10793e-17)
(0.240153 -0.118727 -4.04813e-17)
(0.0456215 0.165481 -3.0965e-21)
(0.0226579 -0.168713 -2.14477e-17)
(0.152758 0.272289 2.1025e-17)
(0.10068 -0.124821 0)
(0.0736694 -0.0311178 3.7226e-17)
(0.160255 0.317451 1.09325e-17)
(0.223066 0.0931266 -4.13012e-17)
(0.0179045 -0.1245 -1.19433e-17)
(0.0773429 -0.18561 4.82209e-18)
(0.0811872 0.343274 0)
(0.111071 0.239811 -2.22818e-17)
(0.108048 0.229883 1.03418e-17)
(0.213433 -0.134229 -6.44897e-18)
(0.0680569 -0.0347658 -4.40924e-17)
(0.0685316 -0.0974971 -1.91526e-17)
(0.0698952 0.33056 -2.21559e-17)
(0.0656156 0.328422 2.97922e-17)
(0.0155899 -0.163832 -2.12822e-17)
(0.241469 0.00889276 5.35403e-17)
(0.354594 0.0804696 -5.63809e-18)
(0.0336361 -0.406917 -7.74376e-18)
(0.327205 0.143127 0)
(0.164726 0.317595 0)
(0.328413 0.161043 0)
(0.198224 0.144885 -2.77071e-17)
(0.0691042 -0.11221 0)
(0.0260236 -0.394471 -1.05809e-17)
(0.0782938 -0.115524 -3.70052e-17)
(0.058414 -0.136356 2.07559e-17)
(0.121689 0.228705 1.8004e-17)
(0.0248341 -0.358395 -1.11183e-17)
(0.233747 0.0741678 3.27097e-17)
(0.0651958 -0.159572 0)
(0.228667 -0.0527173 0)
(0.224022 -0.0375621 5.14215e-17)
(0.0557787 -0.128809 0)
(0.175508 0.169006 2.00493e-17)
(0.0264885 -0.340179 2.70552e-18)
(0.205185 0.138354 3.08376e-17)
(0.344098 0.064425 -2.03163e-17)
(0.0927948 0.164747 -2.27292e-17)
(0.0867012 0.321709 1.98229e-17)
(0.132915 0.312631 -2.54505e-17)
(0.242596 0.315608 0)
(0.0235271 -0.0452842 -1.01182e-17)
(0.234296 -0.102514 0)
(0.271816 -0.073011 0)
(0.226668 0.283587 2.16643e-17)
(0.229781 0.0123322 -5.34059e-17)
(0.211462 0.11044 0)
(0.202113 -0.140545 0)
(0.0738377 0.287964 -5.11091e-18)
(0.261535 0.0555783 0)
(0.281424 0.014066 0)
(0.277679 0.00972144 4.76914e-17)
(0.252384 -0.0959854 -2.36186e-17)
(0.173562 0.331145 0)
(0.114019 0.220944 -2.05839e-17)
(0.233798 -0.0936341 2.62124e-17)
(0.301349 0.0303992 -1.2501e-18)
(0.060366 -0.23637 -1.32039e-18)
(0.190773 0.32336 1.91174e-17)
(0.2718 0.0849269 -2.45794e-17)
(0.0497542 -0.15599 1.17096e-17)
(0.0603032 0.306286 -6.77311e-18)
(0.179016 0.332027 0)
(0.0494107 -0.101893 0)
(0.0278632 -0.16805 0)
(0.260189 0.0492778 2.61311e-17)
(0.0428008 -0.133777 -1.19055e-17)
(0.132926 0.31799 2.59985e-17)
(0.245628 0.0734814 1.3141e-17)
(0.041093 -0.261018 0)
(0.221491 0.322371 0)
(0.281941 0.0847574 -1.47685e-17)
(0.0591932 -0.204886 0)
(0.133322 -0.155702 -1.03258e-17)
(0.242295 0.310787 0)
(0.233924 0.308177 0)
(0.319408 0.0787724 1.27299e-17)
(0.235682 0.0940469 2.52074e-17)
(0.174156 0.161033 0)
(0.0120613 -0.0617767 0)
(0.229471 0.101614 4.19539e-17)
(0.260474 0.0113162 -4.05204e-17)
(0.258807 -0.0756143 0)
(0.352207 0.0975655 -1.20438e-17)
(0.0482914 -0.446306 2.52894e-17)
(0.308489 0.0843854 -8.10768e-17)
(0.248045 0.0294915 -2.66336e-17)
(0.172205 0.172376 -2.61543e-17)
(0.260702 0.0357821 2.80209e-17)
(0.147445 0.323107 0)
(0.216897 0.118955 -1.61118e-18)
(0.0947488 0.280522 -2.25403e-17)
(0.00520196 -0.118739 0)
(0.0336711 -0.445395 0)
(0.257904 0.304699 -2.23084e-17)
(0.0181829 -0.451228 1.78527e-17)
(0.227166 -0.116011 2.09677e-17)
(0.264812 0.297828 1.35568e-17)
(0.0518637 -0.301088 2.34945e-17)
(0.106621 0.264338 2.14335e-17)
(0.223392 0.313911 -1.33085e-17)
(0.097313 0.274425 -2.29106e-17)
(0.270647 -0.0634272 0)
(0.141499 -0.158164 2.04604e-17)
(0.147307 0.319903 -4.49599e-17)
(0.27369 0.286369 -3.89137e-17)
(0.28856 0.117247 3.98012e-17)
(0.258518 0.0447653 -3.16561e-17)
(0.284767 -0.00297974 2.96511e-17)
(0.270676 0.0213873 1.0386e-17)
(0.0926513 0.265327 0)
(0.0212355 -0.297449 -2.56321e-17)
(0.0234468 -0.122522 2.34473e-17)
(0.10265 -0.111555 -3.21385e-18)
(0.0262297 -0.356295 -3.04685e-18)
(0.190855 0.157037 5.92304e-18)
(0.017635 -0.455877 3.14456e-17)
(0.0821377 0.287842 1.97691e-17)
(0.0954814 0.255917 2.07957e-17)
(-0.000762163 -0.0336062 0)
(0.111596 -0.160689 0)
(0.138156 0.210044 -1.21089e-17)
(0.0831004 0.144399 2.06302e-17)
(0.00795564 -0.0166871 1.10485e-17)
(0.27341 0.00147544 -1.07882e-17)
(0.14723 0.18569 1.41242e-17)
(0.0345912 -0.0418075 1.979e-17)
(0.0378917 -0.0368253 0)
(0.279085 0.139848 0)
(0.0905346 -0.0303689 -1.23237e-17)
(0.261534 0.0955283 0)
(0.279878 0.179488 -4.20659e-17)
(0.258153 0.26524 3.37832e-17)
(0.265949 0.220997 2.17508e-17)
(0.154744 -0.0109463 0)
(0.185819 0.00627215 2.09654e-17)
(0.118948 -0.0224258 -1.13485e-17)
(0.247561 0.0633602 2.18227e-17)
(0.225025 0.0343518 1.9047e-17)
(0.214008 0.323778 0)
(0.0169608 -0.279849 4.12439e-17)
(0.246812 0.0552058 2.66427e-18)
(0.307299 0.197114 1.10355e-17)
(0.104114 0.270744 0)
(0.253305 0.0444684 -2.84222e-17)
(0.298425 0.206146 3.16877e-17)
(0.197014 -0.199881 0)
(0.0954307 0.316165 -1.29587e-21)
(0.307664 0.179638 0)
(0.292234 0.15419 0)
(0.262835 -0.0851435 -1.09353e-17)
(0.0778969 0.319049 0)
(0.102308 0.259563 -4.32145e-17)
(0.248724 0.0220127 6.56094e-18)
(0.187886 0.341776 0)
(0.140351 -0.0711515 0)
(0.128743 0.30296 0)
(0.288959 0.240159 1.30115e-17)
(0.0986518 0.292486 2.27678e-17)
(0.0409264 -0.223596 1.37915e-18)
(0.100239 0.285353 2.26864e-17)
(0.18562 0.160654 5.94394e-18)
(0.18881 0.336152 0)
(0.0741862 -0.363882 -2.42848e-17)
(0.013562 -0.124706 1.95105e-17)
(0.235378 0.318885 2.73991e-17)
(0.135259 0.300846 1.76439e-17)
(0.200764 0.127664 -3.76898e-17)
(0.280075 -0.00439886 -6.47449e-18)
(0.081579 -0.156493 -1.24975e-17)
(0.100879 -0.394393 0)
(0.0575779 -0.151162 0)
(0.0828095 -0.389327 0)
(0.157385 0.309702 0)
(0.13642 0.294839 -1.71584e-17)
(0.0735693 -0.155112 -2.24805e-17)
(0.222939 0.111575 0)
(0.156231 0.300888 -2.29041e-17)
(0.346593 0.0471068 2.86373e-17)
(0.126176 -0.415612 0)
(0.0031063 -0.0631825 -1.41148e-17)
(0.154574 0.305711 0)
(0.10864 -0.413316 0)
(0.115669 -0.133229 2.68782e-17)
(0.142868 0.293268 0)
(0.284522 -0.0260748 1.47526e-17)
(0.27168 -0.0224512 -6.63262e-18)
(0.274746 0.066593 2.41434e-17)
(0.261218 0.036709 5.39498e-17)
(0.241285 0.28751 -2.03283e-17)
(0.102819 -0.202629 1.62671e-17)
(0.0638327 -0.405521 0)
(0.161925 0.299853 0)
(0.0344859 -0.381485 7.19148e-17)
(0.314312 0.12622 0)
(0.379649 0.0568144 3.85056e-17)
(0.365741 0.0465559 -1.06226e-17)
(0.100945 -0.153229 0)
(0.0953412 0.265704 2.25895e-17)
(0.0201229 -0.150361 -2.31162e-18)
(0.28434 -0.00386716 5.0247e-17)
(0.319415 0.16303 -1.247e-17)
(0.172295 -0.180225 0)
(0.381622 0.0259932 2.19072e-17)
(0.144554 0.287226 0)
(0.0500122 -0.129978 0)
(0.079258 -0.218587 -4.69341e-17)
(0.0430411 -0.397567 3.27079e-17)
(0.142232 0.275866 2.29614e-17)
(0.0535877 -0.411698 -2.3569e-17)
(0.147924 -0.426585 2.26523e-17)
(0.160488 -0.416195 -2.25891e-17)
(0.235635 0.295741 0)
(0.381355 -0.00697204 2.77951e-17)
(0.384767 -0.0258519 2.22748e-17)
(0.106617 -0.328834 0)
(0.377527 -0.0770656 -2.7872e-17)
(0.381556 -0.0968285 2.78358e-17)
(0.176904 0.324452 -4.38958e-17)
(0.0763795 -0.417805 -2.32756e-17)
(0.104422 -0.345655 2.29276e-17)
(0.13204 -0.427372 0)
(0.164313 0.294857 0)
(0.154832 -0.403316 2.81608e-17)
(0.370549 -0.150884 2.22724e-17)
(0.229206 0.325569 -2.11567e-17)
(0.0701139 -0.134017 4.11653e-17)
(0.373044 -0.17016 -2.7824e-17)
(0.0103649 -0.0544938 1.97416e-17)
(0.149042 0.274628 5.74654e-18)
(0.0421036 -0.147969 -2.90605e-17)
(0.20151 -0.0236053 1.72579e-17)
(0.0961413 0.308549 0)
(0.137063 -0.401148 -5.64428e-18)
(0.140259 0.282226 0)
(0.241851 0.0833483 -1.86563e-17)
(0.0252735 -0.12696 4.66528e-18)
(0.22277 0.258529 -2.25322e-17)
(0.371288 0.0608203 -1.60727e-17)
(0.0863143 -0.410095 2.28997e-17)
(0.38234 0.0390672 -2.74816e-17)
(0.0718674 -0.436642 -2.33688e-17)
(0.151319 0.268157 -5.72376e-18)
(0.182786 0.323279 3.03156e-17)
(0.0446802 -0.3694 2.16721e-17)
(0.219368 -0.24887 1.69481e-17)
(0.0808756 -0.339914 2.32841e-17)
(0.176007 -0.414611 2.25126e-17)
(0.370306 0.0283963 2.2093e-17)
(0.218651 0.267597 2.25932e-17)
(0.116674 0.255614 2.28744e-17)
(0.0528529 -0.360196 0)
(0.0179242 -0.220297 -3.21623e-17)
(0.0524689 -0.42966 1.22777e-17)
(0.0268563 -0.232962 0)
(0.0548637 0.0856223 -2.46142e-17)
(0.169462 0.311898 1.73008e-17)
(0.0638366 -0.133582 1.20869e-17)
(0.0999434 -0.347366 0)
(0.183567 0.328712 1.73019e-21)
(0.170496 0.307128 -1.74135e-17)
(0.202136 -0.0301281 0)
(0.158281 0.267066 2.86238e-17)
(0.148363 0.311629 -2.86713e-17)
(0.272083 -0.296874 5.53704e-18)
(0.145643 0.303394 2.33823e-17)
(0.125916 0.247881 5.74008e-18)
(0.177174 0.309748 2.30979e-17)
(0.134246 0.233562 2.05458e-17)
(0.185768 0.311896 -3.83193e-17)
(0.169542 0.303306 -2.31804e-17)
(0.15302 0.296614 2.30636e-17)
(0.046897 -0.450054 2.03924e-17)
(0.063824 -0.379501 0)
(0.163249 0.310092 0)
(0.164292 0.303912 2.26797e-17)
(0.0375516 -0.117215 2.23554e-17)
(0.0408365 -0.299537 4.79159e-17)
(0.123867 0.298583 0)
(0.161288 0.290144 -2.30377e-17)
(0.112519 -0.436664 5.72687e-18)
(0.0371527 0.167124 0)
(0.384572 0.00756345 -3.87647e-17)
(0.00568092 -0.0197472 -2.29139e-17)
(0.0581246 -0.403631 -5.63624e-17)
(0.0709841 -0.449614 -2.37118e-17)
(0.147984 0.139123 0)
(0.0964458 0.0822742 3.54157e-17)
(0.138089 -0.430892 -5.69586e-18)
(0.189128 -0.403424 -4.49988e-17)
(0.149097 0.307099 -2.45122e-17)
(0.0968889 -0.446184 -5.75648e-18)
(0.128674 -0.380784 5.63975e-18)
(0.170614 0.283848 -5.73756e-18)
(0.203936 -0.400925 -2.23971e-17)
(0.178319 0.299407 0)
(0.14432 -0.0510977 1.23313e-17)
(0.109634 -0.375349 -5.67697e-18)
(0.242478 -0.265965 -5.64499e-18)
(0.114317 0.262229 0)
(0.16381 0.284412 0)
(0.0214789 -0.0465564 -2.28991e-17)
(0.139829 0.305056 -2.30194e-17)
(0.217486 -0.389145 7.311e-21)
(0.0773697 -0.444751 2.47632e-17)
(0.146894 0.297888 0)
(0.0371326 -0.255704 -2.42289e-17)
(0.0604195 -0.448536 3.1304e-18)
(0.124104 -0.430176 -5.71155e-18)
(0.0848216 -0.447472 -2.31117e-17)
(0.214506 -0.0614103 3.28614e-17)
(0.128858 -0.0433811 1.12784e-17)
(0.123642 0.254613 -2.89084e-17)
(0.0815159 -0.424648 0)
(0.228526 0.240276 -2.25177e-17)
(0.0844692 -0.386061 0)
(0.154943 0.291037 2.301e-17)
(0.00823954 -0.0332686 1.04906e-17)
(0.137895 -0.362064 -2.27503e-17)
(0.173643 0.28923 2.29441e-17)
(0.166197 -0.388554 -1.69488e-17)
(0.219649 0.242389 1.69223e-17)
(0.0518281 -0.326482 -2.39449e-17)
(0.178335 -0.419785 0)
(0.170496 0.294395 0)
(0.0667359 -0.450987 2.44354e-17)
(0.163609 -0.422136 2.26604e-17)
(0.18249 0.322194 0)
(0.379826 -0.0414031 -2.77683e-17)
(0.110047 0.164775 0)
(0.148925 -0.423312 -3.97529e-17)
(0.0278164 -0.220046 0)
(0.11096 -0.4432 5.73268e-18)
(0.0926351 -0.444798 0)
(0.106471 -0.32439 0)
(0.0505428 0.138491 0)
(0.234643 0.276278 2.23352e-17)
(0.383708 -0.0607225 0)
(0.0874046 -0.439257 2.30755e-17)
(0.116311 0.307748 0)
(0.231047 -0.38544 0)
(0.164189 -0.426232 0)
(0.190512 -0.413948 -7.18096e-21)
(0.169719 0.271863 -2.28638e-17)
(0.225579 -0.361151 2.80477e-17)
(0.186128 0.270021 -1.95154e-17)
(0.0714644 -0.36992 0)
(0.109127 0.31068 -6.14162e-18)
(0.303076 -0.306252 2.21934e-17)
(0.00689856 -0.0329728 2.39936e-17)
(0.207672 0.318922 -1.96886e-17)
(0.0745457 -0.407566 5.93033e-18)
(0.0558611 0.12869 -2.27704e-17)
(0.151114 0.286039 0)
(0.146582 -0.379323 0)
(0.0273387 -0.0516224 0)
(0.0755135 -0.433988 2.30954e-17)
(0.0164443 -0.044605 0)
(0.21587 -0.399265 0)
(0.064677 0.119269 0)
(0.173728 0.277704 5.71419e-18)
(0.233315 0.211778 1.68928e-17)
(0.0935756 0.272283 -1.68395e-21)
(0.122013 -0.342844 5.68566e-18)
(0.151043 -0.430963 -2.26855e-17)
(0.0954814 -0.291102 -5.8607e-18)
(0.298825 -0.292037 0)
(0.111763 0.250545 -2.37482e-17)
(0.291163 -0.317587 -2.77064e-17)
(0.123752 -0.439782 -5.69918e-18)
(0.117049 0.300923 0)
(0.230626 -0.390769 0)
(0.162604 0.27264 -2.67249e-21)
(0.179897 0.304743 0)
(0.183973 -0.390245 -5.62201e-18)
(0.077164 -0.12377 2.16239e-17)
(0.240191 0.265339 -2.23677e-17)
(0.225123 0.215102 -2.25417e-17)
(0.125174 0.292021 0)
(0.173349 -0.413341 0)
(0.239492 -0.382199 -2.22608e-17)
(0.244849 -0.373233 2.22611e-17)
(0.172327 0.299196 0)
(0.103384 0.305778 0)
(0.211535 0.172516 0)
(0.205073 -0.406412 -2.2418e-17)
(0.0666974 -0.266929 4.78588e-17)
(0.308912 -0.280363 5.5436e-18)
(0.132731 0.246794 -2.86576e-17)
(0.248489 0.233383 -5.60754e-18)
(0.0993329 -0.419143 -2.29716e-17)
(0.131884 0.29014 2.3109e-17)
(0.250982 0.264357 -2.80435e-17)
(0.0301005 -0.0550292 0)
(0.24153 0.216903 0)
(0.0818083 0.10665 0)
(0.331129 -0.26513 5.53682e-18)
(0.291424 -0.330478 5.55895e-18)
(0.239905 0.227364 0)
(0.108683 -0.410229 0)
(0.349528 -0.243158 -2.21345e-17)
(0.133541 0.283737 0)
(0.374596 -0.113746 0)
(0.278092 -0.34123 -1.67058e-17)
(0.254198 -0.372862 2.22388e-17)
(0.211064 0.164441 2.25944e-17)
(0.322058 -0.278907 -5.53554e-18)
(0.330576 0.192988 5.60518e-18)
(0.25655 -0.368091 0)
(0.252562 -0.35959 2.22884e-17)
(0.209824 -0.0513434 -1.43774e-17)
(0.37818 -0.133576 0)
(0.188502 -0.410535 1.69069e-17)
(0.157685 -0.367667 2.27043e-17)
(0.314072 0.134377 2.7956e-17)
(0.12005 -0.436666 0)
(0.330583 0.192493 -5.97987e-21)
(0.260547 -0.362823 0)
(0.157191 0.187121 -7.40626e-18)
(0.341519 -0.258505 1.66068e-17)
(0.319095 -0.22548 -1.66836e-17)
(0.149888 -0.363758 2.26873e-17)
(0.253618 0.28765 9.62927e-18)
(0.0861863 0.096692 0)
(0.344123 -0.233316 0)
(0.0131416 -0.0177242 1.99704e-17)
(0.315443 -0.305014 0)
(0.254665 0.252315 2.80136e-17)
(0.270337 -0.355499 0)
(0.29879 -0.327308 0)
(0.3308 -0.238869 -2.77385e-17)
(0.30283 0.163051 2.23557e-17)
(0.23098 0.230316 0)
(0.311085 0.155165 -4.55463e-21)
(0.232436 0.257292 2.24173e-17)
(0.327159 0.135777 -5.58528e-18)
(0.351752 -0.0969518 -2.23357e-17)
(0.346965 0.124681 -5.56671e-18)
(0.313343 -0.303932 5.53273e-18)
(0.334112 0.125269 -4.46423e-17)
(0.331614 -0.282521 2.76545e-17)
(0.225673 0.1717 0)
(0.292928 -0.335697 0)
(0.306788 0.143098 0)
(0.327818 0.201148 0)
(0.273001 -0.269879 -5.56355e-18)
(0.327187 -0.289589 -5.53135e-18)
(0.283037 -0.287745 5.55483e-18)
(0.332767 -0.0933678 -2.2404e-17)
(0.204226 0.161604 -2.26248e-17)
(0.10629 0.254414 4.56587e-17)
(0.311352 -0.313912 -5.53295e-18)
(0.279497 -0.348767 0)
(0.346109 -0.254989 5.5767e-18)
(0.28196 -0.260426 0)
(0.267939 -0.241709 -2.2332e-17)
(0.12287 -0.324596 1.70207e-17)
(0.324403 -0.290291 5.53487e-18)
(0.245884 0.244676 5.60727e-18)
(0.352631 -0.0705939 2.23684e-17)
(0.274602 -0.232143 -5.57905e-18)
(0.257155 -0.213231 -3.91493e-17)
(0.306739 -0.198227 -1.67295e-17)
(0.365746 -0.205495 1.67072e-17)
(0.340685 0.173079 -1.06682e-17)
(0.241837 -0.360797 -2.79757e-17)
(0.250288 0.213021 0)
(0.35553 -0.238337 -5.52934e-18)
(0.350291 0.134971 5.56901e-18)
(0.283649 -0.209179 -5.5808e-18)
(0.341874 -0.267087 -1.65872e-17)
(0.337266 0.17987 -2.21187e-17)
(0.35185 0.153021 0)
(0.258227 0.230022 0)
(0.210232 -0.374327 -5.61859e-18)
(0.35965 -0.0555615 -5.04151e-17)
(0.319378 0.179447 -2.2292e-17)
(0.357201 -0.232305 5.53307e-18)
(0.302011 0.0660716 -5.61222e-18)
(0.302397 -0.0987911 -2.24484e-17)
(0.300717 -0.22555 5.56768e-18)
(0.263694 -0.0439318 -3.18063e-19)
(0.344627 0.156867 0)
(0.323 -0.212146 1.6679e-17)
(0.309861 0.0738262 2.80311e-17)
(0.304168 -0.0471677 0)
(0.261339 -0.203747 2.23667e-17)
(0.334629 0.17685 1.12113e-17)
(0.326115 -0.0584199 2.80518e-17)
(0.263421 -0.0760448 0)
(0.302532 -0.0676586 1.68547e-17)
(0.358691 0.130413 -2.22895e-17)
(0.31028 -0.0569856 -5.62651e-18)
(0.321147 -0.104453 2.13447e-22)
(0.345501 0.157932 -1.66992e-17)
(0.178278 0.196308 1.70677e-17)
(0.297885 -0.0876793 -2.8062e-17)
(0.267485 0.120335 -5.62232e-18)
(0.286281 -0.197649 -5.58272e-18)
(0.355748 0.137084 0)
(0.304238 0.0557902 2.24462e-17)
(0.325235 -0.0816698 0)
(0.338074 -0.146933 1.67211e-17)
(0.28334 -0.0285776 2.02178e-17)
(0.293427 -0.000958841 0)
(0.392223 -0.0472276 -2.23206e-17)
(0.38871 -0.116532 0)
(0.244919 -0.230791 4.49081e-17)
(0.334417 -0.0693184 0)
(0.270372 -0.0153803 -2.15854e-17)
(0.375416 -0.184895 2.77087e-17)
(0.29092 -0.0646174 -1.69799e-17)
(0.307856 -0.0781822 -4.19934e-22)
(0.318341 -0.138318 5.59109e-18)
(0.3862 0.0164359 -2.78198e-17)
(0.292971 -0.045971 2.26745e-17)
(0.327754 0.170155 2.2294e-17)
(0.0752188 -0.0702952 -1.26721e-17)
(0.129901 -0.00850616 2.14941e-17)
(0.107306 0.0623067 1.42461e-18)
(0.0473265 -0.0666351 2.71234e-18)
(0.0984405 0.0933187 -6.47715e-22)
(0.114435 -0.0625217 -4.61899e-17)
(0.11937 0.0161746 0)
(0.13795 -0.0397379 -1.99896e-17)
(0.118402 0.0436454 -3.35077e-17)
(0.333484 0.0307239 -5.8368e-17)
(0.113052 0.0530548 -2.27498e-17)
(0.129562 -0.0180893 0)
(0.0644596 -0.0720124 3.33466e-17)
(0.101979 0.0727571 2.28936e-17)
(0.0919225 -0.0691364 2.48069e-17)
(0.134378 -0.00183728 0)
(0.28775 -0.171783 1.67837e-17)
(0.120746 0.0279204 -3.53005e-17)
(0.109196 -0.0467113 0)
(0.293784 -0.117809 -5.60887e-18)
(0.0350387 -0.0141264 0)
(0.285646 -0.0828846 -1.68744e-17)
(0.313434 -0.12581 5.59303e-18)
(0.283074 -0.0612522 0)
(0.174638 0.0608856 0)
(0.266202 -0.181654 5.59803e-18)
(0.2957 0.0494562 -2.24749e-17)
(0.344056 0.14785 -5.56855e-18)
(0.360905 -0.0827855 1.67776e-17)
(0.278253 0.0472781 -3.94021e-17)
(0.36941 -0.201851 5.57806e-18)
(0.376852 0.0675697 -1.65366e-17)
(0.216246 0.152172 0)
(0.324625 -0.00131033 -3.48972e-21)
(0.35827 -0.110157 2.79169e-17)
(0.274805 -0.352725 -5.54781e-18)
(0.363085 0.115098 5.08353e-21)
(0.384812 0.0343549 -1.66067e-17)
(0.232466 -0.202697 -5.6654e-18)
(0.352615 0.111565 4.45704e-17)
(0.190597 0.0954705 2.05227e-17)
(0.263479 0.111922 5.06238e-17)
(0.376262 0.0612232 -2.77128e-17)
(0.34697 -0.122774 -1.67329e-17)
(0.290215 -0.10655 2.80485e-17)
(0.265712 0.249796 -4.47968e-17)
(0.318384 -0.0332206 2.24193e-17)
(0.300411 -0.265121 -2.77743e-17)
(0.284319 -0.073104 2.25643e-17)
(0.288239 -0.0554624 -6.51141e-22)
(0.219021 0.175974 0)
(0.341699 0.0152586 3.78573e-17)
(0.286333 0.0527886 1.68663e-17)
(0.28916 -0.0373446 2.29408e-17)
(0.366351 0.106323 4.38689e-17)
(0.388041 -0.115423 2.22928e-17)
(0.31505 0.0180435 5.61519e-18)
(0.381997 -0.148441 -1.67001e-17)
(0.266614 -0.170905 -2.23966e-17)
(0.391152 -0.0819575 5.5801e-18)
(0.391449 -0.0489899 0)
(0.388697 -0.0174911 -5.58482e-18)
(0.372865 -0.179916 -5.55272e-18)
(0.334397 -0.0175511 -2.23901e-17)
(0.227253 -0.21039 4.48914e-17)
(0.178162 0.149148 -2.0795e-17)
(0.382552 0.0117456 -1.67479e-17)
(0.363075 0.107484 -2.22693e-17)
(0.372697 0.0377768 -1.6734e-17)
(0.0918727 -0.0097455 5.68018e-18)
(0.367899 0.0781952 1.61591e-17)
(0.339216 0.170713 2.22714e-17)
(0.0694569 -0.0145457 1.1194e-17)
(0.0418497 -0.0156304 0)
(0.160704 0.0382607 -1.20276e-17)
(0.167621 0.173567 -3.81879e-17)
(0.00629798 -0.00924088 4.61253e-17)
(0.14877 0.0202639 5.24668e-18)
(0.301796 -0.144723 -2.23676e-17)
(0.279427 -0.123236 5.61011e-18)
(0.0121675 -0.0131533 0)
(0.118408 0.000374974 -4.67361e-17)
(0.179111 0.114819 0)
(0.359298 0.0599377 -2.79053e-17)
(0.31461 -0.066465 2.23994e-17)
(0.277498 -0.0900327 2.2488e-17)
(0.364233 -0.215918 -2.21318e-17)
(0.362275 0.0129324 2.77651e-17)
(0.329818 -0.0507883 -2.24011e-17)
(0.383201 -0.132301 0)
(0.313349 -0.101886 -4.47273e-17)
(0.369331 0.0898404 -2.67135e-17)
(0.375503 -0.163671 2.78008e-17)
(0.271025 0.0501983 2.25257e-17)
(0.387627 -0.0997876 -1.67164e-17)
(0.388918 -0.0672431 0)
(0.387119 -0.0355952 5.58847e-18)
(0.313604 0.00619005 -1.12292e-17)
(0.349484 -0.218263 -5.5455e-18)
(0.326813 0.0230732 1.68122e-17)
(0.381993 -0.0058336 0)
(0.283361 -0.0304847 2.48368e-17)
(0.277763 -0.100106 -2.81083e-17)
(0.373383 0.0212326 5.01958e-17)
(0.280517 -0.0703383 0)
(0.268619 -0.0912437 1.12208e-17)
(0.281807 -0.134364 0)
(0.351568 -0.136573 5.5765e-18)
(0.256459 -0.118766 -2.81019e-17)
(0.340084 0.142794 -1.91623e-17)
(0.324156 -0.252574 1.66445e-17)
(0.274508 -0.0857548 0)
(0.267488 -0.115232 -2.96217e-17)
(0.203925 0.154276 2.26227e-17)
(0.28637 -0.160123 -5.5947e-18)
(0.284234 -0.0378758 -2.46572e-17)
(0.32418 0.0596753 -2.23952e-17)
(0.17243 -0.0897341 -5.69456e-18)
(0.361419 0.0448436 0)
(0.242226 -0.186017 0)
(0.366955 -0.157945 -5.56275e-18)
(0.32498 -0.168266 0)
(0.307752 -0.185532 2.7884e-17)
(0.228108 -0.151274 0)
(0.355628 -0.169508 5.56234e-18)
(0.34673 0.101121 0)
(0.380043 -0.0983381 1.67342e-17)
(0.353999 -0.0550943 0)
(0.305051 -0.157082 2.23676e-17)
(0.366809 0.0683751 5.56479e-18)
(0.296549 0.0394267 3.93254e-17)
(0.340732 -0.16087 -2.78709e-17)
(0.360322 -0.208645 0)
(0.367173 0.0920487 0)
(0.276866 0.0140022 2.20763e-17)
(0.268696 -0.105458 3.47314e-17)
(0.276042 -0.0774107 0)
(0.248854 -0.155979 0)
(0.378391 0.0443379 3.88478e-17)
(0.372421 -0.01009 2.23579e-17)
(0.275054 0.0256104 -5.72375e-18)
(0.288095 0.149164 0)
(0.279486 0.0383502 2.25117e-17)
(0.302393 0.00296938 1.12466e-17)
(0.30856 0.12302 -5.595e-18)
(0.248313 0.0798707 0)
(0.373826 0.084337 5.54028e-18)
(0.272882 0.0264269 -1.01171e-17)
(0.327622 0.113655 0)
(0.351521 0.0878754 0)
(0.305723 0.0239828 -1.12285e-17)
(0.364322 -0.192761 5.54773e-18)
(0.315918 0.0407092 -1.12136e-17)
(0.327371 -0.086089 5.59017e-18)
(0.266123 -0.10047 1.11934e-17)
(0.260445 0.273874 1.04431e-17)
(0.343111 0.0778941 0)
(0.346659 0.064612 1.11668e-17)
(0.314531 0.0520703 -1.94988e-21)
(0.287484 0.034451 5.6254e-18)
(0.235835 0.144708 0)
(0.336205 0.0557982 5.59502e-17)
(0.266622 -0.147914 2.8053e-17)
(0.333531 0.102614 -5.58754e-18)
(0.274836 0.0219196 -1.67566e-17)
(0.363473 0.0837198 0)
(0.249727 -0.147135 -2.91512e-17)
(0.253938 -0.127967 3.96247e-17)
(0.354865 -0.184592 -5.55816e-18)
(0.265396 -0.137058 5.61163e-18)
(0.220104 -0.176793 2.39262e-17)
(0.305929 0.0349133 -3.36957e-17)
(0.283338 0.167219 0)
(0.265719 0.170872 -2.80665e-17)
(0.272818 0.0338012 0)
(0.37532 -0.128799 -2.22796e-17)
(0.325573 0.09193 5.03389e-17)
(0.324072 0.157753 -4.52306e-21)
(0.327172 -0.12354 2.23199e-17)
(0.347515 -0.0053162 2.80132e-17)
(0.281705 -0.0941957 0)
(0.366001 -0.142725 -5.56601e-18)
(0.372512 -0.113911 1.67071e-17)
(0.259538 0.218341 0)
(0.264027 0.0489343 5.93399e-18)
(0.282223 0.112918 2.24599e-17)
(0.338936 -0.207524 -1.66743e-17)
(0.156362 -0.0986802 0)
(0.350453 0.0371739 0)
(0.321131 0.071203 0)
(0.182383 0.294796 0)
(0.341312 -0.193056 2.22336e-17)
(0.134864 0.239865 2.85959e-17)
(0.327313 -0.162794 -2.23683e-17)
(0.314806 0.11359 -5.59555e-18)
(0.266857 0.0890082 -2.25083e-17)
(0.327536 -0.116721 1.67891e-17)
(0.266881 0.0459574 0)
(0.213095 -0.107585 5.61321e-18)
(0.230011 0.122363 5.07823e-17)
(0.295081 0.141351 0)
(0.338169 0.0427226 -2.79746e-17)
(0.226388 0.134823 -5.6423e-18)
(0.268052 0.104482 -1.68736e-17)
(0.291141 0.160166 0)
(0.29444 0.00948435 -1.29791e-21)
(0.306188 0.084086 -4.48524e-17)
(0.2793 0.0213152 -5.72978e-18)
(0.349113 -0.128297 0)
(0.209641 0.149909 0)
(0.226042 -0.160094 -1.85802e-17)
(0.315194 -0.179622 -1.05727e-21)
(0.330171 0.0805173 -2.23706e-17)
(0.326628 0.0356663 -1.68152e-17)
(0.297131 0.122484 -2.24151e-17)
(0.24392 -0.176774 0)
(0.270612 0.0344977 2.6349e-17)
(0.295656 0.0198634 1.13562e-17)
(0.29101 0.130932 -3.084e-21)
(0.269495 0.0382842 -5.73853e-18)
(0.301642 0.220433 0)
(0.183191 -0.127072 -3.91895e-17)
(0.225734 -0.0959653 -4.5323e-17)
(0.244596 0.0861325 0)
(0.25441 0.0970216 2.25336e-17)
(0.292246 0.112809 2.24327e-17)
(0.295388 -0.237295 0)
(0.233818 0.13656 -2.25462e-17)
(0.285345 -0.130774 -2.23202e-17)
(0.265533 -0.108548 2.30528e-17)
(0.273122 0.164535 1.68359e-17)
(0.245027 0.0917531 0)
(0.294385 0.255384 -2.19463e-17)
(0.277565 0.10437 -2.24735e-17)
(0.287492 0.0249175 5.73135e-18)
(0.314242 -0.139752 0)
(0.277769 0.14739 0)
(0.331945 0.147886 -1.67301e-17)
(0.271814 -0.146096 2.23229e-17)
(0.263096 0.0966601 -5.62752e-18)
(0.250056 0.0902769 0)
(0.304089 0.246248 0)
(0.375231 -0.0842522 -3.90453e-17)
(0.361707 -0.000676696 -5.59014e-18)
(0.215947 -0.183573 6.02239e-18)
(0.308358 0.103207 2.80071e-17)
(0.337822 0.0165223 1.68095e-17)
(0.336489 0.0027704 -3.92198e-17)
(0.276974 0.120922 -2.8077e-17)
(0.27474 0.137663 -2.2454e-17)
(0.271012 0.15439 2.80659e-17)
(0.280796 0.130112 5.05145e-17)
(0.362821 0.0151326 1.67704e-17)
(0.350964 0.0225825 -1.67701e-17)
(0.228952 0.116043 -5.7451e-18)
(0.325764 -0.181826 0)
(0.297386 0.103862 -4.48604e-17)
(0.369661 -0.0266838 -2.23618e-17)
(0.251002 0.0778119 -2.25477e-17)
(0.237011 -0.133524 2.23856e-17)
(0.313391 0.0932414 -2.23981e-17)
(0.297294 0.182724 0)
(0.240615 0.170268 0)
(0.0993932 -0.433759 0)
(0.381156 -0.0677067 2.23497e-17)
(0.268261 0.236891 0)
(0.224898 0.12758 -1.69269e-17)
(0.261084 0.0819136 0)
(0.219689 0.127343 0)
(0.217194 0.16016 0)
(0.231264 0.158343 -5.63708e-18)
(0.253875 0.083305 0)
(0.308288 -0.253314 2.2212e-17)
(0.378634 -0.0379524 -5.59087e-18)
(0.25641 0.167964 0)
(0.198715 0.152838 -2.86077e-17)
(0.278173 -0.188742 -2.23668e-17)
(0.22093 0.139831 0)
(0.374239 -0.0548265 5.58914e-18)
(0.208823 -0.277309 0)
(0.260812 -0.268994 1.68462e-17)
(0.222182 0.147444 0)
(0.300761 0.233041 0)
(0.293246 -0.21484 -2.23753e-17)
(0.239535 0.161194 0)
(0.261544 0.152254 -2.24807e-17)
(0.22988 0.149895 5.63659e-18)
(0.224964 -0.147859 0)
(0.322848 -0.00115445 1.68482e-17)
(0.244234 0.146955 5.62914e-18)
(0.310327 0.234495 0)
(0.199775 0.146591 -1.5355e-17)
(0.332981 -0.0454294 -2.80966e-17)
(0.290504 -0.172477 4.8971e-22)
(0.250948 0.202355 -2.24747e-17)
(0.29042 0.239658 2.23273e-17)
(0.254889 0.158377 -2.24884e-17)
(0.268676 0.0583589 0)
(0.278956 0.233001 -1.67795e-17)
(0.233683 0.175081 0)
(0.309929 -0.0358589 -2.25422e-17)
(0.259199 0.142968 0)
(0.276303 0.0882149 5.62425e-18)
(0.234253 0.202014 5.62917e-18)
(0.262127 0.127432 0)
(0.266974 0.181321 5.61413e-18)
(0.22479 0.116858 1.97383e-17)
(0.246059 0.155828 1.68839e-17)
(0.162158 0.30821 0)
(0.284632 0.0619869 -1.68699e-17)
(0.2493 -0.177947 0)
(0.215048 0.132254 0)
(0.219993 0.121472 -2.03255e-17)
(0.249235 0.173476 0)
(0.238201 -0.194141 0)
(0.259483 0.0559873 -5.87964e-18)
(0.183872 -0.228255 2.82767e-17)
(0.242326 0.188077 -2.25059e-17)
(0.291714 0.0950832 -2.24492e-17)
(0.127085 -0.333565 2.32854e-17)
(0.287492 0.252664 2.26731e-17)
(0.259368 0.19757 0)
(0.250251 0.141098 -5.62974e-18)
(0.209509 0.142931 0)
(0.143799 -0.177631 -1.17191e-17)
(0.249939 0.183246 3.7194e-21)
(0.285546 0.178673 0)
(0.292766 -0.0275454 -2.86561e-17)
(0.214931 0.138392 0)
(0.290104 0.214838 -5.59358e-18)
(0.276295 0.257219 1.77124e-17)
(0.28168 -0.232057 2.23559e-17)
(0.242213 0.19792 2.25036e-17)
(0.27963 0.0797326 1.68686e-17)
(0.204993 0.142737 -9.46416e-18)
(0.295758 0.0858215 4.48948e-17)
(0.259013 0.18692 2.24658e-17)
(0.27987 0.219919 -5.59345e-18)
(0.269054 0.213927 0)
(0.211634 0.196782 0)
(0.129758 0.233936 2.28711e-17)
(0.281898 0.0960401 1.68541e-17)
(0.303182 -0.0271402 2.86451e-17)
(0.168752 -0.204706 -5.61355e-18)
(0.265257 0.136321 0)
(0.146691 -0.197235 0)
(0.355023 -0.0295251 0)
(0.166002 -0.177906 -2.24753e-17)
(0.236078 0.246807 0)
(0.123554 0.236651 -2.32487e-17)
(0.175826 -0.140976 3.9673e-17)
(0.320841 0.191877 4.45462e-17)
(0.236674 0.123358 -2.25557e-17)
(0.324131 -0.035526 0)
(0.241575 0.117425 -2.25534e-17)
(0.289238 0.0780358 0)
(0.269178 0.202083 0)
(0.212207 0.188287 0)
(0.179577 0.182365 1.71339e-17)
(0.160046 0.279002 0)
(0.0983032 -0.427098 0)
(0.27553 0.0643804 0)
(0.17698 0.173477 0)
(0.218551 -0.384651 -5.6047e-18)
(0.172592 0.265083 0)
(0.349981 -0.0446316 2.8016e-17)
(0.226348 0.197568 -5.63949e-18)
(0.153261 0.279918 0)
(0.250245 0.103928 -2.2538e-17)
(0.292094 0.0686831 -5.61783e-18)
(0.135504 -0.193882 5.84894e-18)
(0.224917 0.163109 0)
(0.178972 0.168409 -2.20369e-17)
(0.217725 0.210117 -2.262e-17)
(0.262202 0.0607553 5.74488e-18)
(0.180612 0.175703 -1.70762e-17)
(0.241139 0.0980425 2.87496e-17)
(0.172614 -0.228042 -2.25435e-17)
(0.218832 0.201129 0)
(0.257151 -0.224193 0)
(0.197956 -0.195674 0)
(0.121226 0.242738 0)
(0.172288 0.191752 -1.71089e-17)
(0.204603 0.23814 -5.66814e-18)
(0.21004 0.213033 2.26369e-17)
(0.0932031 -0.0736964 1.35665e-17)
(0.2432 0.104108 -5.6897e-18)
(0.135162 -0.17547 2.36097e-17)
(0.299346 0.195662 0)
(0.161619 0.190496 -1.81334e-17)
(0.253068 0.126241 5.63129e-18)
(0.344432 -0.0199544 0)
(0.234016 0.184239 -2.25493e-17)
(0.247662 0.132526 5.63038e-18)
(0.160784 0.260352 -2.85653e-17)
(0.18606 -0.252741 0)
(0.20833 0.221747 -4.53597e-17)
(0.132226 0.227489 0)
(0.184976 0.22884 0)
(0.0937113 -0.27022 5.8501e-18)
(0.175358 0.238077 0)
(0.164633 0.200679 -1.71547e-17)
(0.173522 0.184856 -5.70285e-18)
(0.147522 -0.217874 -2.83884e-17)
(0.273107 0.0728445 5.62788e-18)
(0.264402 0.0742572 0)
(0.237766 -0.366205 -4.46982e-17)
(0.27158 0.272101 5.44298e-18)
(0.249656 0.1181 1.69022e-17)
(0.24646 -0.241587 -1.67807e-17)
(0.219115 0.184572 -2.26104e-17)
(0.311509 0.21282 0)
(0.328985 -0.0224831 2.24765e-17)
(0.226754 0.188444 5.07512e-17)
(0.32487 0.198753 -2.9008e-17)
(0.239268 0.131007 2.2548e-17)
(0.138907 -0.336234 -2.27314e-17)
(0.153481 0.199295 -2.04796e-17)
(0.1662 0.193797 -5.71834e-18)
(0.254398 0.111465 -2.25267e-17)
(0.306282 0.175656 0)
(0.205193 0.276256 0)
(0.33915 -0.259284 -5.58561e-18)
(0.0636979 -0.43838 0)
(0.289724 0.201824 2.79665e-17)
(0.307239 -0.0157901 0)
(0.277065 0.184922 0)
(0.216535 0.251662 2.82715e-17)
(0.177668 0.230605 0)
(0.319864 -0.0137714 -2.24707e-17)
(0.200579 0.224065 -3.20796e-21)
(0.278231 0.196704 -2.24112e-17)
(0.161725 -0.196633 2.25639e-17)
(0.137522 -0.436027 5.68123e-18)
(0.206317 0.299876 2.03154e-17)
(0.299845 -0.00798981 -2.79126e-17)
(0.206401 -0.178725 0)
(0.0914186 -0.374717 0)
(0.213169 -0.376125 6.9632e-21)
(0.238671 0.110328 0)
(0.168957 -0.402032 -5.66293e-18)
(0.254973 0.0709687 2.24621e-17)
(0.128288 0.22489 -1.71253e-17)
(0.156039 0.194456 2.02724e-17)
(0.0567195 -0.314907 -2.30839e-17)
(0.147819 0.21814 0)
(0.25902 0.0682192 0)
(0.233202 0.110732 -5.74629e-18)
(0.156687 0.209756 0)
(0.190857 0.255964 -2.28091e-17)
(0.122782 -0.416909 -5.71345e-18)
(0.219915 -0.230496 1.68068e-17)
(0.167158 -0.312165 5.65653e-18)
(0.15837 0.202595 0)
(0.317922 0.223254 -2.83398e-17)
(0.198412 0.232407 0)
(0.320444 0.213535 5.57745e-18)
(0.168138 0.239569 2.28248e-17)
(0.141817 -0.257019 0)
(0.223439 0.224603 0)
(0.156041 0.194494 1.05415e-17)
(0.311861 0.200398 -2.22818e-17)
(0.172909 -0.250776 2.83139e-17)
(0.190703 0.234218 0)
(0.211305 -0.248741 -2.24542e-17)
(0.18822 0.242151 2.27473e-17)
(0.215153 0.227162 2.26201e-17)
(0.119714 0.235423 5.19307e-18)
(0.131856 0.220942 -5.26297e-18)
(0.149902 0.211231 -2.42196e-17)
(0.183944 -0.275509 1.70513e-17)
(0.122806 0.230119 -5.1396e-18)
(0.180635 0.243562 -2.27672e-17)
(0.141459 0.219466 -2.35499e-17)
(0.102938 -0.141371 -2.47517e-17)
(0.167957 0.259283 2.85499e-17)
(0.146156 -0.411153 2.27196e-17)
(0.109573 -0.287884 -2.33385e-17)
(0.16584 -0.369598 5.66294e-18)
(0.13745 0.215558 2.20449e-17)
(0.138826 0.225536 -2.28636e-17)
(0.0810013 -0.290588 -1.79285e-17)
(0.212841 0.236258 0)
(0.115135 0.245174 0)
(0.177995 0.251053 -2.27985e-17)
(0.161904 -0.290073 -5.67154e-18)
(0.167352 -0.352642 -5.65521e-18)
(0.177368 -0.295351 2.27497e-17)
(0.144568 0.250894 -2.29466e-17)
(0.306785 -0.310278 0)
(0.216123 0.303225 1.13672e-17)
(0.14197 0.238753 -2.29083e-17)
(0.183382 -0.35648 -4.76991e-21)
(0.126209 -0.38549 0)
(0.144014 0.231615 2.28707e-17)
(0.0875493 -0.217666 -1.3207e-18)
(0.170588 0.252219 -5.70983e-18)
(0.169407 -0.271919 0)
(0.342985 -0.204958 5.58253e-18)
(0.0567428 -0.358889 2.42483e-17)
(0.184413 -0.235761 -2.2623e-17)
(0.174742 -0.389108 5.65085e-18)
(0.0898999 -0.328973 0)
(0.0685598 -0.337849 -5.77731e-18)
(0.186924 0.307607 0)
(0.208573 0.283812 0)
(0.106238 -0.266137 0)
(0.170103 0.178068 3.11551e-17)
(0.133559 -0.270694 0)
(0.311341 -0.259071 0)
(0.237206 0.0994559 -1.97211e-17)
(0.0831393 0.278302 -2.40686e-21)
(0.182685 -0.338157 0)
(0.111325 -0.375056 -2.27713e-17)
(0.104111 -0.43709 0)
(0.14685 0.24406 -2.29092e-17)
(0.180453 0.289083 -2.29467e-17)
(0.13127 -0.40675 5.69037e-18)
(0.212163 -0.396165 5.61097e-18)
(0.105283 -0.387746 0)
(0.117538 -0.258608 -5.90143e-18)
(0.153452 -0.399617 0)
(0.177703 -0.255872 0)
(0.192812 0.330857 -1.06031e-17)
(0.151231 -0.304981 -5.68011e-18)
(0.156191 0.254898 1.71684e-17)
(0.2032 0.290953 -2.27746e-17)
(0.101831 0.321802 -2.37024e-17)
(0.133482 0.331172 8.79697e-19)
(0.00687717 -0.446734 0)
(0.232775 0.104762 4.86705e-18)
(0.131028 -0.371328 0)
(0.0829197 -0.0797038 1.57365e-17)
(0.320869 0.216477 4.70582e-17)
(0.137985 -0.316747 2.2762e-17)
(0.104932 0.253757 -2.4344e-17)
(0.177096 0.203812 2.85042e-17)
(0.149183 0.256167 5.72943e-18)
(0.126337 0.267004 0)
(0.154133 -0.326056 2.84999e-17)
(0.122453 -0.28135 -1.76487e-17)
(0.168766 0.213198 -2.88202e-17)
(0.146859 0.262861 -5.73565e-18)
(0.0396392 -0.242868 0)
(0.165716 0.246706 4.57282e-17)
(0.151543 -0.241402 2.26105e-17)
(0.282164 -0.329005 2.22882e-17)
(0.201864 0.246681 5.6786e-18)
(0.189924 0.3201 0)
(0.195853 -0.375317 2.25249e-17)
(0.153146 0.223416 0)
(0.139968 0.264158 -5.73898e-18)
(0.111853 0.296189 0)
(0.147035 -0.263672 0)
(0.137785 0.270734 -1.72822e-17)
(0.189776 0.29595 -2.85822e-17)
(0.156903 0.324792 7.88041e-19)
(0.00800888 -0.422507 2.24529e-17)
(0.209662 0.268347 -2.26882e-17)
(0.119749 -0.274632 -2.34199e-17)
(0.153815 0.242746 2.40595e-21)
(0.158606 0.248022 5.72782e-18)
(0.19596 0.262287 2.27772e-17)
(0.163101 0.234323 2.53384e-21)
(0.104573 0.298238 -2.36429e-17)
(0.191935 0.18361 -2.27608e-17)
(0.169372 0.340326 0)
(0.104616 -0.20279 0)
(0.195108 0.290099 5.70435e-18)
(0.193701 0.156704 5.81573e-18)
(0.128975 0.278752 -5.80306e-18)
(0.196723 0.276365 0)
(0.188755 0.32663 0)
(0.130935 0.272151 5.77736e-18)
(0.19833 0.165413 -2.26756e-17)
(0.122409 -0.248944 0)
(0.120373 0.287208 0)
(0.126298 -0.246684 0)
(0.137627 0.252144 2.87035e-17)
(0.237298 -0.238182 -2.22373e-17)
(0.160026 0.222086 1.72783e-17)
(0.19444 -0.375347 -1.69043e-17)
(0.192729 0.162639 1.6641e-17)
(0.053147 -0.25817 -2.42878e-17)
(0.190552 -0.389724 -5.63642e-18)
(0.174302 0.218068 2.54337e-21)
(0.200205 0.30718 -2.01758e-17)
(0.122011 0.280353 0)
(0.20872 -0.252283 -1.69952e-17)
(0.196791 -0.400407 5.61562e-18)
(0.253887 -0.286477 5.58062e-18)
(0.0962573 0.338358 -2.37173e-17)
(0.107917 0.283356 5.79028e-18)
(0.204984 0.328871 6.22486e-18)
(0.187065 0.221056 -2.84584e-21)
(0.391445 -0.0284016 0)
(0.389588 0.00410346 1.66345e-17)
(0.151159 0.230453 0)
(0.156099 0.235774 -2.28917e-17)
(0.00616564 -0.325615 0)
(0.233822 -0.379123 0)
(0.0515945 -0.27402 2.44674e-17)
(0.113185 0.289008 0)
(0.224119 0.275399 -2.26938e-17)
(0.198366 -0.340146 -2.25654e-17)
(0.128435 0.260158 0)
(0.367505 -0.00465797 -2.78139e-17)
(0.181006 0.277252 -5.71891e-18)
(0.204541 0.199921 1.70274e-17)
(0.364482 -0.0387303 -1.67208e-17)
(0.133769 -0.311104 2.30524e-17)
(0.192287 0.269913 2.28207e-17)
(0.135431 0.258916 -5.75856e-18)
(0.185602 0.186384 -2.26774e-21)
(0.18307 0.256988 0)
(0.205187 0.176275 5.67888e-18)
(0.17378 0.315267 4.27383e-22)
(0.388943 -0.0977848 -5.57411e-18)
(0.391171 -0.0625742 2.22575e-17)
(0.161925 0.214888 5.76122e-18)
(0.192149 0.283304 0)
(0.22714 -0.356015 -5.03081e-21)
(0.204289 0.261508 1.70445e-17)
(0.165276 0.227138 -2.28546e-17)
(0.194384 0.218921 -5.70027e-18)
(0.0447672 -0.213528 2.78231e-17)
(0.184397 0.283253 0)
(0.00453553 -0.252904 0)
(0.00619501 -0.325733 0)
(0.361945 -0.0743469 5.57997e-18)
(0.35972 -0.111306 0)
(0.190705 0.303095 2.36471e-17)
(0.1938 0.248067 -2.27711e-17)
(0.35839 0.110202 2.31751e-17)
(0.378441 -0.16846 5.55903e-18)
(0.384822 -0.133384 0)
(0.341989 0.126399 4.08646e-17)
(0.170349 0.205816 5.73074e-18)
(0.182984 0.208496 2.27872e-17)
(0.196109 0.210848 -1.70718e-17)
(0.184493 0.270473 -1.71407e-17)
(0.357125 -0.149348 0)
(0.119216 0.268117 0)
(0.211771 -0.358506 5.05622e-17)
(0.00230433 -0.162003 0)
(0.197863 0.195572 -2.27592e-17)
(0.325998 -0.202567 -5.5971e-18)
(0.172301 0.225455 0)
(0.181293 0.216113 4.57078e-17)
(0.0864698 -0.344151 0)
(0.207881 0.253003 2.83468e-17)
(0.161322 0.323278 0)
(0.180065 0.264287 0)
(0.167367 -0.349322 0)
(0.265393 -0.322199 0)
(0.0222378 -0.00972228 1.33553e-17)
(0.217989 0.284691 0)
(0.189889 0.206169 -2.8528e-17)
(0.293301 -0.256563 0)
(0.218099 -0.299128 2.26372e-17)
(0.267631 -0.337777 2.23718e-17)
(0.117142 0.275016 2.29695e-17)
(0.162946 -0.29956 5.67865e-18)
(0.187498 -0.354623 0)
(0.12319 0.180412 3.8541e-17)
(0.109831 0.276247 -2.88972e-17)
(0.0657517 -0.284457 0)
(0.198371 0.172853 0)
(0.198524 0.187599 -2.27641e-17)
(0.252364 -0.259304 0)
(0.240368 -0.1367 2.82211e-17)
(0.101198 -0.17529 -4.3278e-17)
(0.195184 -0.32055 -2.26219e-17)
(0.269214 -0.344033 -1.67488e-17)
(0.065831 0.234974 1.24656e-17)
(0.249754 -0.286566 -1.69022e-17)
(0.155566 -0.320513 0)
(0.00453421 -0.165575 0)
(0.221379 -0.275067 -5.63802e-18)
(0.347657 -0.224684 5.56878e-18)
(0.217883 -0.34129 -5.62616e-18)
(0.23629 -0.316779 0)
(0.316689 -0.278412 0)
(0.197869 -0.336787 2.82035e-17)
(0.185742 -0.308999 -2.83009e-17)
(0.278089 -0.31377 -5.57157e-18)
(0.39054 -0.014358 5.55862e-18)
(0.20334 0.20825 2.8427e-17)
(0.184833 0.193936 0)
(0.205105 0.184345 1.706e-17)
(0.0729359 -0.3244 5.76975e-18)
(0.357707 -0.0206495 2.23108e-17)
(0.0100031 -0.292521 0)
(0.182497 0.159246 1.14343e-17)
(0.164292 -0.18241 0)
(0.391517 -0.0815913 -5.55906e-18)
(0.364941 -0.187564 5.55944e-18)
(0.00693097 -0.422321 5.13979e-17)
(0.191102 0.198335 5.7003e-18)
(0.225933 -0.338836 0)
(0.186345 0.172713 1.70974e-17)
(0.183474 0.165243 -5.51697e-18)
(0.351214 -0.0909648 -5.57151e-18)
(0.187062 0.16601 5.70274e-18)
(0.128127 0.309009 0)
(0.129588 -0.196813 -4.38345e-17)
(0.194286 -0.28941 0)
(0.210161 -0.320907 0)
(0.337057 -0.241953 2.78761e-17)
(0.355646 0.127376 0)
(0.383383 -0.151382 -5.54255e-18)
(0.192288 0.176085 0)
(0.171581 0.176795 0)
(0.277603 -0.312029 -2.23641e-17)
(0.164058 0.185729 -3.18999e-17)
(0.00651937 -0.211743 0)
(0.223974 0.293361 1.7474e-18)
(0.217369 -0.297884 0)
(0.280525 -0.0585925 2.22384e-17)
(0.304713 -0.294973 0)
(0.346759 -0.166663 0)
(0.0805597 -0.271043 -5.90265e-18)
(0.212522 -0.22144 2.25904e-17)
(0.167659 0.297869 -4.42302e-17)
(0.35703 -0.22272 -2.77888e-17)
(0.314528 -0.219854 4.45479e-17)
(0.0878053 0.286855 -2.36521e-17)
(0.0175617 -0.21266 2.3166e-17)
(0.229048 -0.323995 -5.61635e-18)
(0.328096 -0.27589 -2.22391e-17)
(0.28171 -0.273876 5.59409e-18)
(0.294194 -0.325441 0)
(0.260073 -0.310485 2.24049e-17)
(0.249773 -0.311921 5.6169e-18)
(0.204128 -0.300133 -4.52972e-17)
(0.253631 -0.345302 0)
(0.0672046 -0.224816 0)
(0.240508 -0.335084 0)
(0.242848 -0.12875 -2.25187e-17)
(0.227219 -0.279475 -5.64112e-18)
(0.280998 -0.0629676 0)
(0.283574 -0.0470264 0)
(0.25467 -0.34583 -5.58507e-18)
(0.0158282 -0.208302 3.9942e-17)
(0.242075 -0.29244 -5.60167e-18)
(0.014026 -0.435068 -2.63019e-17)
(0.286039 -0.0302773 -2.41764e-17)
(0.110364 -0.17492 2.19352e-17)
(0.247415 -0.0859984 1.19732e-17)
(0.130226 -0.175475 2.26093e-17)
(0.248233 -0.327204 5.57846e-18)
(0.282545 -0.014281 0)
(0.169254 0.182132 0)
(0.14639 0.176738 6.70167e-18)
(0.203336 -0.19519 -2.3465e-17)
(0.353307 -0.187499 -5.57024e-18)
(0.289786 -0.295425 2.23156e-17)
(0.322866 -0.241779 -2.7883e-17)
(0.134864 -0.213097 5.81301e-18)
(0.037805 0.282353 0)
(0.102874 0.328326 2.29975e-17)
(0.132386 -0.231659 0)
(0.0738928 0.343337 1.83541e-17)
(0.27134 -0.0394492 -2.40309e-17)
(0.157377 0.316163 -1.65162e-17)
(0.025952 -0.255597 0)
(0.174852 0.339273 2.48362e-17)
(0.183538 0.342642 4.78553e-17)
(0.109014 -0.0926454 -2.57173e-17)
(0.249418 0.0756881 -2.07175e-17)
(0.177736 -0.203044 0)
(0.211366 0.132766 0)
(0.147339 0.206592 0)
(0.141281 0.212499 2.64743e-17)
(0.191704 -0.169267 -2.18053e-17)
(0.135128 0.191656 0)
(0.109271 0.317856 6.23113e-18)
(0.106405 0.246114 6.64045e-18)
(0.289579 0.255198 -1.69623e-17)
(0.0230596 -0.29355 0)
(0.103683 0.159541 0)
(0.283625 -0.0547677 0)
(0.111054 -0.0725527 0)
(0.053558 0.266343 0)
(0.280561 0.000477215 -3.80979e-17)
(0.0693209 0.339161 0)
(0.283327 -0.0212408 0)
(0.205892 -0.161575 1.21715e-17)
(0.0378011 0.302735 0)
(0.290137 -0.00970008 -1.77966e-17)
(0.110585 0.336167 2.4724e-17)
(0.204094 -0.225899 -1.69303e-17)
(0.199777 -0.017017 -1.7627e-17)
(0.277817 0.00896045 1.13468e-17)
(0.285102 0.00671249 0)
(0.0312308 0.174276 0)
(0.18888 0.335966 2.54857e-17)
(0.138991 0.310448 1.22732e-21)
(0.0127802 -0.403957 -3.95055e-17)
(0.255391 0.0667234 0)
(0.127746 0.326146 -2.64134e-17)
(0.00878671 -0.352878 1.3559e-17)
(0.168025 -0.0428653 0)
(0.180489 0.349796 -4.70867e-17)
(0.186681 0.0686602 1.16881e-17)
(0.190788 0.0511259 2.43573e-17)
(0.180205 -0.0996363 2.38818e-17)
(0.169697 0.0988234 2.2473e-17)
(0.167492 0.107117 0)
(0.206036 0.0367098 2.00605e-17)
(0.195351 -0.0956841 1.94674e-17)
(0.180998 0.0763481 -5.9962e-18)
(0.173314 0.0916714 0)
(0.162445 0.115551 0)
(0.177153 0.0831945 4.82749e-17)
(0.159374 -0.109684 -2.41274e-17)
(0.203676 0.0459282 -3.20031e-17)
(0.191865 -0.0843006 0)
(0.118007 0.037525 -2.32238e-17)
(0.119286 0.0318277 0)
(0.108834 -0.0665629 4.56465e-17)
(0.107471 0.0568096 -2.39891e-17)
(0.10768 0.0688937 0)
(0.137575 0.0239649 3.86772e-17)
(0.102904 -0.0710773 2.246e-17)
(0.132243 -0.0641768 0)
(0.111812 0.0471193 -1.79906e-17)
(0.306739 0.238744 -1.72159e-19)
(0.210161 0.00895173 2.4739e-18)
(0.221547 -0.00667264 -3.62132e-17)
(0.0695847 -0.307895 2.32955e-17)
(0.0846034 0.189722 3.88057e-17)
(0.0910786 0.182622 -2.58e-17)
(0.129551 0.00676209 2.37723e-17)
(0.14682 -0.239163 -5.9142e-18)
(0.0474529 -0.330807 -2.30435e-17)
(0.0977045 -0.262281 4.82632e-17)
(0.0259368 -0.279838 -2.63608e-17)
(0.0131591 -0.403382 -2.66417e-17)
(0.224606 -0.0648593 1.22974e-17)
(0.269788 0.29122 -7.24253e-18)
(0.132903 -0.111433 2.62411e-17)
(0.145219 -0.109997 3.23059e-18)
(0.0795029 0.311402 0)
(0.0357265 -0.344688 -2.4549e-17)
(0.0733478 -0.199195 -9.87612e-18)
(0.248402 -0.0340471 2.15894e-17)
(0.114271 -0.148638 -3.13786e-17)
(0.0556862 0.111021 2.85743e-17)
(0.134419 -0.141868 2.26347e-17)
(0.0637304 -0.201991 2.36583e-17)
(0.0898453 0.304027 0)
(0.0123381 -0.355737 3.14508e-18)
(0.0501797 -0.422541 2.46468e-17)
(0.223042 -0.141397 5.00436e-17)
(0.206313 0.138069 1.01012e-17)
(0.0989974 -0.186657 0)
(0.116032 0.327321 -2.60442e-17)
(0.0834675 -0.0693373 -3.17109e-18)
(0.187115 -0.175878 0)
(0.0280308 -0.40316 -7.43356e-17)
(0.00381037 -0.445869 0)
(0.160414 -0.0333735 0)
(0.0116809 -0.0631336 2.64938e-17)
(0.237608 0.0950421 -1.22857e-17)
(0.113766 0.192074 -2.8034e-17)
(0.0972726 0.23231 2.00345e-17)
(0.0100444 -0.0367855 -2.26187e-17)
(0.0904532 0.296487 0)
(0.0929366 -0.193607 0)
(0.115099 0.321863 0)
(0.0834976 -0.200694 1.549e-18)
(0.158286 -0.13813 -4.83264e-17)
(0.188531 0.0602782 1.21244e-17)
(0.172184 -0.106297 -2.34837e-17)
(0.130311 0.222148 2.86555e-17)
(0.116544 0.237917 -7.77706e-19)
(0.0389089 -0.444791 -4.38132e-17)
(0.184494 -0.133402 2.50373e-17)
(0.0850269 0.293474 0)
(0.140535 -0.124116 0)
(0.0741802 -0.279266 -1.7456e-17)
(0.0352016 -0.421 4.92471e-17)
(0.216603 0.122797 0)
(0.107342 0.247509 1.49856e-17)
(0.0535143 -0.20129 -1.28932e-17)
(0.197071 0.148211 2.8677e-17)
(0.162851 -0.0632025 0)
(0.188368 -0.0705583 -3.00261e-17)
(0.0418299 -0.155594 1.2768e-17)
(0.00420515 -0.0247642 1.26452e-17)
(0.0520093 -0.450634 2.60404e-17)
(0.0852571 0.25608 -2.431e-17)
(0.15955 0.189208 0)
(0.0407113 -0.0840758 0)
(0.0282073 -0.0771314 0)
(0.137123 0.198334 1.60762e-17)
(0.00394524 -0.381715 2.96708e-17)
(0.208554 -0.152568 3.94236e-22)
(0.118754 -0.110841 1.9669e-17)
(0.10994 -0.112335 -2.2878e-17)
(0.0213262 -0.075078 -2.35762e-17)
(0.0254331 -0.0790511 0)
(0.31387 0.106654 0)
(0.288186 -0.0199249 0)
(0.284165 -0.0386301 -1.39795e-17)
(0.0802933 -0.104363 2.43672e-17)
(0.138173 0.324713 5.38123e-17)
(0.122631 0.333697 0)
(0.259323 -0.104484 -2.31453e-17)
(0.0364921 -0.13207 -1.20732e-17)
(0.0438331 -0.194499 -2.66629e-17)
(0.034103 -0.150781 -1.23345e-17)
(0.280257 0.0122956 0)
(0.151352 0.326475 -1.42111e-17)
(0.0683747 0.311827 1.85093e-17)
(0.0315345 -0.327375 -2.3976e-17)
(0.275707 0.283645 3.58803e-17)
(0.266275 0.0368672 -2.60231e-17)
(0.290608 0.266142 -3.37898e-17)
(0.258493 0.0595345 0)
(0.00419686 -0.0221895 1.38611e-17)
(0.00832661 -0.294805 -1.42343e-17)
(0.0280859 0.00720661 -1.3409e-17)
(0.148692 0.201609 2.59269e-17)
(0.187725 0.0252821 -3.2204e-17)
(0.225296 0.112436 0)
(0.140611 0.211506 -1.36994e-17)
(0.202535 0.333022 0)
(0.0904493 0.243516 -2.63071e-17)
(0.186354 0.14212 -1.49918e-17)
(0.00489776 -0.21235 -1.5411e-17)
(0.154854 0.120103 0)
(0.197875 0.325347 3.38667e-18)
(0.00140672 -0.0601689 0)
(0.0195567 -0.00993628 0)
(0.0348118 -0.186843 -1.57095e-17)
(0.297423 0.139459 0)
(-0.00352951 -0.0220757 -1.44907e-17)
(0.0995158 0.167395 0)
(0.0688537 0.218335 2.5465e-17)
(0.0277674 -0.435819 -2.64769e-17)
(0.244501 -0.0117089 -2.7332e-17)
(0.251374 -0.00151221 -2.80877e-17)
(0.000423075 -0.0596722 0)
(0.0403754 -0.084844 0)
(0.203635 -0.0675636 -3.62275e-17)
(0.156611 0.284942 -2.99464e-17)
(0.051703 -0.0922938 -1.50915e-17)
(0.152539 0.168975 1.40099e-17)
(0.0500704 -0.383174 1.56808e-18)
(0.143152 0.313611 2.60907e-17)
(0.158728 0.162096 1.32619e-17)
(0.192376 0.332924 3.46135e-17)
(0.00348461 -0.0251049 1.28975e-17)
(0.0553529 0.352276 -5.46659e-17)
(0.0946928 -0.29014 -3.08302e-17)
(0.313304 0.219241 0)
(0.208134 0.330257 1.64623e-17)
(-0.00487322 -0.0172852 -1.48388e-17)
(0.229332 0.105979 5.94627e-18)
(0.073247 0.201413 0)
(0.0685662 0.109387 1.37202e-17)
(0.0753132 0.191394 -2.79506e-17)
(0.142762 0.186128 0)
(0.179457 0.149813 -2.84678e-23)
(0.124516 0.139907 0)
(0.11824 0.154669 -1.75315e-18)
(0.133138 0.13667 -2.76397e-17)
(0.120138 0.146804 7.11661e-18)
(0.186722 -0.0066591 4.53092e-17)
(0.195643 -0.00227538 -1.41787e-17)
(0.173782 0.300849 -3.56266e-17)
(0.0947866 -0.104953 -5.96869e-17)
(0.123642 0.220682 4.36356e-17)
(0.158862 -0.147077 2.92078e-17)
(0.193281 -0.0154887 -1.48601e-17)
(0.187385 -0.0242889 3.21204e-17)
(0.0137553 0.194071 0)
(0.127051 0.32152 7.98527e-22)
(0.120686 -0.0456579 2.50978e-17)
(0.149888 0.127277 -2.42199e-17)
(0.206414 -0.0753304 2.2456e-17)
(0.0269103 -0.443787 -3.31932e-17)
(0.0136111 -0.0585491 -1.16061e-17)
(0.189246 0.01589 -3.88118e-17)
(0.168985 -0.162465 -1.41139e-17)
(0.254706 -0.0249454 6.63811e-18)
(0.0782999 -0.22465 -1.18717e-17)
(0.158779 0.179901 0)
(0.00627817 -0.382056 0)
(0.105019 -0.130826 3.71392e-17)
(0.0657125 -0.0664853 6.68159e-18)
(0.01294 -0.0391435 0)
(0.00451321 -0.454065 0)
(0.1216 0.311741 0)
(0.190287 -0.153597 1.54928e-17)
(0.285936 0.270945 1.53429e-17)
(0.321841 0.105205 -8.27521e-18)
(0.0496818 -0.0624842 1.32765e-17)
(0.137829 0.320834 0)
(0.0114117 -0.0390827 -2.37114e-17)
(0.252633 0.303678 -8.56605e-18)
(0.156282 0.312808 0)
(0.0557006 0.0590475 2.74793e-17)
(0.265788 -0.0489009 -4.80478e-17)
(0.0357033 -0.309116 2.91079e-17)
(0.0498861 0.335911 0)
(0.189236 0.150788 2.97501e-17)
(0.229354 0.0840544 -2.77058e-17)
(0.0865851 -0.14684 9.70315e-18)
(0.257302 0.29772 -6.73809e-18)
(0.16695 0.180934 -3.19591e-17)
(0.192839 0.152882 -3.75108e-17)
(0.223677 -0.12542 -2.92106e-17)
(0.0130814 -0.433831 1.48294e-17)
(0.0286307 -0.147442 -3.02831e-17)
(0.290549 0.266365 4.26593e-17)
(0.107883 0.00856796 3.09275e-17)
(0.241325 0.08776 6.05491e-18)
(0.133625 0.212165 0)
(0.0995257 -0.219256 0)
(0.0291512 -0.127867 2.66378e-17)
(0.235511 -0.00658021 0)
(0.080095 0.298795 -7.69747e-18)
(0.0973358 0.0760558 1.19721e-17)
(0.0236414 -0.162375 3.28155e-17)
(0.0403425 0.132777 1.41454e-17)
(0.0567794 -0.43508 -2.43413e-17)
(0.217118 0.101347 -2.79912e-17)
(0.229558 -0.135631 -5.71804e-17)
(0.121543 0.317995 -2.43609e-17)
(0.0784976 0.26946 2.54661e-17)
(0.0563399 -0.221307 1.29391e-17)
(0.0709987 0.364698 4.89209e-17)
(0.28194 -0.0545824 -2.79152e-17)
(0.211154 -0.121772 -1.45012e-17)
(0.112761 0.241964 -1.38421e-17)
(0.00438111 -0.0530723 3.65425e-17)
(0.143467 -0.142841 2.86581e-17)
(0.13401 0.223141 -1.33336e-17)
(0.183172 -0.141308 3.9712e-18)
(0.212664 0.128412 0)
(0.0736672 0.307395 3.57579e-18)
(0.0969723 0.176735 1.60029e-17)
(0.00978219 0.21222 0)
(0.0185428 -0.0448799 -1.52735e-17)
(0.320964 0.186898 1.40419e-17)
(0.143114 0.329059 -2.84865e-17)
(0.102272 -0.171649 -3.23389e-17)
(0.230266 -0.0381564 4.38534e-19)
(0.273032 -0.0138914 2.17941e-17)
(0.0143863 -0.0670071 -1.34345e-17)
(0.00230208 -0.252028 1.6405e-17)
(0.151428 0.314056 3.52658e-17)
(0.252588 0.0678458 -7.68014e-18)
(0.0634251 0.0982624 0)
(0.0810132 -0.0962629 -5.02121e-17)
(0.29308 0.112736 -5.85893e-17)
(0.333024 0.111163 -2.02071e-17)
(0.0408562 -0.454122 -1.31686e-17)
(0.285325 -0.0168473 4.71701e-17)
(0.0237329 0.313604 -1.6121e-17)
(0.254992 -0.112324 -1.77889e-17)
(0.281629 -0.0110994 -4.34017e-17)
(0.00398102 -0.127412 0)
(0.074398 0.299106 7.69148e-18)
(0.105775 0.164275 -2.67294e-17)
(0.0646245 0.297381 -1.61294e-17)
(0.20971 0.127916 3.07509e-17)
(0.154892 0.321484 1.112e-17)
(0.116208 0.161733 1.50371e-17)
(0.0132873 -0.449739 0)
(0.0331492 -0.424796 1.23885e-17)
(0.19471 0.330038 0)
(0.237554 0.0627558 0)
(0.205455 0.11883 -1.31129e-17)
(0.0416435 -0.432683 -4.89258e-21)
(0.19563 0.328226 -1.82217e-17)
(0.111972 -0.195932 8.06082e-18)
(0.183819 -0.157511 0)
(0.143144 0.317893 2.71559e-17)
(0.203622 0.318451 2.57867e-17)
(0.00934847 -0.0631655 1.55239e-17)
(0.183472 0.318237 3.99469e-17)
(0.0344487 -0.200395 1.66096e-17)
(0.068153 0.0839187 -6.36274e-18)
(0.046779 -0.024234 -1.66985e-17)
(0.264639 0.0445477 -3.91919e-17)
(0.0451595 -0.0546125 3.54011e-17)
(0.303212 0.244227 -1.65595e-17)
(0.0249425 -0.20212 2.35296e-18)
(0.278504 0.279774 8.65193e-18)
(0.0432738 0.110018 0)
(0.163435 0.186066 3.31292e-17)
(0.00404296 -0.12903 0)
(0.144744 0.206137 1.50126e-17)
(0.107169 -0.0151141 -4.92999e-17)
(0.285307 -0.0479283 1.71896e-17)
(0.100233 -0.0059896 2.25362e-18)
(0.0743507 0.077817 0)
(0.338584 0.0979857 2.96265e-17)
(0.169804 -0.14517 0)
(0.251721 0.0617284 0)
(0.141755 -0.13704 0)
(0.011667 -0.124734 2.89828e-17)
(0.169236 -0.134185 -3.74374e-17)
(0.0444798 0.273163 8.85571e-18)
(0.00612584 -0.152577 -3.96289e-17)
(0.162578 -0.165957 1.69872e-17)
(0.185357 0.326891 -3.26971e-17)
(0.0186609 -0.124822 -3.27897e-17)
(0.111375 0.210183 -1.89784e-17)
(0.144506 -0.148371 -3.27695e-17)
(0.279542 0.278781 0)
(0.0232919 -0.432122 -3.62269e-17)
(0.298118 0.224619 3.6454e-21)
(0.151258 0.317472 4.03126e-22)
(0.0269066 -0.451968 0)
(0.297074 0.255254 -9.86782e-18)
(0.0281791 -0.454178 -4.7485e-17)
(0.115886 0.203523 0)
(0.154425 0.318853 2.26782e-17)
)
;

boundaryField
{
    back
    {
        type            empty;
    }
    front
    {
        type            empty;
    }
    top
    {
        type            codedFixedValue;
        value           nonuniform List<vector> 
15
(
(0 -0.445488 0)
(0 -0.421299 0)
(0 -0.324541 0)
(0 -0.251973 0)
(0 -0.324541 0)
(0 -0.163278 0)
(0 -0.163278 0)
(0 -0.421299 0)
(0 -0.445488 0)
(0 -0.380983 0)
(0 -0.0584577 0)
(0 -0.0584577 0)
(0 -0.380983 0)
(0 -0.453551 0)
(0 -0.251973 0)
)
;
        name            ParabolicTimeDependentU_max;
        code            #{
		const vectorField& Cf = patch().Cf();
		vectorField& field = *this;

		const scalar r = 18.0*1e-3;
		const scalar Umax = 0.4;
		const scalar Umin = 0.02;

		scalar 	Uvar = 0.08;
		scalar 	t = this->db().time().value();
		scalar	tau = fmod(t,1);
		
		if (tau > 0 && tau <= 0.35)
		{
			Uvar = 0.08+Umax*(1-(pow(tau-0.175,2)/(0.175*0.175)));
		}
		if (tau > 0.35 && tau <= 0.6)
		{
			Uvar = 0.08+Umin*(-1+(pow(tau-0.475,2)/(0.125*0.125)));
		}
		if (tau > 0.6 && tau <= 1)
		{
			Uvar = 0.08;
		}
		
		forAll(Cf, faceI)
		{
			const scalar x = Cf[faceI][0];
			const scalar y = Cf[faceI][1];
			field[faceI] = vector(0, Uvar*(-1+(pow(x+(0.02+r),2))/(r*r)), 0);
		}
	#};
    }
    outer_arc
    {
        type            noSlip;
    }
    bottom
    {
        type            zeroGradient;
    }
    inner_arc
    {
        type            noSlip;
    }
}


// ************************************************************************* //
