/*--------------------------------*- C++ -*----------------------------------*\
  =========                 |
  \\      /  F ield         | OpenFOAM: The Open Source CFD Toolbox
   \\    /   O peration     | Website:  https://openfoam.org
    \\  /    A nd           | Version:  9
     \\/     M anipulation  |
\*---------------------------------------------------------------------------*/
FoamFile
{
    format      ascii;
    class       surfaceScalarField;
    location    "2.78";
    object      phi;
}
// * * * * * * * * * * * * * * * * * * * * * * * * * * * * * * * * * * * * * //

dimensions      [0 3 -1 0 0 0 0];

internalField   nonuniform List<scalar> 
2420
(
9.76883e-07
-1.03301e-06
5.61237e-08
2.21365e-07
-2.21365e-07
3.60514e-07
-3.49511e-07
-1.10028e-08
-3.51008e-07
3.51008e-07
-4.04686e-07
1.69121e-07
2.35566e-07
8.57364e-08
-1.08814e-07
2.30776e-08
1.74688e-07
1.85826e-07
-5.99846e-07
3.69561e-08
5.6289e-07
1.22683e-06
-1.3413e-06
1.14477e-07
-3.21665e-07
-8.30215e-08
-1.31058e-06
3.56558e-07
9.54024e-07
-1.02135e-06
-2.89235e-07
-5.99846e-07
-9.1033e-08
-5.59304e-08
1.46963e-07
-6.90971e-08
-3.62167e-07
4.31264e-07
-9.76417e-08
2.20822e-07
-1.2318e-07
-1.71813e-08
1.78162e-07
-1.6098e-07
2.19203e-07
-4.42499e-07
2.23297e-07
8.23338e-08
-1.263e-07
4.39665e-08
-1.20316e-07
2.92826e-08
-4.91471e-09
2.02548e-07
-1.97633e-07
-7.22631e-09
-3.53458e-07
5.05359e-07
-1.51901e-07
-4.49276e-07
9.58173e-08
1.70141e-07
8.06742e-07
-5.05725e-08
3.33912e-08
5.6192e-08
-1.53834e-07
-4.54311e-07
-8.77952e-07
1.33226e-06
-1.04929e-06
5.94982e-07
2.03382e-07
-1.03627e-07
-9.97548e-08
-5.87633e-07
-2.59154e-07
8.46787e-07
2.69255e-08
5.08853e-07
-5.35778e-07
-4.47459e-07
4.28515e-07
1.89436e-08
-6.06268e-09
9.6577e-08
-9.05143e-08
-1.83991e-07
4.03194e-07
-9.3146e-08
8.70833e-08
2.2381e-08
6.33554e-08
1.31535e-07
8.98301e-08
-4.64989e-08
-4.0096e-07
-1.11225e-08
-2.10243e-07
1.00961e-07
-1.05876e-07
4.29143e-07
4.57764e-08
-4.74919e-07
3.23734e-07
-3.70233e-07
1.68694e-07
-1.99803e-07
3.11095e-08
1.05686e-07
-7.5883e-08
-2.98031e-08
-1.25914e-08
-3.38416e-07
1.50952e-07
2.00056e-07
1.29773e-07
-2.40865e-08
-1.40213e-07
2.45809e-07
-1.05595e-07
-5.62073e-08
3.79942e-07
-2.55911e-08
-8.32229e-08
-3.22586e-07
-5.59524e-07
4.90427e-07
-8.49271e-07
-4.92032e-07
1.15733e-07
1.1578e-07
-2.31513e-07
2.20386e-07
-8.31213e-08
-1.37264e-07
-1.84153e-08
8.84411e-09
9.57118e-09
7.72528e-07
-4.1597e-07
-5.73577e-07
4.71699e-07
1.01878e-07
3.21852e-07
-1.01467e-07
8.48818e-08
-6.72515e-07
-3.7757e-08
8.23745e-09
2.95196e-08
-4.69213e-07
-5.63793e-07
-8.06868e-07
8.43824e-07
2.42537e-07
-1.72766e-07
-6.97708e-08
-5.7651e-07
3.17356e-07
-2.80046e-07
1.65131e-07
1.14915e-07
-7.61174e-07
6.78205e-07
8.29689e-08
1.446e-07
-3.28591e-07
-2.0133e-08
1.13545e-08
-4.01822e-07
1.91746e-07
-2.67933e-07
7.6187e-08
-1.08425e-07
-2.53742e-07
2.59136e-07
1.15426e-07
-3.74562e-07
-1.20761e-07
9.3977e-08
2.67845e-08
-1.0099e-06
-3.939e-08
-1.08677e-07
2.53277e-07
8.25462e-08
9.56871e-08
1.07695e-07
1.71303e-07
7.12342e-08
-8.3537e-08
-3.72244e-08
2.64127e-07
-1.48394e-07
-1.40188e-08
1.82712e-07
1.13596e-07
1.72246e-07
-2.85842e-07
-1.42174e-07
-9.44062e-08
2.3658e-07
3.67855e-07
-1.08719e-07
2.37574e-07
-4.58273e-08
-2.26246e-07
1.43134e-07
8.31116e-08
-3.93572e-07
1.53036e-07
2.40536e-07
-1.53705e-07
-2.39867e-07
4.92016e-08
-6.02044e-08
-4.49853e-08
1.27319e-07
2.01976e-08
-1.60411e-07
3.24701e-08
-4.40549e-08
1.15849e-08
-7.34157e-08
-5.28846e-08
-2.24116e-07
-5.59298e-08
-5.86712e-07
1.31345e-08
1.94875e-07
3.13977e-07
-4.66951e-07
1.61651e-07
3.05301e-07
1.58563e-07
-1.09362e-07
-2.11657e-07
2.85977e-07
-7.43193e-08
1.47241e-07
9.8568e-08
-2.56232e-07
4.45747e-08
2.28665e-07
-2.76708e-07
4.8043e-08
-3.70578e-08
-6.99282e-10
-9.48322e-07
1.77965e-07
7.70357e-07
2.31176e-09
-1.05939e-07
-1.85815e-07
-2.81136e-07
1.67613e-07
-2.50735e-07
-3.57608e-09
-3.33779e-07
3.37355e-07
6.2937e-08
-1.08428e-06
3.04237e-07
-1.36624e-07
3.30765e-07
-2.17169e-07
8.71601e-07
-1.23433e-07
-7.48168e-07
-2.95879e-07
-8.04137e-07
-1.44186e-07
4.59108e-07
-2.24749e-07
-1.49665e-09
2.20118e-07
8.54682e-09
2.04915e-07
9.93221e-08
2.37979e-08
-4.43988e-07
4.2019e-07
3.97301e-08
-5.26418e-07
4.86688e-07
-3.38738e-07
-5.52346e-08
3.93973e-07
-2.57302e-07
3.31859e-08
-7.29e-07
1.6694e-07
5.6206e-07
-3.24769e-07
2.68562e-07
7.43399e-08
-4.18699e-08
1.37758e-07
8.30636e-08
1.69233e-07
-3.72664e-07
2.03431e-07
3.18179e-07
-1.43607e-07
-1.74572e-07
-3.3826e-07
3.34684e-07
-9.76707e-07
1.69839e-07
-4.83357e-07
-2.45643e-07
-3.51642e-08
3.51642e-08
1.40409e-07
1.58509e-08
-1.5626e-07
-2.94138e-07
-1.32176e-07
4.26314e-07
-5.59524e-07
8.84411e-09
1.99812e-07
-3.46804e-08
3.21852e-07
6.57632e-08
-9.57118e-09
-6.57632e-08
7.18682e-08
-6.10495e-09
3.21447e-08
3.50734e-07
-3.82879e-07
1.75753e-07
1.6098e-07
-3.36733e-07
-3.50734e-07
3.74532e-07
-1.70105e-07
3.82879e-07
-2.12773e-07
1.03448e-07
1.01467e-07
-1.09325e-07
-1.03448e-07
2.12773e-07
-6.1457e-07
5.90574e-07
2.39961e-08
6.1457e-07
-5.29688e-07
-5.90574e-07
3.36733e-07
2.5384e-07
-3.74532e-07
4.89958e-07
-4.89958e-07
5.29688e-07
1.36125e-07
-2.30531e-07
-2.93282e-08
-2.95441e-07
7.03965e-08
-2.43163e-07
-2.44582e-07
4.35338e-07
-1.90756e-07
6.74645e-08
-8.49293e-08
-4.14687e-07
3.46612e-07
-3.93475e-07
4.68637e-08
-1.02669e-06
1.77421e-07
3.18395e-07
1.16943e-07
3.50539e-07
9.31977e-08
-6.79909e-07
-1.36998e-06
6.52453e-07
-7.75886e-07
2.86747e-08
3.23134e-09
-1.11908e-07
4.24984e-07
-2.46822e-07
-4.07044e-07
8.98598e-08
3.17184e-07
-3.46624e-07
2.37299e-07
-9.72154e-07
1.22814e-07
8.4934e-07
-7.94189e-07
7.58726e-08
2.42306e-07
-2.80178e-08
3.12491e-08
8.76742e-08
2.89723e-07
-3.77397e-07
-1.01343e-07
-1.89725e-08
1.5772e-08
-2.29631e-07
-1.77413e-07
2.02466e-08
-4.58377e-08
-2.54184e-07
-8.45547e-08
6.7405e-08
2.83628e-08
-9.57678e-08
-4.39095e-07
5.28308e-08
3.86265e-07
-1.09393e-07
2.58557e-08
-3.51421e-07
3.01455e-07
3.72394e-08
-3.38694e-07
-3.72432e-07
1.428e-07
-6.68857e-08
-8.99724e-09
-6.27946e-08
7.1032e-08
-2.30276e-07
-2.33766e-08
2.53653e-07
-6.08445e-07
2.85859e-07
-4.63045e-07
3.03422e-09
4.60011e-07
-3.28524e-08
7.11788e-08
-4.10214e-07
-3.6156e-08
1.7929e-07
-1.5415e-07
-2.18281e-07
-1.6174e-07
1.74267e-08
1.44314e-07
-1.35705e-07
-2.60351e-08
-6.05875e-09
-2.7543e-07
2.81488e-07
-4.25588e-08
2.45107e-07
-4.18917e-07
3.81675e-07
3.72418e-08
1.99183e-07
-2.2256e-07
-2.29373e-07
3.98606e-07
1.42206e-07
-4.56286e-08
7.51342e-07
-1.11652e-06
3.65181e-07
7.77957e-08
-6.8624e-07
1.29286e-07
8.19393e-07
1.47222e-08
-1.16065e-07
1.87872e-07
1.19401e-08
9.34489e-08
-1.86595e-07
1.32864e-07
2.13747e-07
2.03016e-07
7.81037e-07
-9.84053e-07
1.46083e-07
-3.00233e-07
2.03799e-08
3.99405e-08
3.43543e-07
8.49716e-08
-4.42609e-07
3.46077e-07
9.65312e-08
-7.53739e-08
5.26603e-07
-4.76098e-07
-5.05048e-08
5.41543e-08
4.72448e-07
-2.45926e-07
-7.21397e-07
8.44655e-08
6.36931e-07
-3.50948e-08
-6.86302e-07
-3.32153e-07
4.48996e-07
-1.16843e-07
-3.2664e-08
4.37316e-08
-1.10676e-08
-1.02859e-07
7.01952e-08
1.44026e-07
1.09251e-07
4.2541e-07
-4.37345e-08
-4.37248e-07
1.05095e-07
-4.73064e-07
1.51933e-07
4.72507e-08
-4.63419e-07
5.17573e-07
5.43448e-07
1.98836e-07
-7.42284e-07
2.52352e-07
1.04302e-07
-3.68969e-08
8.60825e-07
-3.17376e-07
3.70014e-08
-1.83722e-09
-3.44553e-07
-9.80555e-08
-1.44697e-07
9.88693e-08
8.9377e-07
-4.44403e-07
-4.49367e-07
-7.79766e-07
-2.46926e-07
-3.4078e-09
4.92161e-07
-1.1311e-07
-8.66931e-08
2.14891e-07
-1.25443e-07
-8.94476e-08
8.29138e-07
-1.21232e-08
4.37533e-07
-9.13507e-07
1.11833e-07
3.73772e-07
-4.85605e-07
-4.34232e-07
8.96785e-08
1.26885e-07
-1.54903e-07
3.72203e-07
-2.87231e-07
-1.63661e-07
-9.09444e-08
2.54605e-07
3.8354e-07
-9.38171e-08
5.86027e-07
-1.13579e-07
9.47964e-08
6.93597e-09
2.07955e-07
7.66342e-07
-7.37246e-07
-2.9096e-08
3.35204e-07
3.69986e-08
1.76191e-07
-2.05519e-07
3.59553e-07
-4.34927e-07
2.36994e-07
-6.08549e-08
-1.76139e-07
4.90427e-07
2.62026e-07
-1.18e-07
3.74161e-08
4.93617e-08
3.34178e-07
1.28679e-07
-1.94273e-08
1.49143e-07
1.12883e-07
3.90432e-07
5.03337e-07
-5.25602e-08
-3.81671e-07
1.78358e-07
7.65127e-08
-2.54871e-07
5.5663e-07
5.52776e-08
-6.11908e-07
-2.49537e-07
2.20744e-07
2.87925e-08
7.0264e-07
-7.24489e-07
2.18494e-08
-3.37978e-09
1.52523e-07
-1.38476e-07
-4.21048e-07
-3.19834e-07
1.81358e-07
-9.98726e-08
2.12756e-07
1.89489e-07
6.4164e-08
4.62504e-07
-3.26497e-07
-1.36007e-07
3.72446e-07
2.85193e-07
-3.22433e-07
-7.00689e-09
3.56324e-08
2.64785e-07
-3.00418e-07
5.78965e-07
-4.89105e-07
4.01119e-08
1.11821e-07
4.613e-07
8.03228e-10
-4.62103e-07
5.6289e-07
-8.99588e-07
-1.83722e-09
4.35204e-07
-2.80246e-07
-1.54958e-07
-3.64621e-07
4.69734e-07
-1.05114e-07
2.30868e-08
-2.88922e-09
2.30868e-08
-5.09561e-07
4.61991e-07
4.75697e-08
4.6189e-07
1.24137e-07
-4.27105e-07
4.7183e-07
-4.47251e-08
-4.35626e-07
4.32219e-07
2.23066e-08
1.56697e-08
-3.79764e-08
6.40634e-07
-1.78744e-07
4.6149e-08
-1.57725e-07
1.11576e-07
-4.4002e-07
6.15773e-07
-4.4807e-07
2.84409e-07
1.81733e-08
6.24185e-08
4.33317e-08
4.58949e-07
1.81686e-07
-3.60874e-07
4.72707e-07
-1.81064e-07
2.16696e-07
9.78837e-08
-4.82615e-08
4.26289e-08
-3.25282e-07
3.38416e-07
-3.25282e-07
-3.46058e-08
-8.37823e-08
4.57554e-07
3.80141e-07
-4.08093e-07
2.7952e-08
-3.9135e-07
3.79227e-07
1.75985e-07
-6.32943e-08
6.32943e-08
4.27782e-07
4.43622e-09
-1.02281e-07
1.17951e-07
4.55695e-07
6.18783e-08
3.69695e-07
1.04455e-08
3.01784e-07
-5.73417e-07
4.59838e-07
-5.50307e-08
-4.65987e-07
-5.53149e-07
1.0146e-07
4.51689e-07
1.25299e-07
-3.89139e-07
3.54045e-07
-4.21048e-07
-9.11576e-08
4.72634e-07
4.27982e-07
3.79242e-07
-4.50641e-08
3.39285e-07
-3.39285e-07
-1.44098e-07
-1.31332e-07
-3.45408e-07
-4.13703e-07
4.56332e-07
6.09357e-07
-5.87012e-07
-2.23451e-08
-2.25821e-07
6.84769e-07
-4.71957e-07
6.19392e-07
-1.59555e-07
3.21097e-08
2.12446e-07
-2.44556e-07
4.60781e-07
-6.31992e-07
1.71211e-07
-9.91957e-08
-1.89043e-08
-9.28771e-08
7.02234e-07
8.65536e-07
-7.33175e-07
-1.32361e-07
-3.42366e-08
3.42366e-08
1.53157e-07
-2.40362e-07
2.40362e-07
-1.24249e-07
4.02807e-07
1.10074e-07
-5.12881e-07
1.32054e-07
-1.32054e-07
-4.57437e-07
-1.28348e-07
1.28348e-07
6.56222e-07
-4.40648e-07
-2.15574e-07
1.64678e-07
-1.64678e-07
-5.86671e-09
6.66082e-07
-1.77164e-07
-4.88918e-07
6.75207e-07
3.46164e-07
1.02832e-07
-5.22462e-07
1.96476e-07
-3.13319e-07
6.44549e-07
2.20988e-07
6.52408e-07
-6.81504e-07
-6.85414e-07
-4.7761e-08
-2.25821e-09
4.74892e-07
-8.04759e-09
4.30401e-07
1.59886e-07
1.98672e-07
5.79831e-07
-7.12876e-08
1.37805e-08
-1.57878e-07
1.66821e-07
4.99262e-07
-5.45065e-07
5.59604e-08
5.84433e-07
-1.32744e-07
7.04184e-07
-2.73783e-07
4.78901e-07
2.05868e-07
-8.72643e-07
-4.65151e-07
-3.19145e-07
7.84296e-07
3.07769e-07
-1.81303e-07
-1.26465e-07
-3.86357e-07
1.03091e-06
-6.64642e-07
-5.98477e-08
6.1667e-08
3.26193e-07
-3.87859e-07
4.31762e-07
5.77124e-09
-4.02265e-07
-2.03528e-07
2.17308e-07
1.31535e-07
4.23833e-07
-6.00997e-07
-8.22611e-08
8.22611e-08
-6.50361e-07
-5.785e-07
1.22886e-06
-7.87659e-07
1.02245e-07
4.855e-07
4.88059e-07
-5.62967e-08
-6.26471e-07
1.32255e-06
-6.9608e-07
8.98955e-08
3.0363e-07
-4.06489e-07
-5.34292e-07
-2.53368e-07
2.53359e-07
4.50825e-07
2.93454e-07
-7.58605e-07
-1.03672e-06
1.69811e-07
-1.66972e-07
-2.8389e-09
7.3226e-07
3.17211e-07
-6.85906e-07
3.68695e-07
-2.04253e-07
7.39195e-07
-5.34943e-07
5.02465e-07
4.24879e-07
4.89661e-07
-7.90846e-07
9.38457e-07
-1.4761e-07
-4.75322e-07
1.0906e-07
-5.29274e-07
4.20213e-07
7.68036e-07
1.33945e-07
3.36131e-08
-1.67558e-07
-1.20497e-06
-1.29509e-06
6.28496e-07
6.66598e-07
-8.29598e-08
4.85767e-07
-6.01115e-08
3.416e-07
-3.13378e-08
3.13378e-08
6.66466e-07
6.56085e-07
6.65033e-07
7.39727e-08
-7.39006e-07
-7.0823e-08
-1.32705e-07
5.40567e-07
1.91692e-07
-6.6787e-07
7.70115e-07
-6.28627e-07
-8.91906e-07
7.04639e-07
1.87267e-07
7.74077e-08
-1.62304e-07
-7.29602e-07
-2.83322e-07
-9.87754e-07
1.96907e-07
-5.41335e-07
1.29259e-06
-7.5126e-07
7.55447e-07
2.90323e-07
-1.04577e-06
-8.44088e-07
7.11727e-07
-2.32306e-07
-9.5966e-07
3.24992e-07
6.34668e-07
8.28904e-07
-3.94724e-07
-4.3418e-07
-7.74311e-07
1.06441e-07
7.76153e-07
2.78871e-07
-7.77618e-07
4.62106e-07
3.15512e-07
-2.94627e-07
-1.32278e-06
7.81442e-07
-3.73031e-07
6.66485e-07
-1.23477e-07
-2.33744e-07
5.39544e-07
5.70304e-07
-1.10985e-06
9.2076e-07
-4.58654e-07
4.17942e-07
5.02818e-07
4.07465e-07
-6.13013e-08
2.5537e-07
1.51424e-06
-8.36702e-07
-6.77535e-07
1.02758e-06
-6.09638e-07
4.60979e-07
5.66601e-07
-1.16379e-06
4.01384e-07
7.62409e-07
1.12791e-06
-6.94829e-07
-4.33085e-07
3.89314e-07
-4.69203e-07
7.98883e-08
6.66649e-07
-1.86767e-07
-4.1423e-07
1.28099e-06
-7.41445e-07
-6.18075e-07
9.08397e-07
-1.19134e-06
5.5102e-07
6.40325e-07
-1.39959e-07
1.57042e-07
5.42478e-07
-6.9952e-07
-3.43673e-07
-4.41862e-08
2.42598e-07
-5.36389e-07
2.93791e-07
9.24934e-07
5.89303e-07
-7.78221e-07
1.68104e-07
6.10117e-07
5.84909e-07
1.90886e-07
-6.20325e-07
4.29439e-07
4.43962e-07
8.79152e-07
-1.32311e-06
-5.62849e-07
-6.67278e-07
6.35673e-07
3.16052e-08
-3.1216e-07
-4.97196e-07
-5.5564e-07
7.46526e-07
-4.911e-07
-5.79181e-07
1.07028e-06
1.012e-06
-7.88557e-07
-6.45379e-07
1.43394e-06
-4.68931e-07
7.7893e-07
-3.09999e-07
1.27966e-06
-5.86285e-07
-6.93372e-07
2.909e-07
-9.08974e-07
-8.78814e-07
-2.04276e-07
7.46753e-07
1.45556e-07
5.71749e-07
-7.17306e-07
1.39401e-06
-5.14859e-07
-4.87942e-08
-6.50999e-07
6.99793e-07
1.04171e-06
-4.08621e-07
-2.14446e-07
-4.05879e-07
1.48208e-06
-7.00639e-07
2.64736e-07
5.70779e-07
-8.35515e-07
-5.81723e-07
-8.55549e-08
6.0471e-07
-2.87355e-07
-6.98473e-07
9.57574e-07
-2.59101e-07
1.30238e-07
2.27738e-07
-3.57976e-07
7.30534e-07
-2.27715e-07
2.29871e-08
-5.04642e-07
9.39308e-07
-4.34666e-07
-1.07186e-06
4.85577e-07
9.31647e-07
-6.66911e-07
1.34588e-06
-1.01462e-06
-3.3126e-07
-8.63119e-07
2.83938e-07
-6.06794e-07
-1.71427e-07
9.8999e-08
-9.8999e-08
3.57079e-08
-3.57079e-08
9.27855e-08
-9.27855e-08
-2.10243e-07
-2.88922e-09
-6.68665e-07
6.68665e-07
-2.45951e-07
2.45951e-07
2.01161e-07
-2.01161e-07
-1.15963e-07
-1.39047e-07
1.39047e-07
1.50952e-07
-1.62106e-07
1.62106e-07
4.94613e-08
-4.94613e-08
4.43946e-07
-4.43946e-07
-1.44377e-07
1.44377e-07
-5.44985e-09
9.00597e-07
-8.95148e-07
-2.60484e-07
2.60484e-07
-3.15632e-07
3.15632e-07
8.49071e-08
1.00934e-06
-1.09425e-06
7.28179e-07
-1.24304e-06
1.01655e-06
1.66741e-07
7.8944e-07
2.5227e-07
2.90814e-07
-5.05259e-07
7.04122e-07
6.1506e-07
1.12449e-07
1.75056e-07
-2.87505e-07
6.23271e-07
-7.78731e-07
1.14391e-06
3.15467e-07
3.86518e-07
-7.01985e-07
-4.13923e-07
1.26569e-07
-9.45046e-07
1.93786e-07
-4.71997e-07
-4.36977e-07
4.32372e-07
-2.45644e-07
8.12244e-07
-6.65619e-07
-3.80152e-07
-5.74912e-07
5.26117e-07
5.47599e-07
-1.32633e-06
-8.07306e-07
-1.3774e-07
-3.13775e-07
-2.42242e-07
1.09537e-07
-4.58615e-07
3.7306e-07
5.72252e-07
-3.43684e-07
-3.77542e-07
5.09759e-07
-5.29886e-07
4.03262e-07
-3.98997e-07
6.82936e-07
-9.1052e-07
4.38522e-07
-3.77344e-07
5.07582e-07
-8.21845e-07
5.47516e-07
2.74329e-07
5.67238e-07
3.411e-09
-5.70649e-07
7.8399e-07
-7.60538e-07
4.53963e-07
3.06575e-07
-1.12315e-06
4.24674e-07
-1.39147e-06
4.31897e-07
9.59575e-07
6.1203e-07
3.27277e-07
-3.32046e-07
4.8489e-07
-1.48534e-06
4.70724e-07
-1.1026e-06
-1.42113e-06
5.27172e-07
8.93957e-07
2.9336e-07
2.73481e-07
-9.40393e-07
-1.06847e-06
-2.57735e-08
7.18682e-08
-1.27572e-06
6.84551e-07
5.91166e-07
-4.16795e-07
5.83537e-07
-9.53329e-07
-2.89709e-07
1.20818e-06
-4.3509e-07
-4.37353e-08
1.89894e-07
-2.97642e-07
7.32095e-07
-4.34453e-07
-6.1716e-07
6.15441e-07
-3.84826e-08
2.13539e-07
-2.52957e-07
-6.69184e-07
-9.66798e-07
-5.20738e-07
-3.01107e-07
-5.6385e-07
1.21993e-06
9.41883e-07
-3.94367e-07
-1.05345e-06
-9.4077e-08
-2.76094e-07
3.70171e-07
-1.2671e-06
-9.50406e-07
-8.34265e-07
4.90581e-07
1.0221e-06
-9.28898e-07
-7.94992e-07
-2.36527e-07
1.08346e-06
-1.18478e-06
1.01321e-07
-4.02675e-07
6.00234e-07
7.32387e-07
1.05769e-06
-6.05542e-07
2.32511e-07
3.2104e-07
5.79557e-07
-4.93075e-07
-3.55221e-07
-5.22548e-07
8.77769e-07
5.20959e-08
3.72888e-07
-7.48545e-07
3.93171e-07
6.18828e-07
-1.06741e-07
7.22182e-07
6.19353e-07
2.05254e-07
-8.24607e-07
-1.32739e-07
1.76727e-07
-9.86146e-07
8.09419e-07
6.30261e-07
-7.37001e-07
-1.12004e-06
7.39891e-07
-8.69334e-07
6.16377e-07
-2.23839e-07
1.80104e-07
1.23215e-06
-2.29794e-07
-2.75466e-07
6.4433e-07
-5.26753e-07
-5.75843e-07
-8.39603e-09
1.23311e-07
-2.09416e-07
9.60717e-07
4.93293e-07
-1.54674e-06
-1.23666e-07
1.49499e-07
-2.58331e-08
-8.99636e-07
1.76686e-07
7.2295e-07
-1.62229e-07
-1.25276e-07
1.69434e-07
-6.90172e-07
-9.33034e-07
7.85423e-07
7.62004e-08
-1.57355e-07
8.11545e-08
1.32062e-07
-9.88761e-08
-1.0171e-06
7.84798e-07
-4.63736e-07
-6.56307e-07
6.46507e-07
-3.72179e-07
9.71607e-07
7.61101e-07
-3.71042e-07
-3.90059e-07
2.85895e-07
-1.13831e-06
1.57197e-07
-1.11562e-06
6.51885e-07
-5.24454e-07
-3.92022e-07
-2.52793e-07
7.51558e-07
-4.98765e-07
-1.047e-06
-4.83274e-07
1.06283e-06
-2.77214e-07
4.77443e-07
-2.6784e-07
-9.16942e-07
2.34606e-07
-3.70362e-07
7.63533e-07
-8.81325e-07
6.44717e-07
2.36608e-07
-8.70155e-07
5.65227e-07
3.04928e-07
2.42229e-08
-4.85655e-07
6.75548e-07
-9.74014e-07
6.968e-07
-9.01029e-07
5.97976e-07
1.34119e-07
9.41058e-07
4.30359e-07
-1.37142e-06
3.44477e-07
-5.3044e-07
-3.47928e-08
2.67316e-09
3.21196e-08
-6.97615e-07
-3.18931e-08
7.29508e-07
7.22739e-07
2.48281e-07
-1.96185e-07
4.95178e-07
-1.24372e-06
3.22129e-07
-1.05333e-07
2.16909e-07
9.57345e-07
4.48987e-08
-7.0954e-07
-4.69549e-08
-8.12515e-07
8.5947e-07
-1.48235e-07
4.4052e-07
1.11836e-08
-4.51704e-07
-7.32754e-08
-3.07138e-07
6.80026e-07
-1.15332e-07
5.02678e-07
-3.87347e-07
-1.23483e-07
-5.51824e-07
-4.12577e-07
-2.0439e-07
6.16967e-07
-5.68415e-07
-6.4965e-09
5.31859e-07
-3.62425e-07
1.6531e-07
5.81216e-07
2.32342e-07
-2.58175e-07
-4.84422e-08
6.46419e-07
-2.90075e-07
-8.71098e-07
-1.15048e-07
-8.34624e-07
7.87669e-07
8.69471e-07
-8.40475e-08
4.90524e-08
-1.47929e-07
1.5968e-07
7.45988e-07
1.74052e-07
2.00864e-07
-3.74916e-07
3.76366e-07
-1.28085e-07
4.9101e-07
-7.98148e-07
-3.26344e-08
1.08835e-07
-4.34024e-07
1.8671e-09
4.32157e-07
-7.81663e-07
-1.17249e-06
-6.6537e-07
-8.35486e-07
6.78396e-07
1.5709e-07
-2.25438e-07
-2.88935e-07
2.56301e-07
1.34078e-07
-1.4698e-07
1.29014e-08
-6.00308e-07
-1.47128e-07
8.70078e-07
-6.13917e-07
7.71007e-07
-2.87068e-07
-4.93828e-08
1.83461e-07
1.23144e-06
1.43435e-06
4.41882e-07
7.13875e-07
-8.62111e-07
-1.15414e-06
7.59778e-07
-7.23785e-07
7.85093e-08
-8.24497e-07
6.77369e-07
6.4464e-07
4.83946e-07
2.43419e-07
-3.58751e-07
-6.77875e-08
-5.20389e-07
-1.02635e-06
-3.086e-08
-1.26495e-07
6.61091e-08
5.729e-07
2.24484e-07
-7.97384e-07
-3.69021e-07
8.47751e-07
-4.7873e-07
5.62253e-07
-2.86428e-07
2.98289e-07
3.17928e-07
-3.06745e-07
3.96312e-07
-9.80237e-08
-3.72087e-07
-4.6021e-07
-3.46057e-07
8.06267e-07
-1.48719e-06
-2.93723e-07
8.58949e-07
-2.32944e-07
4.65455e-07
5.36246e-07
6.36169e-08
-5.99863e-07
2.96485e-07
3.20482e-07
-1.56084e-07
-5.7201e-08
2.13285e-07
2.55914e-08
-4.83291e-07
4.577e-07
-4.05501e-07
-6.94173e-09
1.80994e-07
-2.71746e-07
8.07992e-07
-8.29232e-07
8.47471e-07
-2.02831e-07
4.42476e-07
-1.02489e-06
2.75483e-07
-7.74248e-07
-5.63245e-08
-4.32692e-07
1.99748e-07
4.96845e-07
9.37091e-07
-7.18536e-07
3.04306e-07
2.61922e-08
1.54802e-07
5.53748e-07
2.83161e-08
1.85223e-07
-2.60236e-07
4.53028e-07
3.21616e-07
7.48665e-07
5.91642e-07
-7.94473e-07
-4.64771e-07
1.30671e-08
-7.53436e-07
2.64517e-07
1.17105e-07
5.82689e-07
8.17917e-07
-5.12989e-07
2.87556e-07
-4.41361e-08
3.1067e-07
9.25921e-08
-1.57387e-07
2.03735e-07
1.92577e-07
1.89532e-07
3.80219e-07
1.61021e-07
-3.18408e-07
-2.17262e-08
2.43993e-08
-2.45933e-08
6.11144e-08
-3.65211e-08
-8.24498e-07
4.4913e-07
3.75368e-07
-6.55029e-07
5.87241e-07
3.83678e-07
7.82198e-09
-3.73638e-07
-3.44897e-07
-1.82606e-07
-5.24217e-07
2.34142e-07
-1.16857e-07
1.99968e-07
-4.44279e-07
8.09508e-07
5.34756e-07
1.4818e-07
4.55415e-07
-2.54551e-07
1.17359e-07
-4.97914e-07
2.26168e-07
-4.48218e-07
-1.65525e-08
-1.9855e-07
-7.38129e-08
1.95179e-07
-3.35261e-07
-5.63269e-07
-2.29248e-07
7.92517e-07
6.60161e-07
-6.15262e-07
8.56371e-07
-1.4145e-07
1.19848e-07
1.88583e-08
-1.38706e-07
-1.52639e-06
5.00044e-07
1.90371e-07
-2.95475e-07
1.05103e-07
6.33972e-07
2.61887e-08
5.02365e-08
-1.78322e-07
5.88317e-07
-5.51401e-07
1.64055e-07
1.24551e-06
-4.64997e-07
-8.64044e-08
-5.22031e-07
-6.80158e-07
-8.21373e-07
2.58104e-07
-4.3262e-07
6.02491e-07
-1.6987e-07
2.22304e-07
4.73402e-08
3.38986e-07
-2.99681e-07
-1.46084e-07
4.45765e-07
-3.85902e-07
6.285e-07
2.71321e-08
-2.71688e-07
7.813e-07
-5.16782e-07
3.92045e-07
4.0112e-08
1.35699e-07
-4.05276e-07
-5.52051e-07
7.18872e-07
1.63497e-07
-5.78704e-07
2.06079e-08
2.35693e-07
7.99727e-08
-3.36893e-07
2.68172e-07
-7.78001e-08
6.55821e-07
-4.73257e-07
6.18813e-07
4.64378e-08
-4.93405e-07
4.46967e-07
5.60532e-07
1.5834e-07
-1.41498e-07
1.62794e-07
-2.12957e-08
4.12653e-07
6.12621e-08
6.3819e-07
-4.13706e-07
-1.16472e-07
4.79014e-07
-3.62542e-07
6.83921e-07
-1.01233e-07
-8.71374e-07
8.28396e-07
5.01315e-07
-4.56484e-07
7.48122e-08
-7.61116e-08
6.54242e-07
-9.37101e-08
3.44165e-08
-6.49679e-07
6.70438e-07
-7.60766e-08
-5.94361e-07
2.67177e-07
-7.07014e-08
-5.75792e-07
6.38614e-07
-6.28216e-08
-5.02341e-07
6.28241e-07
-1.259e-07
1.29234e-07
1.3393e-07
1.76911e-09
3.22434e-07
1.56889e-08
-3.54717e-07
-3.31189e-07
2.74556e-07
-5.66229e-07
-3.11302e-07
-3.11613e-07
-2.00305e-07
-1.74611e-07
3.74136e-07
-7.24908e-08
6.9652e-08
3.24505e-07
-4.47444e-07
-1.27611e-07
5.75055e-07
2.24472e-07
-1.40194e-07
-8.42777e-08
-5.77424e-07
-5.32423e-07
3.83639e-07
6.50756e-07
2.05616e-07
2.96519e-07
2.80247e-07
9.46452e-08
5.48087e-07
1.06155e-07
-1.31888e-07
-1.63587e-07
2.62245e-07
-2.62233e-07
-1.20816e-11
-4.84556e-07
4.51805e-07
-7.25778e-08
-4.50306e-07
3.26248e-07
4.16524e-07
-5.49268e-07
-1.79186e-07
5.26907e-08
-5.17244e-07
5.5166e-07
3.15706e-08
3.18904e-07
-1.71199e-08
-5.28361e-07
6.05811e-07
-7.74497e-08
-3.25032e-08
-5.00629e-07
6.00098e-07
-9.94686e-08
5.32927e-08
3.41347e-07
-3.9464e-07
4.39797e-07
-3.89102e-07
1.51804e-07
1.54964e-07
-3.06767e-07
-7.85655e-08
2.2241e-08
5.94525e-07
5.53503e-07
8.51114e-08
1.28418e-07
-1.51069e-07
2.26509e-08
5.76669e-07
-2.90094e-07
5.78183e-08
5.18449e-07
-2.62277e-07
-1.26825e-07
5.40676e-07
-2.22269e-08
4.82959e-07
-5.97437e-07
6.23626e-07
-5.44877e-07
2.76325e-08
7.17373e-08
-2.07061e-07
2.64879e-07
4.77854e-07
2.31014e-08
5.82709e-07
-1.87488e-07
3.12282e-08
-4.29352e-07
-5.30351e-07
4.39194e-07
2.05876e-07
3.59695e-07
1.26072e-07
-5.21775e-07
-6.69694e-08
1.27585e-07
1.80183e-07
-2.5683e-08
4.93142e-07
-1.52878e-08
2.80222e-07
4.46416e-07
-8.67211e-08
3.01789e-08
2.50043e-07
-6.19462e-07
-8.32159e-08
7.02678e-07
-4.27849e-08
-6.96221e-07
-3.36335e-08
-6.34828e-07
-7.47121e-08
2.76026e-07
1.7039e-07
-5.00603e-07
9.05545e-08
4.10049e-07
-7.01798e-07
-2.87998e-09
-5.37273e-08
5.66073e-08
6.37902e-08
-1.76882e-07
-1.01999e-06
7.71389e-07
2.486e-07
-1.33749e-07
-2.43648e-07
-3.94165e-07
5.42596e-07
-3.09663e-07
2.99999e-07
1.40528e-07
5.81447e-08
2.15354e-08
2.02937e-07
2.02996e-07
-1.36033e-07
2.83274e-07
-1.64979e-07
4.86887e-08
1.1629e-07
-6.68308e-07
2.63415e-07
4.04893e-07
2.1285e-07
2.28437e-08
-3.015e-07
4.3099e-07
-3.95508e-07
-6.94174e-07
1.26179e-08
-6.01475e-07
-1.82702e-07
1.77227e-08
-2.58355e-07
-1.35809e-07
-8.85159e-08
6.55046e-08
2.30113e-08
-2.58078e-07
6.09354e-07
-5.34542e-07
-2.40698e-07
8.69699e-07
-6.92278e-07
1.09503e-07
-1.47087e-07
2.2641e-07
2.45056e-07
1.80346e-07
1.31653e-07
-5.02498e-08
3.44799e-07
-2.0294e-08
-6.06834e-07
7.09937e-07
-1.38188e-07
5.26138e-07
-5.78006e-08
-6.85653e-07
7.43453e-07
-1.13121e-07
6.97158e-07
-5.84037e-07
6.15816e-07
2.10194e-07
6.50197e-09
6.17293e-07
-3.71303e-07
1.12948e-07
-6.92579e-07
1.02799e-07
5.8978e-07
4.16866e-07
3.01004e-08
-3.6783e-08
1.7731e-07
1.29525e-07
-6.94174e-07
6.16724e-07
5.38388e-07
7.74283e-08
7.49829e-07
-7.57877e-07
-2.79805e-07
-9.14975e-08
6.34919e-07
3.34707e-08
1.83439e-07
1.35572e-07
3.185e-07
1.78429e-07
2.67438e-07
-1.33258e-07
3.22364e-07
-1.43536e-08
-3.08011e-07
-8.2751e-08
-6.11423e-07
2.30382e-07
-1.7709e-07
6.96497e-07
-6.11385e-07
7.14648e-07
-2.11979e-07
-5.0267e-07
3.06927e-07
1.42572e-07
3.47786e-08
7.51063e-10
-3.55296e-08
-2.07227e-07
3.21848e-07
-5.77119e-07
6.67014e-07
-1.50265e-07
6.59875e-08
2.21832e-07
4.44654e-07
-6.49896e-07
7.05856e-07
6.4283e-07
-5.9992e-07
3.72205e-07
-5.9769e-07
-9.64843e-08
-3.65999e-07
5.4368e-07
-1.93074e-07
-7.04705e-08
2.63545e-07
1.76596e-07
6.13224e-07
-7.26345e-07
-2.41583e-07
2.41571e-07
1.71188e-08
-1.27465e-07
-3.92792e-07
-8.29122e-07
5.20209e-08
-8.4621e-07
-1.66678e-07
-7.07681e-07
1.1332e-07
2.71272e-07
-1.23085e-06
-8.50735e-08
1.70542e-07
1.72925e-07
7.66229e-08
2.65721e-07
1.65269e-07
-7.20258e-07
2.01841e-07
1.28622e-07
-1.34489e-07
2.00078e-07
5.92439e-07
1.30205e-07
3.69325e-07
8.01172e-08
5.44778e-07
3.26059e-07
2.56011e-07
5.28285e-07
-6.35366e-08
6.29298e-08
2.97933e-07
-6.04509e-07
-1.4124e-07
-5.59512e-07
2.28323e-07
-3.10348e-07
-7.0787e-07
-6.01526e-07
6.03644e-08
-1.30835e-07
1.38063e-07
1.28604e-07
1.89564e-07
1.53903e-07
1.69037e-07
-4.54931e-07
6.33398e-07
4.26159e-07
1.4449e-07
-2.24777e-07
-1.77898e-07
6.13025e-07
-7.51213e-07
1.49253e-07
-7.50779e-07
-5.43715e-08
-9.58653e-08
7.61627e-07
9.5875e-08
7.6925e-08
-5.7441e-07
7.74488e-07
-2.3232e-07
-3.82241e-07
4.17054e-07
7.26065e-08
-4.57658e-07
6.59669e-07
-2.02011e-07
-5.05725e-08
2.79559e-07
-6.0196e-07
-4.42141e-07
2.82991e-07
-3.40192e-07
-7.11025e-07
7.78745e-07
-4.41931e-07
3.50434e-07
5.46579e-07
-6.33489e-08
-3.00401e-07
8.22413e-08
7.00664e-07
-7.86389e-07
1.20618e-06
-7.28735e-07
1.73819e-07
4.15312e-07
-5.00886e-07
-2.97686e-07
-3.02161e-07
-1.12348e-07
-3.70943e-07
8.0391e-08
9.2409e-08
8.58198e-08
-4.0314e-07
1.17453e-06
-4.12926e-07
5.84137e-07
5.08983e-07
-2.25992e-07
-5.63635e-07
8.2705e-07
1.33654e-07
4.84087e-07
-1.72528e-07
3.08604e-07
-8.45384e-08
-9.18848e-08
-1.01221e-06
2.32014e-07
2.13853e-07
-3.39999e-07
5.68322e-07
-3.8071e-07
-1.97995e-07
-1.6297e-07
4.32965e-07
2.86767e-07
3.48278e-07
7.53127e-08
-9.80565e-07
3.09732e-07
-4.88062e-07
5.90861e-07
-4.38966e-07
7.64242e-08
2.24479e-07
-1.4949e-07
4.97768e-07
1.38255e-07
3.20853e-07
-6.0642e-07
7.63605e-07
-1.33135e-07
-2.12703e-08
5.75671e-07
9.40196e-07
1.24724e-07
4.34647e-07
1.55592e-08
-6.0041e-07
3.06972e-07
-3.4233e-07
4.59608e-09
-1.37731e-07
6.28837e-07
-2.51295e-07
-2.4178e-07
1.65763e-07
1.61417e-07
1.47738e-08
4.58424e-07
-2.58667e-07
7.21364e-08
5.71497e-08
-1.70444e-09
2.14395e-08
-2.75623e-07
1.41795e-07
-7.85031e-09
5.31754e-07
7.39055e-08
1.12503e-06
-5.30047e-07
4.05768e-08
1.02977e-07
-8.03259e-08
-6.98627e-07
6.914e-07
2.04615e-08
1.9805e-07
-2.18512e-07
3.44838e-07
-1.21542e-07
-1.61118e-07
-1.8602e-07
-4.89785e-08
-9.84509e-09
6.71357e-08
-2.33335e-07
2.81773e-07
-8.91952e-08
3.93758e-07
-2.24637e-07
9.96204e-08
-1.94278e-07
6.3616e-07
2.47906e-07
-1.234e-08
9.95655e-09
3.44567e-07
1.60792e-07
-2.84442e-07
-6.21823e-08
1.47487e-07
-1.1573e-07
1.85651e-07
-6.9921e-08
5.69437e-07
-6.54653e-09
1.03317e-07
6.33636e-07
3.91611e-07
6.78842e-07
8.46913e-08
4.86805e-07
6.38224e-07
-5.39791e-07
-5.39626e-07
-4.20407e-07
2.26627e-07
3.15478e-08
5.69437e-07
1.18218e-08
-1.88182e-07
-2.22531e-07
4.53714e-08
7.31921e-09
3.06565e-07
-1.97062e-07
-1.80669e-07
-6.44273e-07
2.1537e-07
-1.42092e-08
-2.4648e-07
-1.40044e-08
-6.95382e-07
2.67174e-08
1.09527e-07
-1.67419e-08
-7.25389e-08
-3.30881e-07
7.31602e-07
-1.57194e-07
-1.09527e-07
7.25389e-08
1.57194e-07
-1.81475e-08
6.39259e-07
-1.95312e-07
3.30881e-07
-7.31602e-07
2.1537e-07
-2.4648e-07
-6.95382e-07
6.39259e-07
2.41006e-07
-5.75449e-08
-2.00307e-07
4.2638e-07
2.36947e-07
-1.44545e-07
1.44545e-07
-2.00307e-07
-3.50918e-07
-2.6807e-07
2.07707e-07
4.17314e-07
-2.03461e-07
4.29197e-07
1.94777e-07
-3.31401e-07
2.61949e-07
-1.6295e-07
-2.61949e-07
-1.81997e-07
-8.20251e-07
-5.49733e-07
9.27105e-08
-2.78716e-08
-7.12771e-08
9.17387e-08
-1.26226e-07
1.1962e-07
-1.21117e-07
9.85731e-08
-1.06718e-06
-1.99739e-07
-4.6055e-07
1.80304e-07
9.7956e-07
2.91139e-08
-4.87641e-07
-5.19845e-08
3.37476e-07
1.87941e-07
1.37687e-07
-3.40117e-08
-2.21416e-08
3.93029e-07
-3.33546e-07
-5.9483e-08
4.25346e-07
-8.07788e-08
5.29842e-08
-5.29842e-08
-2.17837e-07
-4.45269e-08
-4.77685e-07
2.68042e-08
-2.88622e-07
1.25671e-07
-2.01419e-08
4.1317e-07
4.71725e-07
-4.55238e-07
1.28741e-07
-6.64526e-07
7.22359e-07
-1.88167e-07
3.13134e-07
-2.72609e-07
1.52474e-07
-4.46042e-07
-1.1272e-07
-2.50115e-08
2.22129e-07
3.68951e-07
3.26986e-07
-8.36711e-08
-2.90489e-08
-4.40549e-08
-3.04337e-07
-4.15999e-08
6.0366e-07
-2.56481e-07
1.07968e-07
-1.07968e-07
4.24857e-08
-1.41485e-07
-4.24857e-08
5.68866e-08
-9.11232e-08
9.11232e-08
3.34866e-08
-6.06169e-08
-1.79014e-07
3.9945e-08
-1.87032e-07
-1.05535e-06
-9.11126e-08
1.51477e-07
-1.67726e-08
4.32215e-08
-3.40884e-07
-6.6902e-07
-7.57647e-08
2.70542e-07
-1.03354e-07
2.11693e-07
-1.98791e-07
-3.28524e-08
-1.41539e-07
4.30944e-07
-4.30944e-07
3.50417e-07
1.71632e-07
-1.06931e-07
-4.22155e-07
-1.8835e-07
3.05525e-08
1.57798e-07
1.79702e-07
1.34818e-08
4.98737e-08
-1.25128e-07
-3.59795e-08
-1.10398e-08
2.90143e-08
-1.12769e-07
-3.4868e-08
-9.59668e-08
-3.48668e-08
3.48668e-08
9.31538e-08
9.24968e-08
2.97686e-07
-8.57398e-08
-5.96647e-08
1.45405e-07
-1.2042e-07
2.69998e-08
-9.46381e-08
-3.26986e-07
9.77187e-08
9.46381e-08
-9.77808e-08
3.34398e-08
6.4341e-08
-1.11669e-07
7.87193e-10
7.73264e-08
1.15849e-08
-1.12044e-06
6.64513e-07
4.55928e-07
-3.40117e-08
-1.59583e-07
-6.99211e-08
1.59583e-07
5.87736e-08
1.28927e-08
-9.74311e-08
2.10202e-09
-2.34875e-08
-2.10202e-09
2.34875e-08
-2.39568e-08
2.39568e-08
-1.75045e-07
1.2595e-07
-3.29611e-07
-1.45307e-07
-3.41675e-07
5.30533e-08
4.39666e-08
-7.96745e-08
7.96745e-08
-5.30047e-07
6.70651e-08
3.59795e-08
-1.17882e-07
1.92393e-08
-1.71632e-07
-4.19906e-09
-1.03217e-07
5.30643e-08
1.4174e-07
4.10619e-07
4.4127e-07
-3.56578e-07
-1.8512e-07
-7.58751e-08
-1.79014e-07
-1.08449e-07
-1.0199e-08
6.14414e-09
-1.84558e-08
-4.75575e-08
-5.93774e-09
1.80057e-07
-2.50825e-07
-8.33459e-07
4.05125e-07
-7.67379e-08
-8.54223e-08
2.97115e-07
3.01979e-07
1.24335e-07
-4.58215e-08
8.90617e-07
-1.68258e-07
8.94648e-08
5.74986e-08
3.02397e-07
-2.23256e-07
6.32789e-08
-9.31538e-08
-7.1524e-08
6.38224e-07
5.1212e-08
1.19369e-07
-2.48727e-07
7.44549e-08
-1.2595e-07
-2.53773e-07
-4.40344e-07
-1.3131e-07
6.75566e-07
1.74412e-08
3.61722e-07
3.86797e-07
3.06186e-07
-2.87243e-07
8.54139e-08
7.23838e-08
1.68708e-07
2.79581e-07
-1.81173e-08
1.77388e-07
-2.34933e-07
1.19409e-07
4.05253e-07
-8.84315e-08
1.01291e-07
2.09548e-07
-2.16831e-07
-2.4018e-07
1.0566e-07
)
;

boundaryField
{
    back
    {
        type            empty;
        value           nonuniform List<scalar> 0();
    }
    front
    {
        type            empty;
        value           nonuniform List<scalar> 0();
    }
    top
    {
        type            calculated;
        value           nonuniform List<scalar> 
15
(
-4.71467e-07
-4.45867e-07
-3.43467e-07
-2.66667e-07
-3.43467e-07
-1.728e-07
-1.728e-07
-4.45867e-07
-4.71467e-07
-4.032e-07
-6.18667e-08
-6.18667e-08
-4.032e-07
-4.8e-07
-2.66667e-07
)
;
    }
    outer_arc
    {
        type            calculated;
        value           uniform 0;
    }
    bottom
    {
        type            calculated;
        value           nonuniform List<scalar> 
15
(
1.23405e-06
3.75838e-08
-4.54072e-07
-4.49499e-07
9.43599e-07
6.06815e-10
3.6375e-07
5.80202e-07
-2.34998e-07
2.5458e-07
-3.19929e-07
5.43713e-07
1.35591e-06
-1.38989e-07
1.09415e-06
)
;
    }
    inner_arc
    {
        type            calculated;
        value           uniform 0;
    }
}


// ************************************************************************* //
