/*--------------------------------*- C++ -*----------------------------------*\
  =========                 |
  \\      /  F ield         | OpenFOAM: The Open Source CFD Toolbox
   \\    /   O peration     | Website:  https://openfoam.org
    \\  /    A nd           | Version:  9
     \\/     M anipulation  |
\*---------------------------------------------------------------------------*/
FoamFile
{
    format      ascii;
    class       volVectorField;
    location    "1.33";
    object      U;
}
// * * * * * * * * * * * * * * * * * * * * * * * * * * * * * * * * * * * * * //

dimensions      [0 1 -1 0 0 0 0];

internalField   nonuniform List<vector> 
1655
(
(0.0502305 -0.0342317 -4.92428e-18)
(-0.0186769 0.0338141 3.24512e-17)
(0.0155164 0.0291387 2.66225e-17)
(0.0218044 -0.00273545 -1.58174e-17)
(0.102096 0.120471 0)
(0.0620615 0.0344749 9.96602e-18)
(-0.0394621 0.0239024 0)
(0.0491858 0.192679 -1.773e-17)
(0.0938343 0.277052 0)
(0.0980717 0.11019 -8.62789e-18)
(0.0808319 -0.0413598 3.93508e-17)
(0.0834948 -0.0459582 -3.8763e-17)
(0.0344995 0.11233 3.36695e-22)
(0.0304569 -0.0502866 -2.03282e-17)
(-0.0381756 -0.202659 2.02686e-17)
(-0.0837316 0.0782225 0)
(-0.206589 0.114868 3.46691e-17)
(0.129172 0.104805 1.05937e-17)
(0.0464531 0.0206818 -3.97514e-17)
(0.0231807 -0.0117915 -1.12853e-17)
(-0.0612967 -0.0207274 4.59654e-18)
(0.0893732 0.298527 0)
(0.0898592 0.171685 -2.13109e-17)
(0.0799129 0.157974 9.90108e-18)
(0.0609916 -0.0436546 -6.19137e-18)
(-0.232614 0.139357 -4.09477e-17)
(-0.0904972 0.115578 -1.81113e-17)
(0.0717788 0.285939 -2.11945e-17)
(0.0646533 0.281029 2.85552e-17)
(-0.055119 -0.0491946 -2.0323e-17)
(-0.118054 0.019254 5.1131e-17)
(0.0922165 0.0351859 -5.47641e-18)
(0.0194816 -0.15675 -7.41959e-18)
(0.0154419 0.0258516 0)
(0.119915 0.0783037 0)
(0.00332383 0.0151055 0)
(0.0754865 0.0387792 -2.67773e-17)
(-0.0169408 0.0190632 0)
(0.0208199 -0.146382 -1.01435e-17)
(-0.015403 0.0218897 -3.50335e-17)
(-0.0757458 0.042794 1.96457e-17)
(0.0935025 0.157748 1.72302e-17)
(0.0223051 -0.133638 -1.06255e-17)
(0.0514827 0.0198447 3.14472e-17)
(0.00696412 -0.0327507 0)
(0.0442878 -0.0109404 0)
(0.0390693 -0.000412685 4.92006e-17)
(-0.00194641 0.0138707 0)
(0.0926329 0.0691712 1.92307e-17)
(0.0302028 -0.131249 2.58579e-18)
(0.0733523 0.036756 2.96184e-17)
(0.0593305 0.0271677 -1.97361e-17)
(-0.0542922 -0.23794 -2.16481e-17)
(0.0908232 0.270728 1.89748e-17)
(0.131128 0.208255 -2.45029e-17)
(-0.0662959 -0.0875607 0)
(-0.107791 0.147893 -9.478e-18)
(0.0595219 -0.0293952 0)
(0.097937 -0.030608 0)
(-0.129778 -0.187975 2.07978e-17)
(-0.156343 0.021737 -5.10659e-17)
(0.0467134 0.0213822 0)
(0.0617631 -0.0451562 0)
(0.0677034 0.23263 -4.88741e-18)
(0.0979253 0.028155 0)
(-0.0413869 0.0280415 0)
(0.113205 0.00857276 4.56847e-17)
(0.0786328 -0.0342651 -2.26198e-17)
(0.0955845 0.0173555 0)
(0.0819719 0.146721 -1.97e-17)
(0.0546532 -0.026704 2.51444e-17)
(-0.0179392 0.0219486 -1.20906e-18)
(-0.0569696 -0.0883097 -1.26123e-18)
(-0.0334417 -0.189627 1.84857e-17)
(-0.124496 -0.009081 -2.36697e-17)
(0.00900599 -0.0226028 1.11236e-17)
(0.0580084 0.255405 -6.48748e-18)
(0.0722138 -0.0153204 0)
(-0.0824653 0.0932045 0)
(-0.0581656 -0.0395918 0)
(0.0993886 0.0254763 2.51553e-17)
(-0.00326056 0.000294463 -1.13118e-17)
(0.13351 0.212523 2.50406e-17)
(0.0697358 0.0260174 1.26739e-17)
(-0.0575351 -0.107887 0)
(0.0182088 -0.0378387 0)
(-0.104494 -0.00713986 -1.43182e-17)
(-0.0621415 -0.0520403 0)
(0.0318846 -0.0411475 -9.84912e-18)
(0.0098327 -0.0357228 0)
(0.0318752 -3.57536e-05 0)
(-0.0100383 0.0243979 1.25465e-17)
(0.0626839 0.0278455 2.43112e-17)
(0.0786398 0.0593089 0)
(-0.0115163 0.0690243 0)
(0.0580935 0.0219458 4.04856e-17)
(0.0877351 0.00904855 -3.87581e-17)
(0.077709 -0.0277697 0)
(0.080378 0.036304 -1.17156e-17)
(-0.00969961 -0.176025 2.44556e-17)
(-0.0305371 0.0276547 -7.89002e-17)
(0.0662529 0.0151602 -2.56142e-17)
(0.0915668 0.075647 -2.51021e-17)
(0.0912919 0.0182996 2.68675e-17)
(0.142871 0.185966 0)
(0.0588545 0.022807 -1.55632e-18)
(0.0921575 0.226403 -2.15752e-17)
(-0.0477482 -0.0238402 0)
(-0.0109647 -0.168218 0)
(-0.0370856 -0.0670399 -2.2149e-17)
(-0.000738166 -0.173888 1.70902e-17)
(0.0567154 -0.0329314 2.00497e-17)
(-0.038338 -0.0467447 1.34157e-17)
(-0.0552001 -0.129374 2.25138e-17)
(0.0998414 0.202967 2.05149e-17)
(0.0382999 -0.0133358 -1.30651e-17)
(0.093137 0.219285 -2.19263e-17)
(0.0909827 -0.0245767 0)
(0.0349172 -0.0449011 1.95122e-17)
(0.141195 0.18409 -4.35393e-17)
(-0.0653394 -0.0737588 -3.78427e-17)
(-0.115854 -0.0204607 3.84933e-17)
(-0.139031 0.00929352 -3.0375e-17)
(0.16106 -0.0050583 2.83114e-17)
(0.105314 0.0175885 9.94757e-18)
(0.0815143 0.206717 0)
(0.0308501 -0.115496 -2.44296e-17)
(0.00286003 0.00398714 2.22117e-17)
(-0.107421 0.089903 -3.04876e-18)
(-0.033317 -0.135044 -2.92445e-18)
(0.10297 0.0578633 5.68082e-18)
(0.00193143 -0.175288 3.01536e-17)
(0.0780982 0.236795 1.89148e-17)
(0.0824761 0.194873 1.98959e-17)
(-0.0230562 0.0355899 0)
(0.023773 -0.0379543 0)
(0.101512 0.137339 -1.1596e-17)
(-0.0444379 -0.167749 1.96498e-17)
(-0.0675873 0.101424 1.03659e-17)
(0.104935 0.00129109 -1.03536e-17)
(-0.0920521 -0.151582 1.35628e-17)
(-0.127487 0.163975 1.85062e-17)
(-0.157157 0.152474 0)
(-0.20054 -0.0890989 0)
(-0.253486 0.114804 -1.14822e-17)
(-0.21192 -0.066959 0)
(-0.173731 -0.104867 -4.0324e-17)
(-0.143747 -0.167465 3.24322e-17)
(-0.160625 -0.137193 2.09056e-17)
(-0.26214 0.0536909 0)
(-0.259856 0.0205963 1.97803e-17)
(-0.268324 0.0915253 -1.0633e-17)
(-0.225137 -0.0403814 2.07176e-17)
(-0.24713 -0.0121582 1.80618e-17)
(0.015942 -0.0503532 0)
(0.0299215 -0.103537 3.9376e-17)
(0.0692937 0.019342 2.55593e-18)
(-0.0616649 -0.0336726 1.08062e-17)
(0.0990657 0.209486 0)
(0.0713528 0.0167107 -2.7266e-17)
(-0.0876522 -0.0374709 3.07802e-17)
(0.102091 -0.106024 0)
(0.0987109 0.256411 -8.55229e-22)
(-0.0586007 -0.0167031 0)
(-0.116475 -0.0467186 0)
(0.0880096 -0.0333829 -1.04739e-17)
(0.0814275 0.273092 0)
(0.0960509 0.205248 -4.13381e-17)
(0.075323 0.0159986 6.30676e-18)
(0.0351389 -0.0898241 0)
(-0.121945 0.103735 0)
(0.124355 0.205175 0)
(-0.0899751 -0.0812146 1.26509e-17)
(0.0970865 0.231013 2.18112e-17)
(-0.0638996 -0.0805498 1.3193e-18)
(0.097103 0.223519 2.17276e-17)
(0.0995177 0.0607147 5.70297e-18)
(0.0152731 -0.118469 0)
(-0.0363658 -0.160794 -2.33369e-17)
(0.0220053 -0.0322755 1.84862e-17)
(-0.0338255 -0.0854174 2.71029e-17)
(0.128479 0.197865 1.69721e-17)
(0.0544556 0.0241317 -3.62716e-17)
(0.143559 -0.00572068 -6.19091e-18)
(0.00425535 -0.0286668 -1.18934e-17)
(-0.0172302 -0.183022 0)
(0.0107265 -0.016106 0)
(-0.027511 -0.172771 0)
(0.133968 0.14756 0)
(0.127209 0.19341 -1.64951e-17)
(0.0101945 -0.0249608 -2.13785e-17)
(0.0590716 0.0267837 0)
(0.133575 0.164325 -2.20892e-17)
(0.0759268 0.0264125 2.77626e-17)
(0.00545748 -0.201473 0)
(-0.0373809 0.0250534 -1.33491e-17)
(0.134845 0.165637 0)
(-0.00698373 -0.192788 0)
(0.00255188 -0.00454987 2.56367e-17)
(0.130846 0.187506 0)
(0.118411 -0.0122532 1.41508e-17)
(0.0955516 -0.0104131 -6.35773e-18)
(-0.0947968 0.0119578 2.32428e-17)
(-0.107609 0.00459711 5.17975e-17)
(0.0736955 0.0458651 -1.9799e-17)
(-0.0423972 -0.0415612 1.55548e-17)
(0.0322544 -0.172316 0)
(0.13208 0.149877 0)
(-0.0329402 -0.148588 6.92863e-17)
(-0.0364434 0.00821981 0)
(0.179655 0.0282405 3.70783e-17)
(0.123624 0.0221957 -1.02517e-17)
(0.0155623 -0.0293639 0)
(0.087914 0.212177 2.1603e-17)
(0.0364069 -0.0513466 -2.19203e-18)
(0.127012 -0.000706834 4.8175e-17)
(-0.0155507 0.00766635 -1.22053e-17)
(0.0732118 -0.0801699 0)
(0.175091 0.012323 2.10839e-17)
(0.130283 0.183618 0)
(0.000867538 0.00359184 0)
(-0.0522978 -0.0646005 -4.48583e-17)
(0.0260997 -0.160129 3.13858e-17)
(0.127191 0.179162 2.20552e-17)
(0.0264937 -0.170268 -2.26254e-17)
(0.0287529 -0.214924 2.17306e-17)
(0.0317727 -0.214912 -2.16486e-17)
(0.0612634 0.0319871 0)
(0.173382 -0.00494186 2.67394e-17)
(0.18798 -0.0159878 2.14209e-17)
(0.0534562 -0.161588 0)
(0.1784 -0.0445893 -2.67648e-17)
(0.194287 -0.0594739 2.67318e-17)
(0.0897787 0.0183207 -4.29407e-17)
(0.0319094 -0.182063 -2.23365e-17)
(0.0527556 -0.169371 2.18712e-17)
(0.0158588 -0.20794 0)
(0.131909 0.150783 0)
(0.0212319 -0.207658 2.69924e-17)
(0.188724 -0.0935015 2.13726e-17)
(-0.0357148 -0.0932323 -2.07426e-17)
(-0.00725131 0.00129086 3.92518e-17)
(0.201542 -0.11006 -2.66966e-17)
(-0.047849 0.0727745 1.86127e-17)
(0.131436 0.175106 5.5198e-18)
(-0.0645246 0.0100068 -2.76488e-17)
(-0.140058 0.0501525 1.64928e-17)
(0.097284 0.247807 0)
(0.00652045 -0.199518 -5.41158e-18)
(0.127134 0.18352 0)
(0.0647489 0.022836 -1.7974e-17)
(-0.0508681 0.0113239 4.44206e-18)
(0.137771 0.115189 -2.17042e-17)
(0.145767 0.0307565 -1.5538e-17)
(0.0377214 -0.184821 2.19688e-17)
(0.19033 0.0203835 -2.646e-17)
(-0.010305 -0.183383 -2.25448e-17)
(0.132145 0.171042 -5.49697e-18)
(-0.00315608 -0.159073 2.93586e-17)
(0.0335542 -0.152723 2.07171e-17)
(0.126155 -0.148862 1.61511e-17)
(-0.040284 -0.154416 2.23183e-17)
(0.0460326 -0.220801 2.15698e-17)
(0.139797 0.0167721 2.1347e-17)
(0.127569 0.106899 2.17669e-17)
(0.106445 0.186804 2.19071e-17)
(0.0372668 -0.153342 0)
(0.0324616 -0.0826517 -3.05713e-17)
(0.0213556 -0.174573 1.18174e-17)
(0.0388762 -0.0922632 0)
(-0.020219 -0.186226 -2.32501e-17)
(0.110726 0.0668302 1.67691e-17)
(-0.00232955 -0.0108936 1.1484e-17)
(-0.0289736 -0.164821 0)
(0.0652353 -0.0291879 1.36592e-21)
(0.113251 0.0797109 -1.69063e-17)
(-0.141757 0.0518601 0)
(0.136371 0.167678 2.74699e-17)
(0.137809 0.181008 -2.7713e-17)
(0.160657 -0.191511 5.28641e-18)
(0.134886 0.187423 2.25164e-17)
(0.112259 0.173292 5.49973e-18)
(0.10173 0.0498516 2.24239e-17)
(-0.0865516 -0.2186 1.96073e-17)
(-0.0754336 -0.186098 -3.70326e-17)
(0.122612 0.108073 -2.24065e-17)
(0.134836 0.1754 2.22068e-17)
(0.00562415 -0.176429 1.96321e-17)
(0.0379593 -0.165407 0)
(0.124958 0.101668 0)
(0.127834 0.129754 2.19226e-17)
(-0.063893 0.0522253 2.12277e-17)
(0.0396595 -0.1237 4.57476e-17)
(0.119441 0.206295 0)
(0.134937 0.164018 -2.21703e-17)
(0.0325524 -0.205531 5.49433e-18)
(0.0285132 0.117812 0)
(0.187999 0.00289208 -3.73129e-17)
(-0.04142 0.0778607 -2.15642e-17)
(-0.0285964 -0.1674 -5.43452e-17)
(0.00886715 -0.188855 -2.28377e-17)
(0.0418418 0.0352274 0)
(0.0120443 0.00481359 3.39578e-17)
(0.0436511 -0.215167 -5.45739e-18)
(0.0512877 -0.219184 -4.31182e-17)
(0.135531 0.179098 -2.3638e-17)
(0.0150052 -0.199416 -5.5334e-18)
(-0.00472782 -0.188595 5.40843e-18)
(0.135402 0.153383 -5.5189e-18)
(0.0663306 -0.22382 -2.14874e-17)
(0.114168 0.0921306 0)
(-0.169556 0.0887878 1.16502e-17)
(-0.018627 -0.178882 -5.44471e-18)
(0.143537 -0.166036 -5.38209e-18)
(0.105746 0.19284 0)
(0.135354 0.163345 0)
(-0.0723088 0.113753 -2.14769e-17)
(0.132541 0.19555 -2.21562e-17)
(0.0733774 -0.220729 2.70836e-23)
(-0.00218215 -0.188508 2.38829e-17)
(0.133281 0.184461 0)
(0.0395309 -0.106116 -2.30591e-17)
(0.0109707 -0.18361 3.02003e-18)
(0.0412336 -0.209311 -5.47934e-18)
(0.0163861 -0.194729 -2.22386e-17)
(0.0337426 -0.0116152 3.14432e-17)
(-0.0029303 -0.00354514 1.07748e-17)
(0.111634 0.178871 -2.7702e-17)
(-0.0144662 -0.183878 0)
(0.159354 0.12604 -2.1607e-17)
(0.0427954 -0.177313 0)
(0.134092 0.17358 2.21558e-17)
(-0.000713974 0.0436194 9.8487e-18)
(-0.00293468 -0.182331 -2.17901e-17)
(0.12997 0.138746 2.21324e-17)
(0.0248488 -0.203965 -1.62341e-17)
(0.159251 0.132032 1.62372e-17)
(0.0409679 -0.139529 -2.28662e-17)
(0.0550548 -0.224627 0)
(0.129189 0.135388 0)
(0.00224221 -0.185751 2.35668e-17)
(0.0576243 -0.222427 2.16796e-17)
(0.0823143 0.00507506 0)
(0.174693 -0.0237968 -2.66832e-17)
(-0.0672144 -0.160243 0)
(0.0531893 -0.21775 -3.80843e-17)
(0.0350869 -0.0856421 0)
(0.0243664 -0.205935 5.51003e-18)
(0.00598967 -0.195986 0)
(-0.0294542 -0.154775 0)
(0.0307774 0.0805575 0)
(0.101963 0.0733585 2.16193e-17)
(0.190418 -0.036503 0)
(0.0245353 -0.193983 2.21695e-17)
(0.115799 0.222001 0)
(0.0885712 -0.223947 0)
(0.0503232 -0.223058 0)
(0.0677489 -0.22766 2.01453e-22)
(0.14007 0.161266 -2.19513e-17)
(0.0706225 -0.205441 2.69418e-17)
(-0.115178 -0.196466 -1.87444e-17)
(0.0414007 -0.165788 0)
(0.109975 0.233257 -5.89454e-18)
(0.17536 -0.201046 2.12273e-17)
(-0.0190739 0.0605223 2.25095e-17)
(-0.074568 -0.129488 -1.91187e-17)
(-0.0229382 -0.175127 5.71148e-18)
(0.0277127 0.0688398 -2.17952e-17)
(0.133389 0.17813 0)
(0.0672499 -0.200792 0)
(-0.0318459 0.0480297 0)
(0.0253203 -0.186176 2.22055e-17)
(-0.024018 0.0553039 0)
(0.0872209 -0.229231 0)
(0.0284123 0.0567977 0)
(0.137174 0.154121 5.49711e-18)
(0.183193 0.129957 1.61581e-17)
(0.0882686 0.222111 -1.42147e-21)
(0.0597778 -0.174672 5.41977e-18)
(0.0382455 -0.21854 -2.17479e-17)
(0.0477423 -0.137146 -5.57891e-18)
(0.178203 -0.192807 0)
(0.102296 0.189027 -2.27306e-17)
(0.164805 -0.20585 -2.64998e-17)
(0.0247968 -0.209963 -5.4703e-18)
(0.114324 0.215277 0)
(0.0956174 -0.228114 0)
(0.137487 0.166935 -1.9427e-21)
(0.104676 0.0616975 0)
(0.0411022 -0.211242 -5.39722e-18)
(-0.081336 0.0751114 2.04445e-17)
(0.114232 0.0867877 -2.16522e-17)
(0.180281 0.132675 -2.156e-17)
(0.118561 0.200533 0)
(0.0675998 -0.223454 0)
(0.107788 -0.227777 -2.13515e-17)
(0.0969795 -0.21971 2.13952e-17)
(0.121385 0.113631 0)
(0.103749 0.236138 0)
(0.166393 0.100024 0)
(0.0744881 -0.227854 -2.14825e-17)
(0.0377088 -0.114824 4.55758e-17)
(0.188008 -0.187339 5.29665e-18)
(0.117151 0.166677 -2.74661e-17)
(0.157138 0.114952 -5.39615e-18)
(0.0385151 -0.194108 -2.20133e-17)
(0.12321 0.193619 2.22042e-17)
(0.107905 0.0768561 -2.71527e-17)
(-0.0372887 0.0340044 0)
(0.178747 0.127076 0)
(0.0291479 0.0373047 0)
(0.202 -0.179705 5.29319e-18)
(0.158498 -0.211993 5.32251e-18)
(0.169275 0.124469 0)
(0.0449156 -0.195745 0)
(0.212735 -0.166282 -2.11711e-17)
(0.122731 0.188726 0)
(0.183702 -0.0680204 0)
(0.147738 -0.216011 -1.59906e-17)
(0.117382 -0.225568 2.133e-17)
(0.159479 0.0913904 2.15855e-17)
(0.192571 -0.186968 -5.29201e-18)
(0.0545582 0.036644 5.48098e-18)
(0.111755 -0.221526 0)
(0.129376 -0.221321 2.13366e-17)
(-0.0908033 0.043813 -1.3753e-17)
(0.198522 -0.0843517 0)
(0.0740424 -0.226843 1.61827e-17)
(0.0134461 -0.191771 2.17374e-17)
(0.216357 0.0932265 2.67456e-17)
(0.0153071 -0.206431 0)
(0.11973 0.067762 -6.39553e-21)
(0.128333 -0.223342 0)
(0.0914726 0.0953199 -7.10869e-18)
(0.203724 -0.174879 1.58839e-17)
(0.207205 -0.154718 -1.59116e-17)
(0.0710237 -0.19512 2.16479e-17)
(0.0636901 0.0343555 9.36709e-18)
(0.0221448 0.0266321 0)
(0.216546 -0.16113 0)
(-0.102966 0.116382 1.86698e-17)
(0.163304 -0.195614 0)
(0.123258 0.0898458 2.71071e-17)
(0.1212 -0.216482 0)
(0.157009 -0.20928 0)
(0.21119 -0.164386 -2.64852e-17)
(0.200573 0.102982 2.1432e-17)
(0.168672 0.129354 0)
(0.202225 0.0983345 -6.04972e-21)
(0.134245 0.106295 2.15956e-17)
(0.210375 0.087301 -5.35807e-18)
(0.248815 -0.0725837 -2.12794e-17)
(0.203602 0.0737502 -5.34556e-18)
(0.176703 -0.199382 5.29589e-18)
(0.213247 0.0811721 -4.27924e-17)
(0.185417 -0.186326 2.64871e-17)
(0.181782 0.109247 0)
(0.145131 -0.21092 0)
(0.214266 0.0987746 0)
(0.0902962 0.0562078 0)
(0.166576 -0.175314 -5.30719e-18)
(0.173438 -0.187461 -5.30392e-18)
(0.170694 -0.18813 5.30391e-18)
(0.238322 -0.0687151 -2.13155e-17)
(0.144784 0.0807373 -2.16367e-17)
(0.0972963 0.197509 4.36784e-17)
(0.167514 -0.202957 -5.3021e-18)
(0.134951 -0.216678 0)
(0.190959 -0.167849 5.34497e-18)
(0.175399 -0.171254 0)
(0.166477 -0.156194 -2.12845e-17)
(0.0598995 -0.165425 1.62222e-17)
(0.186939 -0.192576 5.29783e-18)
(0.143733 0.107184 5.3983e-18)
(0.25186 -0.0540635 2.13055e-17)
(0.17354 -0.15163 -5.31838e-18)
(0.159209 -0.134601 -3.7297e-17)
(0.203174 -0.135292 -1.59406e-17)
(0.202448 -0.135309 1.602e-17)
(0.0873529 0.0511063 -1.03892e-17)
(0.0880247 -0.210691 -2.68951e-17)
(0.179842 0.123089 0)
(0.200497 -0.158466 -5.29839e-18)
(0.181822 0.0721142 5.36432e-18)
(0.18289 -0.138211 -5.31721e-18)
(0.195357 -0.17795 -1.5887e-17)
(0.120856 0.0663154 -2.1465e-17)
(0.127694 0.0601765 0)
(0.155519 0.108987 0)
(0.101996 -0.218559 -5.37476e-18)
(0.255525 -0.0437357 -4.79937e-17)
(0.169527 0.0902305 -2.1487e-17)
(0.211647 -0.157748 5.29475e-18)
(0.219051 0.0523405 -5.35158e-18)
(0.207782 -0.0680271 -2.13646e-17)
(0.195073 -0.152329 5.30896e-18)
(-0.0215193 0.022446 -3.07063e-19)
(0.0916762 0.051299 0)
(0.213062 -0.146856 1.59071e-17)
(0.228225 0.0589036 2.6727e-17)
(0.205716 -0.0343031 0)
(0.163843 -0.129562 2.13102e-17)
(0.0562799 0.0376435 1.09543e-17)
(0.235467 -0.0439476 2.66921e-17)
(-0.000371288 0.00514592 0)
(0.204589 -0.0476277 1.60414e-17)
(0.163469 0.0622626 -2.15181e-17)
(0.216841 -0.041022 -5.35462e-18)
(0.227638 -0.0752903 3.72727e-21)
(0.152562 0.0719065 -1.61487e-17)
(0.14211 0.107749 1.6312e-17)
(0.199833 -0.0600935 -2.67152e-17)
(0.196584 0.0912343 -5.36326e-18)
(0.186789 -0.131376 -5.31942e-18)
(0.132825 0.0580336 0)
(0.218647 0.0436762 2.13971e-17)
(0.233174 -0.0601155 0)
(0.23411 -0.105674 1.59319e-17)
(-0.0144225 0.0229758 1.95354e-17)
(-0.0190611 0.0204058 0)
(0.224782 -0.0341443 -2.13819e-17)
(0.227071 -0.080031 0)
(0.148235 -0.143578 4.28003e-17)
(0.242111 -0.0520444 0)
(-0.0367409 0.0238155 -2.08756e-17)
(0.224943 -0.127083 2.6523e-17)
(0.17923 -0.0422248 -1.61856e-17)
(0.214083 -0.0550889 -3.84091e-21)
(0.221137 -0.0974617 5.32237e-18)
(0.224288 0.00651592 -2.66908e-17)
(0.180628 -0.0310195 2.1609e-17)
(0.170705 0.086341 2.1489e-17)
(-0.0253467 0.020618 -1.20382e-17)
(0.00478593 0.00842396 2.05504e-17)
(-0.00892416 -0.00884444 1.36719e-18)
(-0.021223 0.0369563 2.56534e-18)
(0.0197588 0.0225198 1.24802e-21)
(-0.0140283 0.00328714 -4.41149e-17)
(-0.0223998 -0.010318 0)
(0.00446656 -0.00518347 -1.91037e-17)
(-0.0198863 -0.00667661 -3.21075e-17)
(0.050869 0.0206417 -5.64831e-17)
(-0.0169675 -0.00979288 -2.18148e-17)
(0.00866572 0.0080211 0)
(-0.0268516 0.0208408 3.16154e-17)
(0.00157509 -0.0030166 2.19648e-17)
(-0.024014 0.0125714 2.36193e-17)
(0.0018259 0.00403649 0)
(0.189848 -0.114139 1.59804e-17)
(-0.0252328 -0.00587213 -3.3786e-17)
(-0.0167735 0.00190359 0)
(0.197784 -0.0789889 -5.3398e-18)
(-0.209966 0.091773 0)
(0.174103 -0.052418 -1.60868e-17)
(0.218651 -0.0886479 5.32456e-18)
(0.00835178 0.0085579 0)
(-0.155359 -0.0660697 0)
(0.168398 -0.115485 5.33196e-18)
(0.203503 0.0370084 -2.14357e-17)
(0.177986 0.0768399 -5.36738e-18)
(0.253739 -0.0631119 1.5974e-17)
(0.170562 0.0326498 -3.76305e-17)
(0.216529 -0.136944 5.33607e-18)
(0.195083 0.0365432 -1.59185e-17)
(0.154891 0.0839418 0)
(0.0472828 0.0120879 -7.93811e-21)
(0.249553 -0.0819784 2.65886e-17)
(0.138759 -0.220166 -5.31683e-18)
(0.169418 0.0576701 7.25516e-21)
(0.215923 0.0167057 -1.59363e-17)
(0.136199 -0.120722 -5.39514e-18)
(0.207825 0.067316 4.28044e-17)
(-0.144184 -0.0769928 1.9665e-17)
(0.186932 0.0843257 4.83141e-17)
(0.218485 0.0343005 -2.65892e-17)
(0.24299 -0.0900714 -1.5945e-17)
(0.19135 -0.0709306 2.67076e-17)
(0.118624 0.0824916 -4.33474e-17)
(0.0522459 0.00112475 2.16543e-17)
(0.186587 -0.177082 -2.65082e-17)
(0.163752 -0.045784 2.15114e-17)
(0.167546 -0.0360334 -3.8942e-21)
(0.177367 0.10869 0)
(0.0745104 0.0174497 3.66959e-17)
(0.188166 0.0383894 1.60977e-17)
(0.168063 -0.0257472 2.18715e-17)
(0.147426 0.0482104 4.242e-17)
(0.240696 -0.0826996 2.13064e-17)
(0.228077 0.0131565 5.35281e-18)
(0.2383 -0.105123 -1.59567e-17)
(0.169172 -0.108713 -2.13364e-17)
(0.241589 -0.0601461 5.33303e-18)
(0.2417 -0.0381447 0)
(0.241474 -0.0170545 -5.343e-18)
(0.23383 -0.126451 -5.30638e-18)
(0.0722638 0.0058421 -2.1672e-17)
(0.131281 -0.124409 4.27663e-17)
(-0.118731 -0.121276 -1.99796e-17)
(0.241203 0.00298018 -1.60242e-17)
(0.195482 0.0590644 -2.14229e-17)
(0.240824 0.0217949 -1.60057e-17)
(-0.198358 0.018368 5.34225e-18)
(0.133304 0.0351409 1.56192e-17)
(0.150026 0.0752215 2.15349e-17)
(-0.200393 0.0486279 1.04898e-17)
(-0.202287 0.0719844 0)
(-0.170781 -0.0531001 -1.14455e-17)
(-0.103252 -0.144243 -3.67042e-17)
(-0.0882728 0.120823 4.3126e-17)
(-0.178053 -0.029475 4.9781e-18)
(0.206058 -0.0993035 -2.12972e-17)
(0.178987 -0.0791794 5.34289e-18)
(-0.134391 0.10317 0)
(-0.19429 -0.00488942 -4.4123e-17)
(-0.129809 -0.104203 0)
(0.240075 0.0393083 -2.66856e-17)
(0.0632434 -0.0117946 2.16362e-17)
(0.156314 -0.0541586 2.14422e-17)
(0.220317 -0.148281 -2.11819e-17)
(0.119432 0.00954901 2.68064e-17)
(0.078941 -0.00710721 -2.16532e-17)
(0.244479 -0.095194 0)
(0.0791609 -0.031278 -4.31853e-17)
(0.155917 0.0439343 -2.58144e-17)
(0.240343 -0.116546 2.65706e-17)
(0.16023 0.0357283 2.15154e-17)
(0.246599 -0.0729667 -1.59769e-17)
(0.24728 -0.0507281 0)
(0.247082 -0.0291074 5.34389e-18)
(0.22385 0.00341539 -1.06914e-17)
(0.224015 -0.152318 -5.29677e-18)
(0.239751 0.0171935 1.60196e-17)
(0.246403 -0.00842471 0)
(0.136789 -0.018941 2.37233e-17)
(0.165462 -0.0611688 -2.68009e-17)
(0.245293 0.0111215 4.80106e-17)
(0.137286 -0.0386177 0)
(0.111698 -0.043231 1.0727e-17)
(0.183952 -0.0871642 0)
(0.24268 -0.0995669 5.31276e-18)
(0.131634 -0.063441 -2.68169e-17)
(0.0532716 0.0356975 -1.86728e-17)
(0.203216 -0.172023 1.58924e-17)
(0.129789 -0.0448927 0)
(0.154111 -0.0671784 -2.82531e-17)
(0.134008 0.0711087 2.16485e-17)
(0.189688 -0.10634 -5.32824e-18)
(0.144362 -0.0231172 -2.35498e-17)
(0.238013 0.0466584 -2.13521e-17)
(-0.0808558 0.06703 -5.43421e-18)
(0.243675 0.0293001 0)
(0.143867 -0.111343 0)
(0.243084 -0.113896 -5.30726e-18)
(0.221953 -0.11845 0)
(0.206302 -0.127329 2.65691e-17)
(0.115968 -0.0783971 0)
(0.238745 -0.12163 5.30659e-18)
(0.224316 0.0662646 0)
(0.252964 -0.0736926 1.59623e-17)
(0.123595 -0.0209946 0)
(0.207375 -0.107804 2.12972e-17)
(0.226846 0.042201 5.33395e-18)
(0.201704 0.0285368 3.7505e-17)
(0.232819 -0.114989 -2.65556e-17)
(0.226687 -0.145533 0)
(0.201488 0.0521604 0)
(0.132325 0.0101976 2.11167e-17)
(0.146582 -0.0604244 3.31188e-17)
(0.121417 -0.0394716 0)
(0.146314 -0.0907379 0)
(0.225255 0.0249618 3.72694e-17)
(0.254487 -0.0114743 2.13346e-17)
(0.149852 0.0160022 -5.46999e-18)
(0.214161 0.107005 0)
(0.168619 0.0256304 2.14986e-17)
(0.20439 0.000596685 1.07176e-17)
(0.224073 0.0911987 -5.34606e-18)
(0.120083 0.0463315 0)
(0.186945 0.0436946 5.33593e-18)
(0.128697 0.0195231 -9.67172e-18)
(0.225487 0.0799785 0)
(0.22817 0.0582039 0)
(0.214049 0.0169986 -1.07006e-17)
(0.233631 -0.135989 5.30031e-18)
(0.230552 0.031633 -1.06886e-17)
(0.0909237 -0.0259 5.39249e-18)
(0.120563 -0.0496874 1.06972e-17)
(0.0800187 0.0520648 1.01705e-17)
(0.238331 0.0552987 0)
(0.241097 0.0459527 1.06685e-17)
(0.231526 0.0412402 -4.90785e-21)
(0.181772 0.0228459 5.37032e-18)
(0.176289 0.0958639 0)
(0.244241 0.0419244 5.33706e-17)
(0.166345 -0.0919138 2.67218e-17)
(0.228276 0.0725383 -5.34293e-18)
(0.139804 0.0160089 -1.60297e-17)
(0.221644 0.0508853 0)
(0.144002 -0.0849502 -2.779e-17)
(0.136386 -0.0695303 3.78128e-17)
(0.23425 -0.131169 -5.30259e-18)
(0.162276 -0.0842302 5.34625e-18)
(0.11897 -0.0965854 2.28047e-17)
(0.217179 0.0262868 -3.21207e-17)
(0.205474 0.112191 0)
(0.204972 0.117348 -2.6816e-17)
(0.153233 0.0221342 0)
(0.249185 -0.0944068 -2.12551e-17)
(0.234858 0.0692662 4.80641e-17)
(0.190989 0.090712 -6.2566e-21)
(0.106734 -0.0509798 2.15344e-17)
(0.252619 -0.00595165 2.6688e-17)
(0.0285555 -0.0092816 0)
(0.246887 -0.104067 -5.31027e-18)
(0.25229 -0.0845685 1.59389e-17)
(0.169354 0.115609 0)
(0.140699 0.0354596 5.67358e-18)
(0.209396 0.0878505 2.14254e-17)
(0.222365 -0.14515 -1.59057e-17)
(-0.0638123 0.0553468 0)
(0.249164 0.0256678 0)
(0.23719 0.0559952 0)
(0.114767 0.100052 0)
(0.227546 -0.136253 2.12087e-17)
(0.117581 0.160917 2.74011e-17)
(0.12351 -0.0807244 -2.15488e-17)
(0.22621 0.0846072 -5.34414e-18)
(0.177191 0.067843 -2.14851e-17)
(0.231404 -0.0841311 1.59795e-17)
(0.149277 0.0331295 0)
(-0.025844 0.0110973 5.41153e-18)
(0.140852 0.0704318 4.85771e-17)
(0.216051 0.102363 0)
(0.245249 0.0318183 -2.66812e-17)
(0.15109 0.078486 -5.39299e-18)
(0.188061 0.0798524 -1.61037e-17)
(0.207077 0.108157 0)
(0.189013 0.00420797 -4.32228e-21)
(0.227366 0.0672287 -4.27701e-17)
(0.158406 0.011838 -5.47615e-18)
(0.142971 -0.065846 0)
(0.138343 0.0727465 0)
(0.117264 -0.0849955 -1.77112e-17)
(0.115335 -0.0893205 4.06609e-21)
(0.236951 0.0606966 -2.13578e-17)
(0.24106 0.0274501 -1.60207e-17)
(0.221071 0.0935683 -2.13951e-17)
(0.14506 -0.105687 0)
(0.134372 0.0256024 2.52084e-17)
(0.193969 0.0124593 1.08306e-17)
(0.219139 0.0990348 -5.19976e-21)
(0.145806 0.0269081 -5.48248e-18)
(0.124729 0.078201 0)
(-0.040224 0.0132046 -3.7685e-17)
(-0.0442031 0.0216417 -4.36693e-17)
(0.11757 0.0490392 0)
(0.165185 0.0724491 2.15179e-17)
(0.219553 0.0883193 2.13985e-17)
(0.188592 -0.158816 0)
(0.166958 0.0882304 -2.15285e-17)
(0.0559719 -0.035132 -2.15748e-17)
(0.0240877 -0.0146659 2.23104e-17)
(0.207035 0.114298 1.60862e-17)
(0.136842 0.0608739 0)
(0.0500602 0.0281295 -2.14689e-17)
(0.200478 0.0806359 -2.14407e-17)
(0.178669 0.015256 5.47072e-18)
(0.0980137 -0.0575512 0)
(0.21169 0.107848 0)
(0.193393 0.0858832 -1.60814e-17)
(0.0527882 -0.0427135 2.15665e-17)
(0.176694 0.073139 -5.37317e-18)
(0.153807 0.0657903 0)
(0.0451697 0.0255646 0)
(0.255351 -0.064078 -3.72485e-17)
(0.253937 -0.00341498 -5.3333e-18)
(0.11622 -0.100068 5.73678e-18)
(0.228798 0.0804891 2.67268e-17)
(0.247994 0.0115408 1.60128e-17)
(0.246347 0.000891231 -3.73606e-17)
(0.207668 0.0928374 -2.67849e-17)
(0.210638 0.103163 -2.14244e-17)
(0.209583 0.111317 2.6796e-17)
(0.212647 0.0990101 4.8195e-17)
(0.252476 0.00774909 1.60052e-17)
(0.250437 0.0149678 -1.59971e-17)
(0.12549 0.0609229 -5.50137e-18)
(0.219727 -0.127232 0)
(0.221217 0.0819807 -4.27897e-17)
(0.255935 -0.0229733 -2.13384e-17)
(0.141901 0.0544384 -2.1558e-17)
(0.00771827 -0.0129617 2.16487e-17)
(0.230514 0.0729099 -2.13683e-17)
(0.184836 0.104051 0)
(0.193716 0.114791 0)
(0.0320599 -0.198712 0)
(0.254877 -0.052574 2.13102e-17)
(0.136344 0.0942138 0)
(0.137249 0.068488 -1.61918e-17)
(0.16545 0.061943 0)
(0.118078 0.0574163 0)
(0.164073 0.09288 0)
(0.180441 0.102732 -5.37962e-18)
(0.154005 0.061647 0)
(0.195048 -0.171049 2.11994e-17)
(0.255306 -0.0316918 -5.33499e-18)
(0.202284 0.116439 0)
(0.118116 0.062348 -2.74079e-17)
(0.0769406 -0.0817052 -2.15762e-17)
(0.147506 0.0765667 0)
(0.256449 -0.043342 5.33001e-18)
(0.116304 -0.164245 0)
(0.0822729 -0.145287 1.62283e-17)
(0.158944 0.0857981 0)
(0.101741 0.0645163 0)
(0.100955 -0.109946 -2.15542e-17)
(0.190379 0.108979 0)
(0.203795 0.109703 -2.14508e-17)
(0.173158 0.0953083 5.38177e-18)
(0.00952255 -0.0240873 0)
(0.235941 -0.00179054 1.60433e-17)
(0.187638 0.101901 5.37224e-18)
(0.0684129 0.0419618 0)
(0.103342 0.0509563 -1.47429e-17)
(0.242953 -0.0348849 -2.67232e-17)
(0.0818173 -0.0722807 -4.72973e-21)
(0.188694 0.124678 -2.15155e-17)
(0.106104 0.0687969 2.16933e-17)
(0.201303 0.111889 -2.14614e-17)
(0.161531 0.0422253 0)
(0.132907 0.0881355 -1.62183e-17)
(0.190168 0.115419 0)
(0.216133 -0.0265858 -2.14593e-17)
(0.199793 0.104088 0)
(0.189472 0.0673293 5.37077e-18)
(0.188309 0.128327 5.38163e-18)
(0.194902 0.0948296 0)
(0.199564 0.11862 5.36766e-18)
(0.104457 0.0467808 1.8937e-17)
(0.193388 0.108199 1.61102e-17)
(0.131668 0.127469 0)
(0.188938 0.0459118 -1.60994e-17)
(0.0417492 -0.0595861 0)
(0.114811 0.055107 0)
(0.0989563 0.0443752 -1.95077e-17)
(0.199526 0.118324 0)
(0.0413907 -0.0717752 0)
(0.143051 0.0409164 -5.62282e-18)
(0.0956796 -0.123202 2.69389e-17)
(0.194966 0.123673 -2.14978e-17)
(0.214705 0.0752762 -2.14098e-17)
(-0.0142886 -0.166045 2.22849e-17)
(0.0853879 0.0540095 2.20523e-17)
(0.190215 0.121345 0)
(0.190046 0.100689 -5.37075e-18)
(0.125179 0.0624028 0)
(0.051051 -0.0672419 -1.11686e-17)
(0.197879 0.121773 4.53354e-21)
(0.195461 0.11112 0)
(0.178406 -0.0197387 -2.73291e-17)
(0.129627 0.0645359 0)
(0.149401 0.0939425 -5.39492e-18)
(0.0917545 0.061207 1.72375e-17)
(0.0947418 -0.120845 2.15351e-17)
(0.19127 0.126126 2.1509e-17)
(0.190083 0.0609324 1.60998e-17)
(0.107069 0.0511005 -9.07633e-18)
(0.215799 0.0681957 4.28136e-17)
(0.197705 0.121621 2.14855e-17)
(0.151374 0.098772 -5.39771e-18)
(0.168684 0.110773 0)
(0.17672 0.121868 0)
(0.112727 0.160872 2.19026e-17)
(0.20175 0.0748466 1.60804e-17)
(0.203457 -0.0208699 2.72795e-17)
(0.0789134 -0.100362 -5.34769e-18)
(0.201928 0.101306 0)
(0.0614988 -0.0853154 0)
(0.255116 -0.024513 0)
(-0.0397434 -0.0269573 -2.16193e-17)
(0.146342 0.114465 0)
(0.108441 0.16861 -2.22524e-17)
(-0.0314959 -0.0117711 3.81865e-17)
(0.146512 0.0824341 4.30613e-17)
(0.158278 0.0804757 -2.15484e-17)
(0.234676 -0.0275207 0)
(0.160417 0.0800983 -2.15429e-17)
(0.204336 0.0607313 0)
(0.182097 0.115868 0)
(0.175471 0.115282 0)
(0.132329 0.0910594 1.63873e-17)
(0.136414 0.16939 0)
(-0.00523254 -0.193066 0)
(0.175519 0.0473654 0)
(0.114848 0.0792144 0)
(0.101405 -0.225515 -5.36876e-18)
(0.142258 0.159567 0)
(0.25237 -0.0352466 2.66725e-17)
(0.186408 0.12614 -5.38522e-18)
(0.13357 0.174906 0)
(0.164461 0.0760675 -2.15221e-17)
(0.204605 0.0532245 -5.3579e-18)
(0.0523686 -0.0788922 5.57152e-18)
(0.176652 0.102079 0)
(0.106949 0.0718715 -2.11232e-17)
(0.179845 0.13142 -2.16137e-17)
(0.152915 0.0455196 5.48772e-18)
(0.125578 0.0828034 -1.63394e-17)
(0.135634 0.0621525 2.75028e-17)
(0.0861474 -0.118953 -2.14757e-17)
(0.18211 0.127141 0)
(0.0660474 -0.105728 0)
(0.00283975 -0.0657505 0)
(0.108098 0.174262 0)
(0.132178 0.102007 -1.63575e-17)
(0.163037 0.141734 -5.42769e-18)
(0.175354 0.132818 2.163e-17)
(-0.187851 0.12753 1.272e-17)
(0.149727 0.0706362 -5.43749e-18)
(0.0445193 -0.0625948 2.2498e-17)
(0.167487 0.0982651 0)
(0.119067 0.103312 -1.73398e-17)
(0.183834 0.0921784 5.37306e-18)
(0.250531 -0.0167513 0)
(0.191235 0.12069 -2.15278e-17)
(0.182063 0.0940583 5.37418e-18)
(0.137826 0.163828 -2.74007e-17)
(0.0990921 -0.140896 0)
(0.172208 0.136735 -4.33594e-17)
(0.112988 0.15479 0)
(0.156799 0.141079 0)
(0.0444466 -0.123151 5.56869e-18)
(0.149148 0.147673 0)
(0.130403 0.113027 -1.63965e-17)
(0.127336 0.0939775 -5.45518e-18)
(0.0667504 -0.102522 -2.70382e-17)
(0.175804 0.0540758 5.37449e-18)
(0.165151 0.056124 0)
(0.118966 -0.221687 -4.2786e-17)
(0.0737444 0.0434274 5.30777e-18)
(0.174087 0.0854673 1.61352e-17)
(0.0619668 -0.118133 -1.61718e-17)
(0.180429 0.115584 -2.15855e-17)
(0.122637 0.075006 0)
(0.240932 -0.0178996 2.13931e-17)
(0.187253 0.12141 4.84544e-17)
(0.0262417 0.022366 -2.84411e-17)
(0.169479 0.0884587 2.15303e-17)
(0.0677949 -0.177381 -2.16558e-17)
(0.118538 0.116499 -1.9581e-17)
(0.127304 0.105601 -5.46803e-18)
(0.175301 0.0827332 -2.15016e-17)
(0.185536 0.0998882 0)
(0.124594 0.109214 0)
(0.176038 -0.16641 -5.36483e-18)
(0.0191848 -0.181909 0)
(0.168005 0.102437 2.69285e-17)
(0.21223 -0.0125931 0)
(0.19444 0.114953 0)
(0.150857 0.128359 2.7137e-17)
(0.151064 0.142265 0)
(0.230847 -0.011624 -2.13903e-17)
(0.167627 0.138569 -3.45486e-21)
(0.182327 0.111773 -2.15052e-17)
(-0.0208127 -0.0365086 2.17481e-17)
(0.0357254 -0.215632 5.45273e-18)
(0.0779626 0.0397579 1.98064e-17)
(0.19784 -0.00785343 -2.66011e-17)
(0.00827222 -0.0451943 0)
(0.0464569 -0.176413 0)
(0.063747 -0.212064 3.2686e-23)
(0.147584 0.0714142 0)
(0.0716293 -0.217509 -5.40951e-18)
(0.141713 0.0504549 2.14754e-17)
(0.108612 0.157518 -1.63912e-17)
(0.11522 0.110958 1.93959e-17)
(0.0415573 -0.136432 -2.20329e-17)
(0.123071 0.136323 0)
(0.154525 0.0517496 0)
(0.128248 0.0624647 -5.50075e-18)
(0.1272 0.12459 0)
(0.150433 0.147617 -2.18525e-17)
(0.0472458 -0.204281 -5.47018e-18)
(0.0325505 -0.096818 1.61914e-17)
(0.0847385 -0.17323 5.39249e-18)
(0.125441 0.117405 0)
(0.0646057 0.0422803 -2.76911e-17)
(0.164136 0.142236 0)
(0.0912131 0.0569532 5.43365e-18)
(0.143577 0.149276 2.18418e-17)
(0.0667737 -0.129593 0)
(0.174423 0.133677 0)
(0.10966 0.112789 1.00855e-17)
(0.146931 0.0858195 -2.15393e-17)
(0.0883017 -0.135097 2.69733e-17)
(0.159557 0.144495 0)
(0.0338433 -0.110766 -2.16436e-17)
(0.156204 0.148058 2.17574e-17)
(0.17165 0.137055 2.16476e-17)
(0.103463 0.172357 4.96845e-18)
(0.107676 0.151181 -5.03408e-18)
(0.122219 0.129658 -2.31655e-17)
(0.0977092 -0.155357 1.62523e-17)
(0.102301 0.164929 -4.91719e-18)
(0.151686 0.150653 -2.17835e-17)
(0.118143 0.1419 -2.25574e-17)
(0.00995594 -0.0180963 -2.35957e-17)
(0.142162 0.160774 2.7368e-17)
(0.0583793 -0.212291 2.17314e-17)
(0.0529415 -0.140144 -2.22082e-17)
(0.0786522 -0.203384 5.40455e-18)
(0.112496 0.141054 2.11047e-17)
(0.118006 0.147717 -2.18866e-17)
(0.0439001 -0.132758 -1.70689e-17)
(0.16566 0.137677 0)
(0.10342 0.182799 0)
(0.148803 0.154238 -2.18291e-17)
(0.0810501 -0.157859 -5.40502e-18)
(0.0816773 -0.195735 -5.39463e-18)
(0.0921626 -0.16609 2.16876e-17)
(0.126246 0.162056 -2.20033e-17)
(0.14864 -0.194776 0)
(0.067289 0.0246295 1.11417e-17)
(0.122839 0.155191 -2.19468e-17)
(0.0907567 -0.202699 9.8605e-22)
(0.0572582 -0.195303 0)
(0.123217 0.149249 2.19033e-17)
(0.0331009 -0.0852845 -1.25516e-18)
(0.144368 0.157081 -5.47095e-18)
(0.0862829 -0.148218 0)
(0.161441 -0.122735 5.36491e-18)
(-0.0423698 -0.152454 2.32916e-17)
(0.00755466 -0.0883849 -2.17656e-17)
(0.0785708 -0.21455 5.40284e-18)
(0.0480525 -0.155428 0)
(0.0434802 -0.151625 -5.51473e-18)
(0.0905569 0.0321634 0)
(0.107448 0.0869602 0)
(0.0487132 -0.124908 0)
(0.103736 0.0858526 2.98489e-17)
(0.062867 -0.136594 0)
(0.136285 -0.154688 0)
(0.1135 0.0501113 -1.89068e-17)
(0.0775691 0.225223 -1.85772e-21)
(0.0925466 -0.192929 0)
(0.0529942 -0.185089 -2.17658e-17)
(0.00440817 -0.198825 0)
(0.12712 0.156718 -2.19574e-17)
(0.126106 0.123176 -2.21263e-17)
(0.0541889 -0.204723 5.44769e-18)
(0.0921144 -0.228148 5.37565e-18)
(0.0490625 -0.187312 0)
(0.0526515 -0.123631 -5.61583e-18)
(0.0655481 -0.21113 0)
(0.0119537 -0.109108 0)
(0.0129462 -0.114952 -1.03226e-17)
(0.0743682 -0.163877 -5.41419e-18)
(0.135063 0.161409 1.646e-17)
(0.0989792 0.0745033 -2.20539e-17)
(0.106337 0.2538 -2.27312e-17)
(0.140421 0.222996 8.48425e-19)
(-0.00367933 -0.171193 0)
(0.108198 0.0492203 4.66654e-18)
(0.0612668 -0.191464 0)
(-0.143753 0.119114 1.48304e-17)
(0.0245379 0.0193535 4.61885e-17)
(0.0669961 -0.16636 2.16881e-17)
(0.0931928 0.199509 -2.32872e-17)
(0.144516 0.115667 2.72394e-17)
(0.130015 0.16435 5.49672e-18)
(0.11505 0.183661 0)
(0.0763131 -0.177171 2.71714e-17)
(0.0582367 -0.140104 -1.67934e-17)
(0.139862 0.124964 -2.75397e-17)
(0.129079 0.169104 -5.5041e-18)
(0.0358182 -0.0988484 0)
(0.141805 0.154391 4.37875e-17)
(-0.0111812 -0.0882862 2.1708e-17)
(0.122457 -0.200059 2.14164e-17)
(0.157512 0.142257 5.43671e-18)
(0.0601539 -0.0118762 0)
(0.0466612 -0.205781 2.15994e-17)
(0.128837 0.138385 0)
(0.124233 0.173129 -5.50871e-18)
(0.108995 0.217635 0)
(-0.00813928 -0.112419 0)
(0.123703 0.177972 -1.65923e-17)
(0.105789 0.0801587 -2.76699e-17)
(0.129625 0.10932 7.64101e-19)
(0.00358209 -0.16455 2.15746e-17)
(0.131656 0.1176 -2.1856e-17)
(-0.0238955 -0.121504 -2.24068e-17)
(0.132466 0.15308 2.25314e-21)
(0.136484 0.156531 5.4889e-18)
(0.144799 0.140163 2.18698e-17)
(0.139145 0.144856 2.49545e-21)
(0.102937 0.228182 -2.26651e-17)
(0.149374 0.0977836 -2.17555e-17)
(0.0976666 0.00744859 0)
(0.0341598 -0.0765143 0)
(0.108502 0.0916161 5.52536e-18)
(0.114393 0.0628478 5.57417e-18)
(0.118782 0.188608 -5.57037e-18)
(0.129391 0.122129 0)
(0.0482545 -0.0483643 0)
(0.11891 0.183394 5.54549e-18)
(0.140028 0.079789 -2.16884e-17)
(-0.0268366 -0.0938923 0)
(0.113977 0.201685 0)
(0.0555713 -0.117481 0)
(0.121182 0.166847 2.75273e-17)
(0.140865 -0.146495 -2.11894e-17)
(0.134396 0.134617 1.65205e-17)
(0.0927051 -0.214736 -1.61651e-17)
(0.125211 0.0708033 1.59332e-17)
(0.0362691 -0.1078 -2.3121e-17)
(0.0863969 -0.219656 -5.39013e-18)
(0.146605 0.130454 2.89562e-21)
(0.0753904 0.0250341 -1.96654e-17)
(0.113729 0.195741 0)
(0.116857 -0.147939 -1.61972e-17)
(0.0839136 -0.226086 5.37842e-18)
(0.150375 -0.181626 5.32451e-18)
(0.106322 0.279143 -2.27245e-17)
(0.103528 0.212921 5.54945e-18)
(-0.0549644 -0.148245 6.06926e-18)
(0.158558 0.1354 -3.17279e-21)
(0.214375 -0.0217706 0)
(0.214497 -0.00193652 1.59595e-17)
(0.128679 0.144579 0)
(0.133483 0.147469 -2.19161e-17)
(-0.0132577 -0.127194 0)
(0.110938 -0.226328 0)
(0.0398543 -0.117328 2.3295e-17)
(0.108408 0.210722 0)
(0.109251 0.0853221 -2.19663e-17)
(0.102726 -0.198666 -2.15472e-17)
(0.115531 0.178173 0)
(0.137367 0.00171343 -2.68505e-17)
(0.136716 0.144302 -5.49756e-18)
(0.171353 0.121913 1.62607e-17)
(0.138946 -0.0146928 -1.61224e-17)
(-0.0119548 -0.150942 2.20567e-17)
(0.139546 0.137182 2.19232e-17)
(0.120526 0.172116 -5.52328e-18)
(0.143804 0.098156 -3.1799e-21)
(0.148058 0.152922 0)
(0.161307 0.0989196 5.42532e-18)
(0.0048358 -0.180297 -1.42991e-21)
(0.217186 -0.0657843 -5.34004e-18)
(0.215504 -0.0430345 2.13179e-17)
(0.134084 0.127854 5.50726e-18)
(0.124249 0.114792 0)
(0.117327 -0.214135 6.1218e-22)
(0.144171 0.131948 1.63639e-17)
(0.14008 0.138787 -2.18544e-17)
(0.164328 0.134599 -5.44613e-18)
(0.0291293 -0.0781486 2.64502e-17)
(0.128586 0.128999 0)
(-0.0173447 -0.0997271 0)
(0.00866704 -0.127955 0)
(0.145243 -0.0346386 5.37305e-18)
(0.154121 -0.0581865 0)
(0.0912273 0.0501413 2.30175e-17)
(0.15504 0.146985 -2.18075e-17)
(0.112009 0.0455493 2.25049e-17)
(0.218642 -0.113791 5.32352e-18)
(0.218587 -0.0896633 0)
(0.0621911 0.0370657 3.98886e-17)
(0.138736 0.117638 5.47819e-18)
(0.152583 0.122341 2.17705e-17)
(0.165527 0.128626 -1.63068e-17)
(0.140173 0.146354 -1.64746e-17)
(0.163197 -0.0848549 0)
(0.109879 0.191207 0)
(0.107061 -0.211565 4.8337e-17)
(-0.0229123 -0.0616489 0)
(0.16333 0.11446 -2.17403e-17)
(0.136317 -0.113111 -5.38078e-18)
(0.146036 0.137009 0)
(0.152743 0.129385 4.36749e-17)
(0.0473485 -0.161565 0)
(0.151222 0.135559 2.72097e-17)
(0.117809 0.0811638 0)
(0.144656 0.153947 0)
(0.0173916 -0.182806 0)
(0.149812 -0.20468 0)
(-0.149736 0.109025 1.24507e-17)
(0.0995097 0.0737398 0)
(0.158709 0.121892 -2.72546e-17)
(0.113497 -0.145902 0)
(0.122066 -0.18058 2.15924e-17)
(0.146314 -0.213298 2.14045e-17)
(0.109468 0.197083 2.20264e-17)
(0.00723208 -0.14626 5.44357e-18)
(0.0352672 -0.191914 0)
(-0.019134 -0.193 3.75185e-17)
(0.103845 0.206205 -2.76925e-17)
(0.0410548 -0.12562 0)
(0.148452 0.0892721 0)
(0.160471 0.106559 -2.17436e-17)
(0.15267 -0.164252 0)
(0.118796 -0.0696633 2.6951e-17)
(-0.0556073 -0.00346711 -4.14331e-17)
(0.102731 -0.186717 -2.15838e-17)
(0.113321 -0.207588 -1.6094e-17)
(0.0518254 0.165546 1.19491e-17)
(0.0767347 -0.156868 -1.6272e-17)
(0.00536626 -0.162645 0)
(0.0134727 -0.0664887 0)
(0.126829 -0.166582 -5.37543e-18)
(0.175156 -0.141064 5.34697e-18)
(0.0592445 -0.190455 -5.40744e-18)
(0.132 -0.195352 0)
(0.148831 -0.172313 0)
(0.0401624 -0.181627 2.70719e-17)
(0.0268934 -0.159392 -2.71669e-17)
(0.160548 -0.202248 -5.32469e-18)
(0.224036 -0.0131817 5.33113e-18)
(0.171164 0.128214 2.71536e-17)
(0.147847 0.106585 0)
(0.166059 0.107183 1.6296e-17)
(0.0440638 -0.14694 5.5074e-18)
(0.11874 -0.00451811 2.15101e-17)
(-0.0320555 -0.113326 0)
(0.0840615 0.056578 1.09786e-17)
(0.0673429 -0.0798604 0)
(0.225949 -0.0565888 -5.32445e-18)
(0.192277 -0.119701 5.33369e-18)
(-0.00604712 -0.162603 4.97356e-17)
(0.157387 0.114356 5.44628e-18)
(0.120548 -0.205031 0)
(0.130097 0.0808339 1.63616e-17)
(0.109302 0.0679672 -5.28713e-18)
(0.132402 -0.0413128 -5.36609e-18)
(0.121056 0.0718063 5.46256e-18)
(0.126238 0.210259 0)
(-0.0338688 -0.0345672 -4.20854e-17)
(0.0289468 -0.143948 0)
(0.113524 -0.191224 0)
(0.165832 -0.150881 2.67634e-17)
(0.104472 0.0475399 0)
(0.226891 -0.103933 -5.30684e-18)
(0.143326 0.0888899 0)
(0.1121 0.0838059 0)
(0.111824 -0.185808 -2.15053e-17)
(0.115012 0.0970172 -3.05266e-17)
(-0.0411596 -0.0822112 0)
(0.0789185 0.0505041 1.70116e-18)
(0.0506583 -0.157284 0)
(0.11002 -0.0267853 2.13043e-17)
(0.139491 -0.181688 0)
(0.15355 -0.093503 0)
(0.04047 -0.120113 -5.61964e-18)
(0.119388 -0.127965 2.1522e-17)
(-0.00864814 -0.180057 -4.29113e-17)
(0.19318 -0.145067 -2.66447e-17)
(0.128318 -0.122864 4.28604e-17)
(0.0850242 0.236318 -2.26257e-17)
(-0.05424 -0.0793198 2.21169e-17)
(0.0649395 -0.180052 -5.39993e-18)
(0.166367 -0.175713 -2.13401e-17)
(0.10608 -0.156569 5.38342e-18)
(0.138815 -0.202588 0)
(0.0917388 -0.178544 2.15654e-17)
(0.142818 -0.195699 5.36337e-18)
(0.111107 -0.177085 -4.32029e-17)
(0.135476 -0.214696 0)
(0.0303933 -0.0857279 0)
(0.131302 -0.20646 0)
(0.112481 -0.0629181 -2.15104e-17)
(0.0534586 -0.143668 -5.42965e-18)
(0.129234 -0.0339462 0)
(0.13467 -0.0265681 0)
(0.0960785 -0.203501 -5.37032e-18)
(0.0339165 -0.0788165 3.81136e-17)
(0.140152 -0.182433 -5.3444e-18)
(-0.00947089 -0.164615 -2.54711e-17)
(0.123575 -0.0159843 -2.31274e-17)
(0.0294685 -0.0508441 2.08908e-17)
(0.0659422 -0.0281262 1.14711e-17)
(-0.0452015 -0.0018159 2.17216e-17)
(0.0848164 -0.188353 5.36774e-18)
(0.138256 -0.0109464 0)
(0.118176 0.0910665 0)
(0.0764883 0.0837057 6.42627e-18)
(0.107349 -0.104889 -2.23585e-17)
(0.170633 -0.113202 -5.3521e-18)
(0.120185 -0.176315 2.14578e-17)
(0.144934 -0.14453 -2.68107e-17)
(0.0560237 -0.0937836 5.53702e-18)
(0.0386391 0.231626 0)
(0.109859 0.260491 2.20557e-17)
(0.0573285 -0.108214 0)
(0.0811797 0.30362 1.75696e-17)
(0.0922123 -0.0115472 -2.30155e-17)
(0.137263 0.137196 -1.59257e-17)
(-0.05696 -0.101679 0)
(0.0768826 -0.0248861 2.42298e-17)
(0.0321323 -0.123052 4.6682e-17)
(-0.170714 0.100544 -2.41252e-17)
(0.100848 0.0380983 -1.98745e-17)
(0.086398 -0.102204 0)
(0.0976555 0.0448974 0)
(0.109919 0.127496 0)
(0.109221 0.138242 2.53522e-17)
(0.0859413 -0.0780659 -2.07938e-17)
(0.0846541 0.108386 0)
(0.112668 0.240639 5.98108e-18)
(0.0857188 0.180799 6.35926e-18)
(-0.0570188 -0.0529532 -1.67265e-17)
(-0.0458352 -0.113048 0)
(0.0577367 0.074804 0)
(0.142546 -0.0313646 0)
(-0.185327 0.113062 0)
(0.0443638 0.201255 0)
(0.13626 -0.00101358 -3.64896e-17)
(0.0727324 0.295634 0)
(0.144839 -0.0146831 0)
(0.0955736 -0.0771253 1.16252e-17)
(0.0390447 0.249972 0)
(0.174013 -0.00901187 -1.69837e-17)
(0.120635 0.259396 2.37383e-17)
(0.111949 -0.128234 -1.61298e-17)
(-0.166475 0.0444451 -1.67656e-17)
(0.141086 0.004223 1.08533e-17)
(0.166031 0.00141249 0)
(0.0247317 0.128321 0)
(0.0336587 -0.0938562 2.48643e-17)
(0.134211 0.199699 6.90393e-22)
(0.0106822 -0.153808 -3.80015e-17)
(0.127545 0.0439898 0)
(0.133014 0.22598 -2.54409e-17)
(0.0117426 -0.134058 1.30196e-17)
(-0.154143 0.0624194 0)
(0.0501078 -0.105693 -4.63649e-17)
(-0.000942477 -8.0901e-05 1.12038e-17)
(-0.00418003 -0.00199261 2.33246e-17)
(0.0102262 -0.00614753 2.28133e-17)
(0.0131912 0.00395563 2.15686e-17)
(0.0188861 0.00864664 0)
(0.00889978 0.00367129 1.92342e-17)
(0.0181327 -0.0101775 1.86037e-17)
(-0.00175351 -0.00211025 -5.75143e-18)
(0.00681351 0.00066217 0)
(0.0231511 0.0134307 0)
(0.00327056 -0.000918554 4.62983e-17)
(0.00190825 -0.00422282 -2.30209e-17)
(-0.000285552 0.0038959 -3.0673e-17)
(0.011262 -0.00563471 0)
(-0.0242577 -0.00929263 -2.224e-17)
(-0.0226209 -0.00610094 0)
(-0.0162838 0.00676979 4.35685e-17)
(-0.0168856 -0.0128901 -2.30079e-17)
(-0.0011385 -0.00470611 0)
(-0.0116117 0.00355757 3.70929e-17)
(-0.0164745 0.00844894 2.14239e-17)
(0.00691023 0.00358292 0)
(-0.0228078 -0.0129216 -1.72356e-17)
(0.00211695 -0.0069692 -1.68896e-19)
(0.0175202 0.00569904 2.3652e-18)
(-0.145646 0.0324551 -3.4749e-17)
(-0.048583 -0.137763 2.23268e-17)
(0.0488102 0.106912 3.71752e-17)
(0.0488262 0.093149 -2.47273e-17)
(0.000513077 0.0118836 2.2763e-17)
(0.0682257 -0.118248 -5.63218e-18)
(-0.0475078 -0.138992 -2.21343e-17)
(-0.0396796 -0.107524 4.62079e-17)
(0.0357944 -0.111645 -2.51732e-17)
(-0.015508 -0.153198 -2.5745e-17)
(-0.0689091 0.0332147 1.17914e-17)
(0.00860684 -0.0131615 -7.20557e-18)
(-0.0105876 0.00425706 2.49553e-17)
(-0.00432091 0.00192368 3.07562e-18)
(0.0807867 0.26321 0)
(0.0332593 -0.138587 -2.35299e-17)
(0.0241097 -0.066249 -9.37519e-18)
(0.070488 -0.00669368 2.07267e-17)
(0.0172066 -0.0259011 -2.99337e-17)
(0.0274819 0.0463669 2.73497e-17)
(0.0201041 -0.0260093 2.15705e-17)
(0.0227974 -0.0663766 2.24849e-17)
(0.0908352 0.250661 0)
(-0.0227619 -0.136261 3.03173e-18)
(-0.0211388 -0.169941 2.38238e-17)
(0.0965407 -0.0645033 4.77982e-17)
(0.092582 0.0430961 9.68532e-18)
(0.0261055 -0.0613719 0)
(0.122772 0.241925 -2.50318e-17)
(-0.026743 0.0176317 -3.01567e-18)
(0.0841127 -0.0826435 0)
(-0.0236331 -0.151547 -7.17929e-17)
(0.00127055 -0.167747 0)
(-0.186428 0.0704105 0)
(0.00995768 0.0439676 2.48748e-17)
(0.0959012 0.039849 -1.17867e-17)
(-0.0203877 -0.244713 -2.68962e-17)
(0.0728466 0.160437 1.9179e-17)
(0.0117929 0.00897253 -2.12824e-17)
(0.0897323 0.242142 0)
(0.0265058 -0.0678042 0)
(0.119402 0.237055 0)
(0.0254553 -0.071087 1.47501e-18)
(0.0285606 -0.0247377 -4.61592e-17)
(-0.002754 -0.00340666 1.16166e-17)
(0.00624733 -0.00594209 -2.24185e-17)
(0.00226615 -0.234872 2.73548e-17)
(0.0991995 0.176857 -7.43277e-19)
(0.00842197 -0.169581 -4.24553e-17)
(0.0337198 -0.0302754 2.39415e-17)
(0.0840437 0.245097 0)
(-0.119785 0.0346038 0)
(-0.0515629 -0.121093 -1.66933e-17)
(-0.0209328 -0.161556 4.75832e-17)
(0.0838397 0.0363423 0)
(0.0925276 0.189147 1.43491e-17)
(0.0215579 -0.0658032 -1.22591e-17)
(0.0932153 0.0491663 2.75478e-17)
(-0.130915 0.0706636 0)
(0.01601 -0.00368444 -2.87555e-17)
(0.00968643 -0.0243129 1.21351e-17)
(-0.0126959 0.0585508 1.1849e-17)
(-0.00317878 -0.179213 2.51525e-17)
(0.0712383 0.192256 -2.32591e-17)
(0.104251 0.10178 0)
(-0.02782 0.0653449 0)
(-0.0336026 0.0569371 0)
(0.090321 0.119705 1.54371e-17)
(0.00350768 -0.144462 2.86348e-17)
(0.0904926 -0.0690265 3.05176e-21)
(-0.014821 0.00784721 1.86794e-17)
(-0.0219541 0.0131171 -2.16973e-17)
(-0.0223399 0.0642911 -2.21304e-17)
(-0.0243535 0.0632342 0)
(-0.0382441 0.0114426 0)
(0.166063 -0.0155751 0)
(0.115834 -0.0169148 -1.3395e-17)
(-0.0227858 0.0299961 2.30664e-17)
(0.140345 0.209994 5.19366e-17)
(0.13178 0.240084 0)
(0.102618 -0.0458282 -2.21328e-17)
(-0.00043618 0.00183889 -1.14673e-17)
(0.0226261 -0.0618827 -2.53315e-17)
(0.0092652 -0.0210511 -1.17119e-17)
(0.154799 0.00541429 0)
(0.144599 0.171526 -1.37785e-17)
(0.066641 0.264002 1.77182e-17)
(-0.0460789 -0.129854 -2.30357e-17)
(0.0253887 -0.0103899 3.61889e-17)
(0.122823 0.0267661 -2.49051e-17)
(0.037322 0.0145552 -3.31459e-17)
(0.125427 0.0394518 0)
(-0.0137406 0.00569783 1.31462e-17)
(0.018427 -0.112454 -1.36235e-17)
(-0.0213034 -0.189333 -1.25657e-17)
(0.114426 0.121738 2.48302e-17)
(-0.00261828 0.00555807 -3.09219e-17)
(0.0878223 0.0369571 0)
(0.112903 0.136383 -1.31343e-17)
(0.00924438 -0.0878846 0)
(0.0704813 0.17501 -2.51866e-17)
(0.0646279 0.03587 -1.44186e-17)
(0.0197614 -0.0811072 -1.46613e-17)
(0.0266948 0.0177112 0)
(0.0410863 -0.0389803 3.32281e-18)
(-0.00717143 -0.0160978 0)
(-0.00427589 -0.257605 0)
(0.025359 -0.0579304 -1.49138e-17)
(-0.089494 -0.0262641 0)
(0.00539805 0.00230759 -1.36398e-17)
(0.0506652 0.0758145 0)
(0.0473716 0.140117 2.43942e-17)
(-0.0136066 -0.162358 -2.56556e-17)
(0.06894 -0.00293253 -2.62091e-17)
(0.0720583 0.00252895 -2.69405e-17)
(0.00413835 -0.0202172 0)
(-0.0391387 0.0507907 0)
(0.0240629 -0.00986784 -3.46465e-17)
(-0.0186671 -0.20751 -2.90111e-17)
(-0.0355611 0.0426595 -1.42488e-17)
(0.0733846 0.0723602 1.34481e-17)
(-0.0345342 -0.157394 1.50109e-18)
(0.137348 0.193527 2.51833e-17)
(0.0714299 0.0639139 1.2721e-17)
(0.0149913 -0.141154 3.37619e-17)
(-0.0165352 0.0635994 1.20854e-17)
(0.0587708 0.304401 -5.24326e-17)
(-0.0393318 -0.132909 -2.95088e-17)
(-0.00454816 0.00291969 0)
(0.00217426 -0.0869713 1.61764e-17)
(-0.00392136 0.0378332 -1.39273e-17)
(0.0894103 0.0386427 5.70875e-18)
(0.0492725 0.124644 0)
(0.0246784 0.0333871 1.31414e-17)
(0.0420908 0.106353 -2.67987e-17)
(0.0802675 0.0963187 0)
(0.0690598 0.0456778 -1.99855e-21)
(0.0420851 0.0425772 0)
(0.0507284 0.0610586 -1.68294e-18)
(0.033318 0.0341215 -2.65797e-17)
(0.0396786 0.0466561 6.83296e-18)
(0.00705704 0.000299027 4.34442e-17)
(0.0228137 0.00288873 -1.36136e-17)
(-0.00906621 -0.183028 -3.47676e-17)
(-0.021232 0.0252076 -5.67323e-17)
(0.0931357 0.145339 4.19073e-17)
(0.0366939 -0.0347476 2.79829e-17)
(0.0210103 0.00447739 -1.42472e-17)
(0.0131404 -0.00323798 3.07883e-17)
(0.011575 0.148021 0)
(0.130064 0.222445 5.79167e-22)
(-0.0086876 -0.00154454 2.39749e-17)
(0.0338966 0.024034 -2.32265e-17)
(-0.0624058 0.0390354 2.14979e-17)
(0.00734512 -0.16605 -3.22908e-17)
(-0.00146964 0.0602237 -1.0892e-17)
(-0.00224037 0.000371864 -3.72757e-17)
(0.0592027 -0.0615672 -1.34626e-17)
(0.0725367 -0.00428044 6.36557e-18)
(0.0329 -0.0872065 -1.12839e-17)
(0.089916 0.0837362 0)
(-0.00895513 -0.147531 0)
(0.00164656 -0.00658551 3.54542e-17)
(-0.0318544 0.0255172 6.33511e-18)
(-0.021967 0.060688 0)
(-0.000977245 -0.171155 0)
(0.121577 0.219467 0)
(0.070216 -0.0612895 1.48148e-17)
(-0.047487 -0.0686483 1.50843e-17)
(-0.0187003 0.00820994 -8.10145e-18)
(-0.0239276 0.0344036 1.25527e-17)
(0.137961 0.207675 0)
(-0.0203989 0.061097 -2.22609e-17)
(0.0107895 -0.0300443 -8.58532e-18)
(0.136046 0.150331 0)
(-0.0347083 -0.275915 2.59315e-17)
(0.0825733 -0.0171164 -4.60138e-17)
(0.0385095 -0.126358 2.78881e-17)
(0.053645 0.28778 0)
(0.0776168 0.0473324 2.86285e-17)
(0.0428117 0.0133267 -2.66591e-17)
(0.00689783 -0.0146237 9.23772e-18)
(0.0314952 0.000428011 -6.59858e-18)
(0.102754 0.0906557 -3.06985e-17)
(0.0940679 0.0518973 -3.60606e-17)
(0.0660348 -0.0397413 -2.80868e-17)
(0.00289754 -0.165685 1.43209e-17)
(0.0144392 -0.0207893 -2.87504e-17)
(0.00670331 0.00103497 4.19429e-17)
(-0.0246741 -0.00642854 2.95572e-17)
(0.0990838 0.0405672 5.8088e-18)
(0.0980658 0.138162 0)
(0.037931 -0.0910237 0)
(-0.000730698 0.00304447 2.53164e-17)
(-0.0926058 0.0409457 0)
(0.078175 0.251237 -7.36733e-18)
(0.00638243 5.48886e-05 1.14835e-17)
(0.0221625 -0.0428812 3.12678e-17)
(0.0271387 0.0751264 1.35376e-17)
(-0.0153735 -0.176992 -2.35041e-17)
(0.0411087 0.0132643 -2.69444e-17)
(0.0961375 -0.0617529 -5.47282e-17)
(0.124107 0.225228 -2.34239e-17)
(0.0684476 0.211195 2.43759e-17)
(0.0293783 -0.0829459 1.23002e-17)
(0.0778327 0.322354 4.68784e-17)
(0.107244 -0.0220703 -2.68446e-17)
(0.0440279 -0.0312618 -1.38751e-17)
(0.100712 0.185308 -1.32476e-17)
(0.00161141 0.0280134 3.43704e-17)
(-0.0765392 0.0135124 2.73597e-17)
(0.108698 0.15746 -1.27613e-17)
(0.0456374 -0.037826 3.81262e-18)
(0.0841688 0.0359652 0)
(0.073722 0.262143 3.42099e-18)
(0.0482886 0.0905324 1.53626e-17)
(0.00945335 0.173969 0)
(-0.0289372 0.0536049 -1.43718e-17)
(-0.0140338 0.0100008 1.38103e-17)
(0.143969 0.201584 -2.75364e-17)
(0.0245963 -0.047401 -3.0921e-17)
(-0.0793677 0.0382174 4.19502e-19)
(0.0980467 -0.00409689 2.09222e-17)
(-0.0200663 0.0683293 -1.26004e-17)
(0.00572352 -0.0957091 1.57063e-17)
(0.137589 0.16792 3.41877e-17)
(0.106483 0.0379169 -7.37851e-18)
(0.027399 0.0368328 0)
(-0.0336076 0.0273831 -4.75396e-17)
(-0.095459 -0.0281176 -5.71922e-17)
(0.0288015 0.0254768 -1.97168e-17)
(0.000177661 -0.174197 -1.27247e-17)
(0.131681 -0.00962216 4.51243e-17)
(0.0248219 0.26932 -1.54571e-17)
(0.108558 -0.0508043 -1.7011e-17)
(0.118981 -0.00522953 -4.16928e-17)
(-0.0376419 -0.0423801 0)
(0.0705398 0.248687 7.37013e-18)
(0.00741835 -0.23199 -2.54688e-17)
(0.0602307 0.243931 -1.54399e-17)
(0.063068 0.0287676 2.96901e-17)
(0.139796 0.150104 1.07329e-17)
(0.0494322 0.0665586 1.44518e-17)
(-0.00362408 -0.170266 0)
(0.0154283 -0.164318 1.18972e-17)
(-0.0252763 -0.109637 0)
(0.0508629 0.0117301 0)
(0.0473836 0.0178622 -1.26199e-17)
(0.0160887 -0.170414 -2.29173e-21)
(-0.0100966 -0.124424 -1.7993e-17)
(0.0380552 -0.0747294 7.67849e-18)
(0.0695018 -0.0628799 0)
(0.139518 0.196441 2.62303e-17)
(0.052165 -0.00460105 2.523e-17)
(0.0215304 0.00210003 1.4615e-17)
(-0.048981 -0.183328 3.91514e-17)
(0.0313164 -0.0723489 1.57955e-17)
(0.0160348 0.0107736 -6.0933e-18)
(-0.195008 0.153365 -1.55131e-17)
(0.130663 0.0322181 -3.75412e-17)
(-0.0319512 0.0319496 3.34648e-17)
(-0.0057122 -0.021979 -1.637e-17)
(0.0376325 -0.0760807 2.23386e-18)
(0.0473801 0.0207236 8.50049e-18)
(0.0234655 0.0483225 0)
(0.110266 0.099718 3.17018e-17)
(0.0226363 -0.0474721 0)
(0.116281 0.128994 1.43553e-17)
(-0.0113711 -0.00332157 -4.70849e-17)
(0.123564 -0.0219621 1.64493e-17)
(-0.0211455 -0.00733357 2.15363e-18)
(0.0102275 0.00395451 0)
(0.0474424 0.0302808 2.89712e-17)
(0.0359527 -0.0377659 0)
(0.0761899 0.021144 0)
(0.0120293 -0.0204609 0)
(0.0289733 -0.0399555 2.73774e-17)
(0.0223544 -0.0248921 -3.57897e-17)
(0.0384068 0.211861 8.49124e-18)
(0.0270497 -0.0554969 -3.75311e-17)
(0.0570747 -0.0625304 1.62469e-17)
(-0.0113563 -0.178895 -3.16509e-17)
(0.00904704 -0.00803354 -3.10927e-17)
(0.0694428 0.122582 -1.82186e-17)
(0.0243316 -0.0339958 -3.14261e-17)
(-0.00844212 -0.0323827 0)
(0.00585303 -0.159446 -3.52056e-17)
(-0.0816207 -0.0543747 -1.32103e-21)
(0.14071 0.169514 1.13294e-22)
(-0.00487621 -0.167699 0)
(-0.0250084 -0.0219317 -9.81907e-18)
(-0.0038497 -0.170129 -4.60957e-17)
(0.074872 0.117241 0)
(0.142213 0.155205 2.20007e-17)
)
;

boundaryField
{
    back
    {
        type            empty;
    }
    front
    {
        type            empty;
    }
    top
    {
        type            codedFixedValue;
        value           nonuniform List<vector> 
15
(
(0 -0.163249 0)
(0 -0.154385 0)
(0 -0.118928 0)
(0 -0.0923356 0)
(0 -0.118928 0)
(0 -0.0598335 0)
(0 -0.0598335 0)
(0 -0.154385 0)
(0 -0.163249 0)
(0 -0.139611 0)
(0 -0.0214219 0)
(0 -0.0214219 0)
(0 -0.139611 0)
(0 -0.166204 0)
(0 -0.0923356 0)
)
;
        name            ParabolicTimeDependentU_max;
        code            #{
		const vectorField& Cf = patch().Cf();
		vectorField& field = *this;

		const scalar r = 18.0*1e-3;
		const scalar Umax = 0.4;
		const scalar Umin = 0.02;

		scalar 	Uvar = 0.08;
		scalar 	t = this->db().time().value();
		scalar	tau = fmod(t,1);
		
		if (tau > 0 && tau <= 0.35)
		{
			Uvar = 0.08+Umax*(1-(pow(tau-0.175,2)/(0.175*0.175)));
		}
		if (tau > 0.35 && tau <= 0.6)
		{
			Uvar = 0.08+Umin*(-1+(pow(tau-0.475,2)/(0.125*0.125)));
		}
		if (tau > 0.6 && tau <= 1)
		{
			Uvar = 0.08;
		}
		
		forAll(Cf, faceI)
		{
			const scalar x = Cf[faceI][0];
			const scalar y = Cf[faceI][1];
			field[faceI] = vector(0, Uvar*(-1+(pow(x+(0.02+r),2))/(r*r)), 0);
		}
	#};
    }
    outer_arc
    {
        type            noSlip;
    }
    bottom
    {
        type            zeroGradient;
    }
    inner_arc
    {
        type            noSlip;
    }
}


// ************************************************************************* //
