/*--------------------------------*- C++ -*----------------------------------*\
  =========                 |
  \\      /  F ield         | OpenFOAM: The Open Source CFD Toolbox
   \\    /   O peration     | Website:  https://openfoam.org
    \\  /    A nd           | Version:  9
     \\/     M anipulation  |
\*---------------------------------------------------------------------------*/
FoamFile
{
    format      ascii;
    class       volVectorField;
    location    "2.68";
    object      U;
}
// * * * * * * * * * * * * * * * * * * * * * * * * * * * * * * * * * * * * * //

dimensions      [0 1 -1 0 0 0 0];

internalField   nonuniform List<vector> 
942
(
(0.031171 -0.0646702 0)
(0.0321064 -0.0184529 2.87826e-17)
(0.054425 0.114719 0)
(0.0112431 -0.0786747 -1.52083e-17)
(0.0561273 0.128971 9.11074e-18)
(0.117935 -0.0883097 1.59377e-17)
(0.00349633 -0.0127633 4.2286e-17)
(0.141634 -0.0839832 0)
(0.00449952 -0.0479874 -3.33131e-17)
(0.0055986 -0.0529572 3.39544e-17)
(0.0427943 0.0250873 0)
(0.0657226 0.0252786 0)
(0.0106224 -0.0800115 1.41838e-17)
(0.0492892 0.0364848 0)
(0.0733529 0.0286947 0)
(0.000748984 -0.0170453 -3.13157e-17)
(-0.0156933 -0.0311353 -1.23351e-17)
(0.0278696 -0.0667244 0)
(-0.0620835 -0.0182957 -3.683e-18)
(-0.000693804 9.08406e-05 5.6613e-18)
(0.0107544 -0.00730246 2.10308e-17)
(0.0883155 0.0270045 1.69015e-17)
(0.0211912 -0.0445665 0)
(-0.030469 -0.0437928 -3.33469e-17)
(0.054189 0.0311499 0)
(-0.0338188 -0.0533507 2.50648e-17)
(0.0501205 0.130265 0)
(0.0227626 -0.0436074 2.12998e-17)
(-0.0484682 -0.0511978 0)
(0.026765 -0.0495266 1.34638e-17)
(-0.0333226 -0.0326572 1.69067e-17)
(0.0431104 0.123894 0)
(-0.0454976 -0.0504726 1.58911e-17)
(-0.0446562 0.0212407 1.87155e-17)
(0.0559101 0.111763 -1.83123e-17)
(-0.077828 -0.0160313 3.50592e-17)
(-0.0943469 -0.111478 1.18201e-18)
(0.007164 -0.0418769 0)
(-0.0725582 -0.103583 -6.059e-19)
(-0.0323869 -0.042221 2.38011e-17)
(-0.0362158 0.0504973 -3.33845e-17)
(0.0715217 -0.0291137 0)
(-0.0223971 -0.025183 -1.64636e-17)
(0.00707984 -0.0256984 -1.40969e-17)
(0.011366 -0.0290695 -3.56597e-17)
(-0.0445551 -0.0477846 8.03954e-18)
(-0.0764902 -0.012887 -1.62954e-17)
(-0.0637921 0.0109734 -1.54211e-17)
(-0.0846113 0.0612256 1.71774e-17)
(0.0608565 0.0426775 2.00908e-17)
(-0.0647472 -0.0140791 0)
(0.0188235 -0.0344274 0)
(-0.0495793 0.00595341 -2.36277e-17)
(-0.00390123 -0.0493091 1.88876e-17)
(0.00572418 -0.0655376 0)
(-0.0641728 0.0583045 -1.2544e-17)
(-0.0340403 0.00597843 -3.16648e-17)
(0.00741823 -0.0686333 -2.27485e-18)
(-0.0510917 0.0142458 4.05561e-17)
(0.0896366 -0.024993 1.75855e-17)
(0.0224311 -0.0380803 -1.67302e-17)
(0.0528403 0.119676 -4.30846e-17)
(0.0175415 0.0124596 2.01795e-17)
(0.0346856 -0.0578274 -1.64151e-17)
(0.0123571 -0.0418643 1.5558e-17)
(0.00169509 -0.0156154 1.19754e-17)
(0.0456279 0.113089 3.36886e-17)
(-0.0579103 -0.00879078 -1.54406e-17)
(-0.106641 0.0609616 1.58372e-17)
(0.0134016 -0.0479693 4.37081e-18)
(0.016355 -0.0115069 0)
(0.00732798 -0.0319191 0)
(-0.03674 -0.00784329 -2.07105e-18)
(0.022928 -0.0556445 4.03542e-18)
(-0.0129138 -0.0491526 -1.78992e-17)
(0.000925721 -0.00134938 -6.20452e-23)
(-0.000556668 -0.00434772 2.08606e-18)
(0.04803 0.103185 1.86112e-17)
(-0.0212701 -0.022353 -2.02318e-17)
(0.0216104 -0.0176418 -4.1001e-18)
(0.0617403 -0.0669947 2.41694e-17)
(-0.0380963 -0.0443624 -8.72094e-18)
(0.0305915 0.0164702 -2.20697e-18)
(-0.0164841 -0.012133 9.03561e-18)
(-0.033173 -0.00598374 0)
(0.0389261 0.148146 0)
(0.0380375 -0.0138821 -1.84732e-17)
(0.00576829 0.0276518 5.08225e-18)
(0.0595225 0.0461606 0)
(0.0417371 0.0212603 2.52521e-17)
(0.0960451 0.00250307 -1.28273e-17)
(0.0316274 0.055832 5.8122e-19)
(0.0075042 -0.0748297 2.55992e-18)
(-0.0129403 0.0570955 0)
(-0.0616746 0.0338779 -4.95209e-18)
(0.043958 0.014389 9.15473e-18)
(0.0176456 -0.0385704 1.57781e-17)
(-0.0108111 0.02031 -1.47758e-17)
(0.0698216 -0.0907978 -2.17521e-17)
(0.0146081 -0.034558 -3.12434e-17)
(0.0136984 -0.0286006 -9.3926e-18)
(0.00628384 -0.0769084 1.05991e-17)
(-0.064228 -0.0111131 0)
(0.0143805 -0.04634 1.20259e-17)
(-0.0162678 0.0223028 -1.90499e-17)
(0.0241649 -0.0355562 -3.06494e-17)
(-0.0431767 -0.042358 -1.08004e-17)
(-0.0429678 -0.0534649 0)
(-0.0684213 -0.00483284 1.66741e-17)
(-0.0743729 -0.0110709 0)
(-0.126108 0.0673188 0)
(-0.109455 0.0744566 -1.67181e-17)
(0.00452241 -0.00811999 3.3676e-17)
(0.00656751 -0.0366881 0)
(0.0561446 0.0333532 0)
(0.0181111 0.0321936 2.26703e-18)
(0.0657932 -0.0146698 -1.80845e-17)
(0.0156845 -0.0770159 1.92185e-17)
(0.0104738 -0.0213963 -1.5007e-22)
(0.158616 0.018845 -2.187e-18)
(0.0185657 -0.029609 7.30959e-18)
(-0.124088 0.0344397 -1.87008e-17)
(-0.00460877 -0.00208936 0)
(-0.0361201 -0.0108701 1.66233e-17)
(-0.0508741 -0.00635267 1.34512e-17)
(-0.0191256 -0.0420058 -3.59193e-17)
(0.00770561 -0.0243789 1.89543e-17)
(-0.033313 -0.0394187 -1.80902e-17)
(-0.0373161 -0.0476266 3.30829e-17)
(-0.0586675 0.0147354 1.72479e-17)
(-0.0489557 -0.012049 -8.90854e-18)
(-0.0356529 -0.0214672 -2.06329e-17)
(-0.0655238 -0.0137386 0)
(-0.0771976 0.0147986 0)
(-0.0718677 -0.00155963 -1.85134e-17)
(-0.0347863 -0.0321794 -1.2888e-17)
(-0.144505 0.0686902 1.11736e-18)
(-0.0710353 -0.0120622 0)
(-0.144453 0.0719493 2.28704e-17)
(-0.123321 0.056732 -7.84164e-18)
(-0.096131 0.0368806 1.84735e-17)
(-0.0358354 -0.0420083 0)
(0.0114221 -0.0133548 -1.85224e-17)
(-0.00110419 -0.0326843 1.99303e-17)
(0.122851 -0.0628052 -4.61538e-18)
(-0.0448098 -0.0457322 -8.41803e-18)
(0.0108124 -0.0366482 0)
(0.0102024 -0.0375807 -1.11689e-17)
(-0.107063 -0.0626245 2.7931e-17)
(0.0448251 0.150061 0)
(0.138338 -0.0555649 4.98587e-18)
(0.157866 -0.0155336 5.53591e-18)
(0.0517406 0.0845362 0)
(0.0246054 -0.0679273 1.04315e-17)
(0.0502502 0.0942213 -1.8213e-17)
(-0.0551523 -0.0795024 0)
(-0.0353145 0.00508855 2.05537e-17)
(0.00230267 -0.016201 0)
(0.0982607 -0.0221119 0)
(0.031435 0.00684993 7.60069e-18)
(-0.0204843 0.0110039 -2.65994e-17)
(-0.0483298 -0.0684801 0)
(0.00769207 -0.0768179 0)
(0.0617607 -0.0106723 9.36687e-18)
(0.136134 -0.0126722 0)
(0.0514933 0.0505386 -2.78327e-17)
(0.0161325 -0.0345315 0)
(0.0155452 -0.0562583 0)
(-0.0422034 -0.0534893 1.64109e-17)
(-0.0627639 -0.0107999 1.95395e-17)
(-0.0465135 0.000135914 -1.63216e-17)
(-0.0752812 0.0631136 -2.15275e-18)
(-0.128977 0.0423764 7.69921e-21)
(0.0308482 -0.0406341 1.05065e-17)
(0.0426031 0.163683 0)
(0.02337 -0.0631825 -2.04138e-17)
(0.0273551 0.0104322 -1.93706e-17)
(0.0235355 -0.0626956 0)
(0.0211658 0.0462291 6.71611e-19)
(0.0231041 -0.0651049 0)
(0.0221692 -0.0550722 -1.22608e-17)
(-0.0481884 -0.0542574 0)
(-0.109073 -0.0857845 -2.38385e-17)
(0.024268 -0.0655907 2.03203e-22)
(0.0249226 -0.0639063 -1.21558e-17)
(-0.0462808 -0.049135 0)
(0.0656536 0.0112131 -9.61752e-18)
(0.0463091 0.0794135 1.92071e-17)
(0.0539359 0.16038 2.72497e-17)
(0.0242561 -0.0645268 9.19843e-18)
(0.0737577 0.136534 3.68099e-17)
(0.0226572 -0.0640872 -9.219e-18)
(0.0330587 -0.0469584 -1.16638e-17)
(-0.0215379 -0.0137312 -1.7691e-17)
(0.0393062 0.0625219 9.72668e-18)
(0.0133043 -0.0784478 -8.75274e-18)
(0.0363565 0.0655012 0)
(0.0324399 -0.0504383 3.12966e-17)
(-0.0460982 0.0439329 -2.26405e-17)
(-4.92063e-05 -0.00180234 1.70501e-17)
(0.00261421 -0.00870102 0)
(0.016962 -0.0778447 8.8855e-18)
(0.0225185 0.0236681 0)
(-0.0263945 -0.0389216 -2.06554e-17)
(-0.014573 -0.00213955 1.96451e-17)
(-0.0226754 0.0657993 0)
(-0.100704 0.0256491 1.93394e-17)
(0.0558396 0.113564 -4.23118e-17)
(-0.0105509 -0.0130035 -1.64659e-17)
(-0.0156294 -0.0399526 1.62724e-17)
(0.0428805 0.0816831 -9.43696e-18)
(0.0183365 -0.0744732 3.85584e-22)
(0.00918455 -0.0577476 1.50852e-17)
(0.063387 0.13773 8.96283e-18)
(0.0059783 -0.000517388 0)
(0.0292786 -0.0720274 -8.79719e-23)
(0.0560573 0.165212 -2.23744e-17)
(0.0980751 0.119541 1.88153e-17)
(0.0447097 0.087833 1.86983e-17)
(0.0403286 0.0759401 -4.35227e-22)
(0.0320643 -0.0663244 0)
(0.0295368 -0.0722021 -1.8078e-17)
(0.0197847 -0.0651899 0)
(0.0243952 -0.0745018 0)
(0.00306762 -0.00899783 -1.88735e-17)
(0.0171642 0.0579088 1.8732e-17)
(0.0686026 0.138497 -1.32035e-17)
(0.0271251 -0.0634975 -1.8582e-17)
(0.00659017 -0.0123138 2.76443e-17)
(0.0307067 0.0533151 0)
(-0.0396435 -0.0352667 -1.72328e-17)
(0.0595877 0.126293 -3.31039e-17)
(0.0179508 0.0435751 1.81528e-17)
(0.00169583 -0.000950544 -9.9523e-18)
(0.0299592 -0.0701295 -9.34423e-18)
(0.0153415 -0.0714893 3.00257e-22)
(0.0926877 0.122852 -1.95205e-17)
(0.0308969 -0.0655052 1.86709e-17)
(0.0115285 0.033597 -1.79194e-17)
(0.0540314 0.0958527 1.8487e-17)
(0.0524166 0.0862278 0)
(0.016772 -0.0581656 -4.54623e-18)
(0.0126888 -0.0738227 9.19761e-18)
(0.0212074 -0.0558571 -1.03952e-17)
(0.0203788 -0.0600618 -1.83946e-17)
(0.0109709 0.0213261 -1.86449e-17)
(-0.00648744 -0.0846119 9.24453e-18)
(0.0266588 -0.0732078 -1.00348e-17)
(0.014116 -0.0737939 -1.85886e-17)
(0.0142627 0.0359765 4.58566e-18)
(0.0712719 0.141264 -4.65003e-18)
(0.0358469 0.0574784 -1.71113e-17)
(0.0778139 0.137068 0)
(-0.00098798 0.0178681 1.38503e-17)
(0.0197832 -0.0614778 1.82789e-17)
(0.0213127 -0.0733758 2.03198e-17)
(0.023439 -0.066876 0)
(0.0148381 -0.0702242 0)
(0.106845 0.114276 -9.19725e-18)
(0.0191061 -0.0551786 1.03552e-17)
(0.0338091 -0.0656016 -9.14485e-18)
(0.11145 0.111597 9.04327e-18)
(0.0676314 0.130317 -2.27106e-17)
(0.0139805 -0.0678332 -4.82912e-18)
(-0.00613446 -0.0820821 9.6151e-18)
(0.00765122 -0.0485725 0)
(0.0191964 -0.060122 0)
(0.0011216 -0.098532 0)
(-0.0243655 -0.0129965 1.75397e-17)
(-0.0233019 -0.10828 9.34805e-18)
(-0.0579039 -0.123577 1.76493e-17)
(0.0634595 0.152914 -1.69446e-17)
(0.0170045 0.0485871 2.00398e-17)
(0.0644591 0.14539 -8.93116e-18)
(0.0564386 0.112333 1.87951e-17)
(0.101282 0.107536 -1.87339e-17)
(-0.0224836 -0.0276102 0)
(0.0626919 -0.14808 0)
(0.0685865 0.126346 -9.26314e-18)
(0.00631693 -0.0246109 -1.92519e-17)
(0.0172948 -0.0631904 0)
(-0.118306 -0.011597 -1.57179e-18)
(-0.0107286 -0.0397113 1.95609e-17)
(0.038168 -0.150022 0)
(0.0939231 0.0478401 3.64562e-17)
(0.134845 -0.0281702 -1.80579e-17)
(0.00949612 -0.126131 2.73246e-17)
(-0.00255129 -0.139997 1.81784e-17)
(0.0135731 -0.073399 4.73084e-18)
(0.00632256 -0.0905198 4.69306e-18)
(0.0898701 0.0462562 -1.84878e-17)
(0.0913597 0.0451711 2.17e-17)
(0.0938876 0.0939065 -8.38664e-18)
(-0.0522011 -0.107894 2.04632e-17)
(0.0711854 -0.12808 5.17157e-18)
(-0.0017217 -0.0103476 -1.68012e-17)
(0.151355 -0.0340092 0)
(0.156908 -0.0341593 9.34374e-18)
(0.167627 -0.0327299 8.70411e-18)
(0.143631 -0.0210849 0)
(0.119075 0.0227306 0)
(0.0278811 -0.132256 -9.3469e-18)
(0.182028 0.00914072 -4.21053e-18)
(0.201189 0.0520358 -2.91865e-17)
(0.100941 0.0272712 -2.92288e-17)
(0.001309 -0.0885967 9.1719e-18)
(0.173369 0.0339205 -2.90359e-17)
(-0.00852372 0.00820732 0)
(-0.000885203 0.000202346 -8.48921e-18)
(0.0178825 0.0269848 1.77328e-17)
(-0.00346802 -0.00155645 1.43852e-17)
(-0.00339296 -0.00452296 -2.99014e-23)
(0.0277669 -0.010808 -2.54201e-18)
(-0.0267852 -0.00932946 -1.77129e-17)
(0.0298186 -0.0920995 3.96492e-21)
(0.0107461 0.00897019 2.85611e-17)
(0.0181842 -0.0308466 -1.93802e-17)
(-0.0440552 0.00713704 2.60194e-22)
(-0.00478041 -0.00231163 -5.03136e-18)
(0.0219283 -0.00354439 0)
(-0.00652948 -0.00613187 -5.20371e-18)
(0.0141611 0.0160402 0)
(0.00356617 -0.011979 2.03678e-17)
(-0.0422092 -0.00656277 -3.63288e-17)
(0.0804242 0.0312968 -2.287e-17)
(0.114157 0.0998035 -1.86186e-17)
(0.000811126 -0.00122977 0)
(-0.0309195 -0.128263 -9.42521e-18)
(0.103031 -0.0502227 0)
(0.050816 -0.0417686 0)
(0.0677021 0.0317865 -3.66208e-17)
(-0.0722025 -0.144648 -1.60741e-17)
(0.133581 -0.123392 9.12303e-18)
(0.190264 0.0270651 -1.65195e-17)
(0.142972 -0.120056 0)
(0.0754691 0.0365909 1.83188e-17)
(0.200955 0.0582686 1.03929e-17)
(-0.0291199 -0.00873458 -5.42483e-19)
(0.0187428 0.0105065 0)
(-0.10934 0.0396653 -1.80607e-17)
(0.0563896 0.0230244 2.69737e-17)
(0.102019 0.0252974 -1.83463e-17)
(0.155671 0.0116145 -4.75735e-18)
(0.0642965 0.0287215 -4.57891e-17)
(0.155974 -0.0231793 -1.85386e-17)
(0.0363197 0.0102211 0)
(0.148653 0.000239454 1.88804e-17)
(0.0780539 -0.0833316 1.82858e-17)
(-0.0151788 -0.124687 1.81761e-17)
(0.161235 -0.0383613 -9.11079e-18)
(0.049891 0.0231056 1.83508e-17)
(0.162956 -0.038685 1.01623e-21)
(0.0113691 -0.123143 -4.64022e-17)
(0.163331 -0.0237592 -9.5928e-18)
(-0.00920881 0.00333597 -1.64123e-17)
(0.113765 -0.131636 0)
(0.140593 0.023025 1.8592e-17)
(-0.0424886 -0.150415 0)
(0.135509 0.0407014 9.11555e-18)
(0.12687 0.0289243 1.83412e-17)
(0.16215 -0.000263646 2.33907e-17)
(0.188595 -0.0192974 0)
(0.0510432 0.0284773 -2.59959e-18)
(-0.0570322 -0.142523 1.55344e-17)
(0.200693 0.0463973 -1.8444e-17)
(0.0605214 0.0112345 9.73327e-18)
(0.134275 0.0038006 -9.30259e-18)
(-0.0194368 -0.0110371 4.23468e-17)
(0.208161 0.0416503 2.74438e-17)
(0.0896037 0.014591 -4.7809e-18)
(0.119698 0.0153177 0)
(0.0355177 0.0157906 1.81572e-17)
(-0.0333295 -0.0071622 -9.19279e-18)
(0.152605 -0.0371885 -1.76528e-17)
(0.10037 0.0394059 9.22999e-18)
(0.161928 -0.0322842 9.11777e-18)
(0.112944 0.0379544 9.24533e-18)
(0.157471 -0.0122901 1.89038e-17)
(-0.0437313 -0.147616 8.95284e-18)
(0.1624 -0.0401102 9.08681e-18)
(-0.0119831 -0.014512 2.07088e-17)
(0.0122172 -0.0225318 0)
(-0.0481028 -0.00220076 1.84886e-17)
(-0.0886996 0.0470412 0)
(-0.0193402 -0.0178277 4.60028e-18)
(0.157939 -0.032281 2.87483e-17)
(0.190537 0.0335251 3.64051e-17)
(0.0949936 0.0279255 2.82792e-18)
(0.150232 0.0123304 -3.77419e-17)
(0.153448 -0.013555 -3.85474e-17)
(-0.0425277 -0.00888718 -9.3918e-18)
(-0.0941837 0.0452083 -4.66755e-18)
(0.154574 -0.100172 0)
(0.066394 -0.0166531 1.8958e-17)
(-0.0578605 0.00732648 4.93428e-18)
(0.180887 -0.0798469 0)
(0.163049 0.0190663 1.80665e-17)
(-0.0453729 -0.00799201 4.81408e-18)
(-0.0216059 -0.0254491 9.51262e-18)
(-0.100409 0.0560222 -1.1914e-18)
(-0.076913 0.0273259 -8.24873e-18)
(0.104445 -0.100004 -2.7173e-17)
(0.0334134 0.0212864 0)
(0.151624 -0.00908308 8.64363e-18)
(0.210092 0.0496719 0)
(0.107499 0.0488081 0)
(-0.0695088 -0.0619882 0)
(0.143041 0.0335843 0)
(0.175061 -0.00775213 9.06174e-18)
(-0.0162741 -0.0229682 2.78302e-17)
(-0.0222519 -0.0292118 -1.98237e-17)
(0.0997423 0.0138995 9.19246e-18)
(0.204568 -0.00178401 0)
(0.151297 0.0105503 2.74637e-17)
(0.19643 0.0449362 0)
(-0.0233443 -0.161341 -9.13553e-18)
(-0.0225355 -0.159672 9.13404e-18)
(0.198732 -0.0397373 9.01484e-18)
(0.117698 0.0606491 1.82802e-17)
(0.172935 -0.0556926 9.02848e-18)
(0.190573 -0.038272 1.89563e-17)
(0.214739 0.0255192 -3.63792e-17)
(0.175485 -0.0827178 0)
(0.101176 -0.137581 -9.0187e-18)
(0.208155 0.0487372 1.81902e-17)
(0.164448 0.0240384 -1.8283e-17)
(0.114968 0.049669 0)
(0.0836613 0.0241621 1.91645e-17)
(0.109292 -0.00718783 1.84596e-17)
(0.0376544 -0.0111821 -3.42464e-17)
(-0.00161937 0.0137936 0)
(0.127732 -0.0170715 1.84157e-17)
(0.0491211 0.00214412 0)
(0.121384 0.0416845 0)
(-0.0521061 -0.0297502 0)
(0.199133 -0.0549986 0)
(0.145513 -0.0398127 2.73372e-17)
(0.162496 -0.098586 0)
(0.207445 0.0055012 9.12394e-18)
(0.0758591 -0.00847755 -1.93584e-17)
(0.146745 -0.086545 9.01135e-18)
(0.139907 0.0281261 -1.66848e-17)
(0.153166 -0.0115204 -1.83234e-17)
(0.09034 -0.0260827 0)
(-0.00702975 -0.1578 -1.81473e-17)
(0.120731 0.00510926 -2.75202e-17)
(0.13946 0.049495 0)
(0.139255 0.0545938 0)
(0.211431 -0.0135711 0)
(0.0352313 -0.138084 1.81597e-17)
(0.14795 0.0333611 1.08011e-22)
(0.112649 0.0482177 3.05263e-23)
(0.0945584 0.0338422 -1.89288e-17)
(0.0784897 -0.129072 0)
(0.144645 0.0500224 0)
(0.121696 0.0588295 0)
(0.134751 0.0542139 0)
(0.0662566 -0.0221961 0)
(0.0154265 -0.16028 -9.0902e-18)
(0.128332 0.0506593 -1.85937e-17)
(0.1364 -0.0341648 2.7464e-17)
(0.151363 -0.0312298 -9.13199e-18)
(-0.0441972 -0.0427406 1.84378e-17)
(0.143929 0.041424 -9.10277e-18)
(0.106323 0.0663656 9.28019e-18)
(0.134485 0.0397574 -9.14113e-18)
(0.0881222 -0.146634 0)
(0.119247 -0.0256589 -1.83996e-17)
(0.131281 -0.0370272 -3.6451e-17)
(0.133503 0.0751616 0)
(0.141997 -0.0358816 -1.82298e-17)
(0.130502 -0.0189837 -1.85423e-17)
(0.148592 -0.0221046 0)
(0.151228 0.0298165 0)
(0.12763 0.0699464 2.3666e-22)
(0.0998132 0.0901476 8.32182e-18)
(0.210284 0.0317909 0)
(0.137277 0.0225725 -2.74292e-17)
(0.166636 0.0394018 0)
(0.108807 0.0620849 0)
(-0.0208932 -0.109151 -1.81239e-17)
(0.125988 0.0734225 -1.82548e-17)
(0.151321 0.01207 0)
(0.136908 0.0743828 -1.82242e-17)
(0.19998 0.0381502 -9.09854e-18)
(0.13605 0.0650974 1.82211e-17)
(0.116148 0.0242605 -1.87948e-17)
(0.150115 -0.00025972 1.83104e-17)
(0.197933 0.0141037 0)
(0.133913 0.0809419 -9.1074e-18)
(0.108537 0.0612012 -3.22707e-17)
(0.14097 0.061464 0)
(0.12662 0.0708876 0)
(0.147759 0.0225263 2.73532e-17)
(-0.0236146 -0.130751 -1.78136e-17)
(0.115515 0.105169 0)
(0.137231 0.0697341 1.82221e-17)
(0.0971413 0.11192 3.8397e-17)
(0.138033 0.0609921 -1.82147e-17)
(0.0370143 -0.16169 0)
(0.119453 0.0553918 3.88308e-17)
(0.131267 0.0804016 9.09832e-18)
(0.0739066 -0.155792 0)
(0.121511 0.0958753 1.82085e-17)
(0.106665 0.0111907 -1.00429e-17)
(0.104485 0.107026 0)
(0.13625 0.00147596 0)
(0.089109 -0.0201452 0)
(0.0789064 0.0515861 1.61207e-17)
(0.0742599 -0.0272611 -8.85903e-18)
(0.161376 0.0372148 -2.22582e-17)
(0.129903 0.0866703 0)
(0.116092 0.0936741 9.36213e-18)
(0.118788 0.080065 -1.82267e-17)
(0.10765 0.0666886 3.07972e-17)
(0.0217394 -0.163921 0)
(0.10505 0.0809673 -7.91824e-18)
(0.125817 0.0957044 0)
(0.114829 -0.0254235 0)
(0.0552592 0.0333766 0)
(0.108482 0.0301606 0)
(0.128525 0.0108001 9.18242e-18)
(0.119854 -0.0325179 0)
(0.127652 0.0887707 0)
(0.10059 -0.032341 -9.24268e-18)
(0.0831768 -0.0287005 -9.10101e-18)
(0.135938 0.0680013 0)
(0.107601 0.0985112 0)
(0.133261 0.0618422 0)
(0.106048 -0.034558 3.65002e-17)
(0.124697 -0.00918687 2.77254e-17)
(0.123123 0.0648124 0)
(0.146072 0.0362556 1.57545e-17)
(0.0688111 0.118081 -1.8435e-17)
(0.116739 0.0869837 1.82319e-17)
(0.0899435 0.0976168 -1.82836e-17)
(-0.00424662 -0.000267733 3.12991e-23)
(0.108671 0.0755466 0)
(0.00258717 -0.0839657 0)
(0.0734896 0.13191 1.76831e-17)
(0.0343816 -0.0566323 0)
(0.123643 0.0785412 0)
(0.0821158 0.04787 -1.6294e-17)
(0.0139347 -0.0992146 -2.31405e-17)
(0.0548962 0.0421834 0)
(0.0316344 0.0454014 -1.83416e-17)
(0.124232 0.0848652 0)
(0.0999268 0.0745132 -1.82673e-17)
(0.0520349 0.0571801 -9.1763e-18)
(0.0506605 0.0671884 3.67132e-17)
(0.0975937 0.0826492 0)
(0.118627 0.103788 -1.81942e-17)
(0.080654 0.119829 9.17951e-18)
(0.0767372 0.0681636 0)
(0.0684884 0.138992 2.29981e-17)
(0.0739867 0.0759849 -9.16466e-18)
(0.0691377 0.102221 -1.83687e-17)
(0.0981014 0.0469775 -1.71203e-17)
(0.0667375 0.145711 -9.25624e-18)
(0.100639 0.0529697 0)
(0.102718 0.120887 -1.84072e-17)
(0.0274351 -0.0645789 0)
(0.0324151 -0.0676585 2.72729e-17)
(0.0874457 0.106438 2.74564e-17)
(0.0815137 0.133352 1.83572e-17)
(0.000999776 0.0087192 3.7145e-17)
(0.031072 0.0214572 -9.80653e-18)
(-0.0297178 -0.0258387 -1.86696e-17)
(0.0856204 0.131314 0)
(0.0123201 -0.0569568 0)
(0.0786351 0.12715 -1.83966e-17)
(0.0654251 0.142816 3.82819e-17)
(0.025697 0.0220054 0)
(0.0703332 0.0939612 -2.75041e-17)
(0.0257225 -0.0698997 -3.01299e-22)
(0.0606761 0.114709 9.2903e-18)
(0.090286 0.127949 0)
(0.0907157 0.125614 9.30708e-18)
(0.0785767 0.123755 -2.76319e-17)
(0.0585263 0.102416 0)
(0.0247933 -0.0740911 2.11012e-17)
(0.054117 0.134481 -3.96716e-17)
(0.00182032 -0.0729436 0)
(0.0941176 0.118841 0)
(0.0274566 -0.0665851 -1.84174e-17)
(0.027614 -0.0682977 0)
(0.0721722 0.122115 1.83997e-17)
(0.036201 0.0642082 5.36478e-19)
(0.0158181 -0.0646664 -2.01633e-17)
(0.0625746 0.125172 -1.86661e-17)
(-0.0164303 -0.0203425 -1.51257e-17)
(0.0258961 -0.0686611 1.84899e-17)
(0.00220614 -0.0794242 0)
(0.00540842 -0.00546008 0)
(-0.0056739 -0.038109 6.3788e-17)
(0.00163878 -0.0601014 -4.10468e-17)
(0.0012302 -0.0775535 -4.0459e-17)
(0.0154526 0.0190057 0)
(0.0582958 0.176072 1.96562e-17)
(0.0210501 -0.068601 -2.8854e-17)
(0.0229522 -0.0677148 2.90255e-17)
(0.000852555 -0.0406764 0)
(0.00686238 -0.0455485 -2.0297e-17)
(0.0494774 0.189317 -6.07443e-17)
(0.00120293 -0.0408139 -1.92319e-17)
(-0.00578218 -0.0179777 -8.17791e-23)
(0.0503557 0.117656 1.71587e-17)
(0.0181758 -0.0644868 -1.98035e-17)
(-0.0267994 -0.0298356 9.54822e-18)
(0.0303502 0.048361 0)
(0.0295118 0.00288306 -2.19123e-17)
(0.0588576 0.162652 4.44408e-17)
(0.000663418 -0.0191536 -2.15082e-17)
(0.00400176 -0.0664473 1.83535e-21)
(0.028677 0.00762698 3.01154e-17)
(0.0273788 -0.0131122 -1.2339e-21)
(0.16237 0.0357691 3.59713e-17)
(0.0484273 -0.0233672 1.31865e-17)
(0.0346566 -0.0601834 0)
(0.00251932 -0.0514191 2.06152e-17)
(-0.00132016 -0.0675623 0)
(0.04894 0.00868673 -1.21566e-17)
(0.05385 0.180126 -6.35981e-19)
(0.00253731 -0.0276811 0)
(0.0519925 0.172965 5.85336e-19)
(0.0588346 0.131104 2.05278e-17)
(0.0034904 -0.0259159 -2.39728e-17)
(0.00325271 -0.0307089 -5.8153e-18)
(0.0165567 -0.0533965 4.90905e-18)
(-0.0427419 0.0149772 2.84594e-17)
(0.0425569 0.00180677 2.14394e-17)
(0.0694863 0.0348918 -2.26976e-17)
(-0.0779027 0.037536 1.7686e-17)
(0.0192526 -0.0667894 0)
(-0.0301709 0.0135735 1.0716e-17)
(0.0524516 -0.0094707 0)
(-0.02279 -0.0535855 1.70791e-17)
(0.0214099 -0.0569487 0)
(-0.0485872 -0.0563436 -4.06022e-17)
(-0.0110102 0.00377586 -2.20917e-17)
(0.055753 -0.024043 -1.79605e-17)
(0.00226109 -0.0153553 -1.54394e-17)
(0.0362949 0.0329601 0)
(0.0368396 -0.0019729 1.01154e-18)
(0.0141039 -0.00135197 0)
(0.0800648 0.0148965 -3.17742e-17)
(0.0411898 0.0150949 -1.51132e-17)
(0.0214369 0.0218216 -5.3085e-18)
(-0.00736502 0.00450004 3.928e-17)
(0.0171709 -0.0516378 0)
(0.0193627 -0.0570611 1.69095e-17)
(0.0199283 -0.00263659 0)
(0.0638807 0.000199071 -2.87822e-17)
(0.00247951 -0.0677877 -2.18717e-17)
(0.0816564 -0.00618156 2.03371e-17)
(0.0818993 -0.0131931 0)
(0.0914005 0.000966041 -5.2916e-18)
(0.0596999 0.145392 0)
(-0.044611 -0.0575763 2.01125e-17)
(0.00708392 -0.067684 6.466e-19)
(0.00158285 -0.050721 4.32101e-17)
(0.0285564 -0.0630862 0)
(0.00393543 -0.0770477 1.87665e-17)
(0.00339681 -0.0675264 2.0049e-17)
(0.00638726 -0.0796357 1.05842e-17)
(0.0131991 -0.0402224 3.27059e-24)
(0.0687928 0.000114899 -2.79631e-17)
(0.0615795 0.149464 0)
(-0.0427333 -0.0775246 0)
(0.0269425 0.105713 -1.0171e-17)
(0.0529888 0.00125417 2.09208e-17)
(0.0291778 0.0939361 0)
(0.0065771 -0.0120613 1.00576e-17)
(0.0304496 0.0837045 -1.69632e-17)
(0.00520015 -0.00609023 0)
(0.0114074 -0.0763618 0)
(0.0162714 0.0675961 -3.37121e-22)
(0.0191095 0.051964 1.76313e-17)
(0.00325202 -0.00537821 9.82897e-18)
(0.00992809 -0.0664541 -1.03065e-17)
(0.170247 0.0560128 0)
(0.0825941 0.11308 1.99765e-17)
(-0.0836944 -0.126736 -1.02107e-17)
(0.0214014 0.0184169 -1.0067e-17)
(0.012061 0.0103204 0)
(0.00230013 -0.00100829 0)
(0.000190287 0.000552485 9.03429e-18)
(0.0308486 0.046903 -1.93131e-17)
(0.00642137 0.00323362 0)
(0.00332553 0.00341671 1.69048e-17)
(0.0526967 -0.0252955 0)
(0.0247605 0.0245369 9.95317e-18)
(0.0292671 -0.0489567 -1.92316e-17)
(-0.00298124 0.000626423 2.57818e-18)
(-0.00131173 -0.000125717 1.54917e-17)
(0.02839 0.0380778 -2.04511e-17)
(0.0258359 0.0308932 -2.06703e-17)
(0.0183536 -0.0351409 0)
(0.0120111 0.00339656 1.88946e-17)
(0.00425036 0.00127762 0)
(-0.00300191 -0.00480519 -2.43396e-18)
(-0.002524 -0.000192734 0)
(0.0157453 0.020453 0)
(0.0119894 0.0120998 -9.99808e-18)
(0.0411594 -0.0189541 3.36701e-22)
(0.0100591 -0.0205763 0)
(-0.000163001 -0.00558718 -1.59355e-17)
(0.168904 0.00183068 -1.06913e-17)
(0.0920962 0.0624238 -1.96725e-17)
(-0.0297828 0.0033645 0)
(0.000732768 -0.0600938 -1.96559e-22)
(0.0848601 0.100911 -3.20342e-17)
(-0.0361869 -0.0493639 -2.3347e-17)
(0.00623816 -0.0524957 0)
(0.0846258 -0.0505775 -3.89902e-17)
(0.0759309 0.11184 -9.75567e-18)
(0.0603421 0.153666 0)
(0.0859472 0.0484617 1.99018e-17)
(0.0191826 -0.0772517 -1.1222e-17)
(0.0602977 0.0924182 2.22513e-17)
(0.0502193 -0.0277151 1.97825e-17)
(0.0298686 0.00668768 1.07359e-17)
(0.0607087 0.0260418 3.12171e-17)
(-0.0535947 -0.034704 1.11546e-17)
(0.166093 -0.0630802 0)
(0.0400453 -0.0193634 -3.90114e-17)
(0.0321658 -0.0114317 -4.77202e-18)
(0.0374777 -0.0858681 2.97926e-17)
(0.00177597 -0.0729654 -2.08431e-17)
(0.185859 0.0366455 -3.35766e-17)
(-0.0567153 -0.0246363 1.66111e-17)
(0.0471856 0.0842648 -2.73017e-17)
(0.0097539 -0.0721965 5.29512e-18)
(0.122924 -0.0105052 2.02579e-17)
(0.11052 0.010477 -3.04841e-17)
(0.084753 0.037536 4.23816e-17)
(-0.125982 0.0132633 0)
(0.0267556 -0.0738088 -2.18238e-17)
(0.031823 0.0643877 3.40763e-17)
(0.0594021 -0.0980859 -1.97961e-17)
(0.0199702 -0.0779275 1.18147e-17)
(-0.0244427 -0.0326917 -5.29084e-18)
(0.0138782 0.0794746 0)
(0.102386 -0.00531245 -1.024e-17)
(-0.0569317 -0.107586 -2.16021e-17)
(0.053299 -0.116748 2.00689e-17)
(0.0252759 -0.0717581 1.31162e-17)
(0.0189468 0.0385965 -2.20126e-17)
(0.0198759 -0.0490703 1.16996e-17)
(0.126047 -0.0281975 -1.63261e-17)
(0.0125148 -0.050199 0)
(0.0607189 0.0556989 3.7637e-17)
(-0.0135714 0.00861544 -2.07873e-17)
(0.00807373 0.00290325 2.64023e-17)
(0.0272233 -0.00931358 2.49094e-17)
(0.177941 -0.00064538 5.20669e-18)
(0.166933 -0.0243355 -1.1132e-17)
(-0.0593718 0.00997718 -2.31414e-17)
(-0.0631693 0.001968 2.2029e-17)
(0.0254098 -0.000856103 0)
(0.0178707 0.0112536 0)
(0.00281904 -0.076583 -2.29474e-17)
(0.00103119 -0.00643699 -1.12069e-17)
(0.000749712 -0.00475444 -2.24064e-17)
(0.00360606 -0.0798854 1.19291e-22)
(0.0316393 -0.0677903 1.02134e-17)
(0.0700907 -0.0342089 -2.05742e-17)
(0.000469458 -0.0158897 0)
(0.000603081 -0.0176292 0)
(-0.114392 -0.0384253 3.7282e-17)
(0.00474055 0.0930015 -3.69846e-17)
(0.0399348 -0.0427548 -1.04197e-17)
(0.0578948 0.0600326 1.2122e-17)
(0.000904661 -0.00890327 2.11621e-17)
(0.0381754 0.132687 2.41065e-17)
(0.0388722 0.0163485 0)
(0.0917797 0.0565325 0)
(0.0236277 0.0114107 -1.08496e-17)
(0.0221174 0.152656 1.26041e-17)
(0.087902 0.0757181 -9.82936e-18)
(0.00340366 -0.0010534 -1.62179e-17)
(0.0150444 -0.0361466 1.08032e-17)
(0.00374151 -0.0140677 -2.68193e-18)
(-0.0013353 -0.00829875 -3.70841e-17)
(0.0599588 0.163749 -2.58332e-17)
(0.118349 -0.102768 6.19435e-18)
(0.0766925 0.0850968 2.65598e-17)
(-0.0234685 0.00860083 4.46201e-22)
(0.00357613 -0.0720536 1.86409e-17)
(-0.0220993 0.0184118 2.18207e-17)
(0.0455562 0.0223441 -1.05044e-17)
(0.0464189 0.137953 -3.51567e-17)
(0.00183084 -0.0351565 2.28934e-17)
(-0.0053021 0.0118577 -1.07655e-17)
(0.0208713 0.00488128 -2.15182e-17)
(0.0868993 -0.121509 1.8514e-17)
(0.0511969 0.0734905 -2.5495e-18)
(0.0291407 -0.0366898 5.25467e-18)
(0.0309286 0.0726588 4.69696e-18)
(-0.0190634 -0.0155947 0)
(-0.0121144 -0.00441006 7.18938e-18)
(0.0607189 0.152742 1.15119e-17)
(-0.115729 -0.0112136 2.51319e-17)
(0.012592 -0.0125851 0)
(-0.0194688 0.0201171 -4.48354e-18)
(0.153282 0.044765 2.53515e-17)
(0.12902 0.0562998 1.41507e-17)
(-0.00585095 -0.0647134 0)
(0.000622965 -0.00817151 -2.21757e-17)
(-0.0821735 -0.109335 1.16012e-17)
(-0.0480936 0.00329029 -2.95977e-18)
(0.0231567 0.0192443 -1.54745e-18)
(-0.0162255 -0.0307002 5.65652e-18)
(-0.000132546 -0.0067113 2.43199e-17)
(-0.00633809 -0.0712264 0)
(0.0740756 0.0527329 0)
(-0.0656668 -0.0545885 0)
(-0.0232848 -0.0387948 -1.25244e-17)
(0.0900662 0.0697911 0)
(-0.0223598 -0.0187432 2.07254e-17)
(0.0125077 -0.0717696 -1.20975e-17)
(0.000124289 -0.0153427 -1.24148e-17)
(-0.000652966 -0.0711204 0)
(0.158933 0.0567139 -6.25787e-18)
(0.0378365 0.0227532 0)
(-0.0444988 -0.0175824 7.06621e-19)
(0.00307883 -0.0120778 1.19528e-17)
(0.00241598 -0.0170666 1.75129e-17)
(0.0299105 -0.0503251 0)
(0.0109176 -0.0261572 2.26432e-17)
(0.00258706 -0.0460182 0)
(0.00500566 -0.0698297 0)
(0.0136897 -0.06176 1.51368e-18)
(0.128391 0.0480612 -2.2007e-17)
(0.00143805 -0.00435284 -1.29381e-18)
(0.108113 -0.0428999 0)
(-0.0350967 -0.00128979 4.34798e-17)
(-0.0150277 -0.0604618 1.23164e-18)
(0.0253029 0.120558 -1.09289e-17)
(0.0771998 -0.0663741 0)
(0.0840449 0.0434752 -9.67427e-18)
(0.0241236 -0.0500831 -2.63511e-17)
(0.109044 -0.0351615 2.40407e-17)
(0.0796978 0.0813578 1.15431e-17)
(0.00642778 -0.0565835 1.06692e-17)
(0.0671975 0.0324215 -1.15424e-17)
(0.00374969 -0.0158882 -2.33186e-17)
(0.170931 -0.0475266 -2.17571e-17)
(0.0271049 0.0128251 0)
(0.0983635 0.00457674 1.55202e-17)
(0.0324327 -0.053868 5.35549e-18)
(0.186064 0.0545935 2.05959e-17)
(0.0563629 0.15278 5.57637e-18)
(0.0614094 0.158291 0)
(0.0265539 0.036239 2.04982e-17)
(0.0749313 0.0230148 3.29538e-17)
(0.114794 -0.0207188 0)
(-0.0204587 -0.075774 3.40131e-18)
(-0.00421842 0.00312248 -1.52866e-17)
(0.110491 0.0057316 0)
(0.00868866 -0.0605712 -1.44338e-18)
(0.0378731 0.0135225 -2.08377e-17)
(0.0766522 0.0293339 2.76296e-22)
(0.131751 0.00139051 -2.38839e-22)
(0.0177294 -0.0614235 -5.51777e-18)
(0.0890409 -0.102964 -2.46871e-17)
(0.0221258 -0.00790836 2.76178e-17)
(0.024506 -0.00434237 4.9259e-17)
(0.0688795 0.0308979 -2.52359e-17)
(0.00831025 0.00329119 3.6638e-17)
(0.0601926 -0.0120109 5.23009e-18)
(0.00978548 -0.026827 1.2227e-17)
(0.0343292 0.0557964 2.43563e-17)
(0.0200869 -0.0891006 0)
(0.145497 -0.0342043 -3.38209e-17)
(0.0461244 -0.0833176 -2.12396e-17)
(0.0440197 0.0357513 5.91082e-18)
(-0.0656348 -0.02518 0)
(0.0338757 0.0346797 -2.61337e-17)
(0.0297703 -0.0942579 -2.48997e-17)
(-0.00563609 -0.000241238 0)
(0.0114348 -0.0215548 1.36289e-17)
(0.0169168 -0.0736841 1.5312e-17)
(-0.0235914 -0.0921363 -1.25907e-17)
(0.0360914 -0.11606 1.51608e-18)
(0.0170646 -0.0496873 0)
(0.00106797 -0.0793563 2.44369e-22)
(0.0776517 0.0998105 0)
(0.0435436 -0.0591224 2.18683e-17)
(0.0203121 -0.0737523 -3.10757e-18)
(-0.0367005 -0.0452269 1.27284e-17)
(0.0015556 -0.0321955 0)
(0.0053946 -0.034141 2.71012e-17)
(0.0465999 0.032137 2.51916e-17)
(0.114796 -0.114558 -6.2517e-18)
(-0.0988524 -0.00201592 -2.04576e-17)
(-0.00293777 -0.0452934 -4.29445e-17)
(0.0430317 0.0717751 0)
(0.0251666 0.00556233 0)
(0.0571632 0.0676098 -2.62586e-17)
(0.0493321 0.0619242 3.40472e-17)
(0.149036 0.0585452 1.0722e-17)
(0.177254 -0.0166771 1.22742e-17)
(0.016406 -0.0685991 8.90213e-18)
(0.000911664 -0.0313609 -1.3519e-17)
(0.0566159 0.169272 0)
(0.0598986 0.0803749 0)
(-0.0960049 -0.0827525 0)
(0.0238786 -0.0762424 -8.99096e-19)
(-0.0182595 -0.001293 1.40655e-17)
(0.0628822 0.000678421 6.66941e-18)
(0.0408695 0.174706 3.49887e-17)
(0.0196539 -0.048793 -3.59755e-23)
(0.0758661 0.0561167 2.6343e-17)
(0.129141 -0.0188056 6.58475e-18)
(0.0221 0.134474 -4.13974e-22)
(0.00492413 -0.013634 0)
(-0.0977338 -0.0625081 -2.27845e-17)
(0.00955818 -0.0448093 0)
(0.0135667 -0.0353313 -2.334e-17)
(0.0441597 -0.00605091 0)
(0.0724953 -0.0291041 1.97027e-17)
(0.0169921 0.00739734 -6.47596e-18)
(0.0144811 -0.0329953 -1.46512e-17)
(-0.0494861 -0.0392297 0)
(0.0344036 0.15927 1.95922e-17)
(0.0807074 -0.0121505 6.52679e-18)
(0.0447959 0.0498615 2.66711e-17)
(0.0162073 -0.0671318 0)
(0.0037327 -0.063531 -2.61396e-17)
(0.034533 0.0149542 6.35478e-18)
(0.00150668 -0.0295014 -2.54838e-17)
(-0.119017 -0.0394512 -2.73483e-17)
(0.0976946 -0.0924367 0)
(0.0132352 -0.0717356 -7.58785e-18)
(0.0861693 0.0615628 -1.79409e-17)
(0.101151 0.0434573 -1.73037e-17)
(-0.00953045 -0.0586387 3.33995e-17)
(0.00153707 -0.0152508 2.83537e-17)
(-0.0391539 -0.0250508 0)
(0.0200833 -0.0679625 -9.5621e-18)
(0.0204714 -0.0716701 -2.93728e-17)
)
;

boundaryField
{
    back
    {
        type            empty;
    }
    front
    {
        type            empty;
    }
    top
    {
        type            codedFixedValue;
        value           nonuniform List<vector> 10((0 -0.0728 0) (0 -0.0792 0) (0 -0.06 0) (0 -0.0408 0) (0 -0.0408 0) (0 -0.06 0) (0 -0.0728 0) (0 -0.0152 0) (0 -0.0152 0) (0 -0.0792 0));
        name            ParabolicTimeDependentU_max;
        code            #{
		const vectorField& Cf = patch().Cf();
		vectorField& field = *this;

		const scalar r = 12.0*1e-3;
		const scalar Umax = 0.4;
		const scalar Umin = 0.02;

		scalar 	Uvar = 0.08;
		scalar 	t = this->db().time().value();
		scalar	tau = fmod(t,1);
		
		if (tau > 0 && tau <= 0.35)
		{
			Uvar = 0.08+Umax*(1-(pow(tau-0.175,2)/(0.175*0.175)));
		}
		if (tau > 0.35 && tau <= 0.6)
		{
			Uvar = 0.08+Umin*(-1+(pow(tau-0.475,2)/(0.125*0.125)));
		}
		if (tau > 0.6 && tau <= 1)
		{
			Uvar = 0.08;
		}
		
		forAll(Cf, faceI)
		{
			const scalar x = Cf[faceI][0];
			const scalar y = Cf[faceI][1];
			field[faceI] = vector(0, Uvar*(-1+(pow(x+(0.02+r),2))/(r*r)), 0);
		}
	#};
    }
    outer_arc
    {
        type            noSlip;
    }
    bottom
    {
        type            zeroGradient;
    }
    inner_arc
    {
        type            noSlip;
    }
}


// ************************************************************************* //
