/*--------------------------------*- C++ -*----------------------------------*\
  =========                 |
  \\      /  F ield         | OpenFOAM: The Open Source CFD Toolbox
   \\    /   O peration     | Website:  https://openfoam.org
    \\  /    A nd           | Version:  9
     \\/     M anipulation  |
\*---------------------------------------------------------------------------*/
FoamFile
{
    format      ascii;
    class       surfaceScalarField;
    location    "1.52";
    object      phi;
}
// * * * * * * * * * * * * * * * * * * * * * * * * * * * * * * * * * * * * * //

dimensions      [0 3 -1 0 0 0 0];

internalField   nonuniform List<scalar> 
2420
(
2.50967e-07
-2.368e-07
-1.41671e-08
-1.52934e-07
1.52934e-07
7.0199e-07
-4.72018e-08
-6.54789e-07
1.52453e-07
-1.52453e-07
-6.17184e-07
2.27885e-07
3.89298e-07
1.96052e-07
-2.21998e-07
2.59459e-08
6.17439e-07
8.45509e-08
-9.61223e-07
8.66419e-08
8.74581e-07
1.63615e-06
-1.92118e-06
2.85026e-07
-4.85295e-07
-1.31888e-07
-3.0217e-07
7.1897e-08
2.30273e-07
-1.92216e-07
-1.09955e-07
-9.61223e-07
-1.0902e-07
1.21504e-07
-1.24837e-08
-4.59222e-08
1.17955e-06
-1.13363e-06
2.77376e-07
-1.50608e-06
1.2287e-06
1.94838e-06
-5.77923e-07
-1.37045e-06
4.98938e-07
-9.00679e-07
4.01741e-07
-1.36342e-07
1.21527e-07
1.48141e-08
1.72469e-08
-1.26267e-07
-5.72473e-07
1.84588e-07
3.87884e-07
-5.56313e-08
-5.67304e-07
7.80879e-07
-2.13575e-07
-7.36317e-07
1.69014e-07
1.5184e-07
9.91273e-08
9.45399e-07
1.00298e-06
-5.841e-07
8.61476e-07
-6.14928e-07
-1.10261e-06
1.71754e-06
-1.40675e-06
7.91827e-07
2.82033e-07
5.81349e-08
-3.40168e-07
-1.06845e-06
-3.1493e-07
1.38338e-06
2.09629e-07
-5.82529e-08
-1.51376e-07
-3.69417e-07
3.51267e-07
1.81502e-08
-7.02668e-07
5.54074e-07
1.48594e-07
-3.51176e-07
8.50114e-07
-4.29762e-07
-2.72906e-07
5.87463e-08
1.37306e-07
-5.1138e-08
-1.01796e-07
-5.64698e-08
-3.12947e-07
5.53094e-08
9.76242e-08
-2.32231e-07
-3.40241e-07
6.85506e-07
6.21497e-08
-7.47655e-07
2.37485e-07
-2.93955e-07
-1.08005e-07
9.22802e-08
1.57253e-08
-1.03584e-09
2.38806e-07
-2.3777e-07
3.82427e-08
1.1421e-07
-1.44668e-07
-7.78556e-09
-4.91436e-08
4.81078e-08
-2.16093e-07
3.72967e-07
-1.56875e-07
-8.74562e-08
3.24941e-07
-1.16855e-07
-1.05144e-07
1.62427e-07
5.36146e-08
-9.95367e-08
-1.18238e-06
-7.38794e-07
8.56597e-07
-1.36735e-07
-7.19861e-07
9.53509e-08
3.49267e-07
-4.44618e-07
2.83911e-07
-2.68048e-07
-1.58626e-08
5.48744e-08
1.70226e-08
-1.00204e-07
1.28891e-07
-2.86864e-08
1.66288e-07
-7.09372e-08
1.43917e-07
-1.21237e-06
1.1768e-07
-1.31659e-07
1.39787e-08
-1.93025e-07
-4.37753e-08
-1.08062e-06
1.16727e-06
-1.87765e-07
1.07999e-07
7.9766e-08
-8.20925e-07
5.05995e-07
8.6678e-08
-1.26635e-07
3.99566e-08
-6.16728e-08
8.09271e-08
-1.92543e-08
6.85272e-07
-1.03645e-06
-5.08115e-08
-6.79838e-09
-2.03485e-07
1.01927e-07
-1.92907e-07
9.09801e-08
2.79571e-07
8.99984e-07
6.784e-07
1.83748e-07
-8.62148e-07
7.79736e-08
-1.16899e-07
3.89252e-08
-1.33765e-06
-6.91078e-08
-3.79903e-07
1.06517e-06
5.16795e-08
-1.83609e-07
4.65643e-07
-7.77395e-08
-1.10025e-07
2.31624e-08
5.48112e-08
8.2684e-07
2.97568e-08
-8.21136e-08
-2.58918e-08
-1.88344e-07
3.76517e-07
-1.88173e-07
1.07792e-06
-1.16294e-06
8.5019e-08
9.29131e-07
-2.50731e-07
2.03667e-07
-1.0174e-07
4.96373e-07
-1.98427e-07
-2.97946e-07
-4.44063e-07
-3.42984e-07
7.87047e-07
-8.85088e-07
4.41025e-07
-3.28628e-07
-3.26161e-07
-7.41911e-08
-6.21504e-08
5.59651e-08
-2.72058e-07
1.59673e-08
2.23812e-07
-2.39779e-07
5.22804e-08
6.92471e-08
6.67917e-08
1.98863e-08
-1.11094e-07
1.089e-08
-1.00547e-07
4.22937e-08
-3.2078e-07
8.57555e-08
2.35024e-07
1.86993e-07
-5.1562e-07
-3.15694e-09
1.92893e-08
-1.61324e-08
2.11297e-07
1.61671e-07
1.13278e-08
-1.44847e-08
-1.55832e-09
-2.32737e-07
2.34296e-07
4.85083e-08
6.91717e-08
-1.36664e-06
3.48833e-07
1.0178e-06
1.7867e-07
-1.20535e-07
-7.72465e-08
-2.43533e-07
6.23198e-07
-2.7393e-07
2.1779e-08
-2.6934e-07
2.47561e-07
-4.35456e-08
-1.4867e-07
6.09979e-07
1.32188e-08
1.18707e-07
-3.07051e-07
1.31638e-06
-2.41744e-07
-1.07464e-06
1.92832e-07
-1.10982e-06
-2.56818e-07
1.67133e-07
2.73549e-07
2.22824e-07
1.26156e-07
-1.27715e-07
2.74078e-07
3.35901e-07
4.66613e-08
-1.05541e-06
1.00875e-06
-1.16914e-08
-1.11612e-06
1.12781e-06
-7.91093e-08
-5.3374e-07
6.12849e-07
2.43596e-08
4.24322e-08
-1.07379e-06
2.72361e-07
8.01434e-07
-3.01458e-07
2.14002e-07
-1.13333e-07
1.293e-07
-1.2893e-06
-2.16776e-07
-4.81613e-08
-2.67306e-07
3.15467e-07
4.42781e-07
-1.86806e-07
-2.55974e-07
-2.488e-07
2.70579e-07
-1.36212e-06
2.81493e-07
-6.7202e-07
-4.01775e-07
-2.44387e-07
2.44387e-07
-4.54408e-07
1.47312e-07
3.07096e-07
-4.50485e-07
-2.0409e-07
6.54576e-07
5.36146e-08
-2.68048e-07
-1.14562e-07
-1.20729e-08
1.66288e-07
-5.99962e-07
1.58626e-08
5.99962e-07
-8.52734e-07
2.52771e-07
3.36525e-08
6.82973e-07
-7.16626e-07
-2.48845e-07
1.37045e-06
-1.12161e-06
-6.82973e-07
7.29635e-07
-3.40173e-07
7.16626e-07
-3.76453e-07
2.0314e-07
7.09372e-08
-1.73312e-07
-2.0314e-07
3.76453e-07
-1.04561e-06
1.204e-06
-1.5839e-07
1.04561e-06
-9.01691e-07
-1.204e-06
1.12161e-06
8.23907e-08
-7.29635e-07
9.13383e-07
-9.13383e-07
9.01691e-07
-1.0039e-06
-1.59039e-07
-7.53554e-08
-2.26103e-07
2.92614e-08
7.87375e-08
-5.05928e-07
1.04182e-06
-5.35894e-07
2.06562e-07
-6.64117e-08
-8.46101e-07
-4.11893e-07
-5.11977e-07
9.2387e-07
-1.60876e-06
4.26377e-07
7.47382e-07
2.9444e-07
7.81035e-07
-3.01093e-08
-8.09849e-08
-1.8414e-06
8.84782e-07
-1.12653e-06
4.36489e-08
7.51e-07
-1.1309e-06
9.33097e-07
-1.51102e-06
-9.90701e-07
-1.7153e-07
1.16223e-06
-6.54366e-07
4.81054e-07
-1.48505e-06
3.25132e-07
1.15992e-06
-1.13622e-06
1.20001e-07
3.2278e-07
-4.42905e-07
1.1939e-06
-1.80813e-08
1.6639e-07
-1.48309e-07
6.56507e-08
-4.84038e-08
-7.87602e-07
-1.01301e-06
2.23072e-08
2.57783e-08
-1.42633e-07
-3.88959e-07
3.0985e-07
-1.29051e-07
-1.44098e-07
2.73149e-07
-1.46156e-07
2.64841e-07
-1.18685e-07
1.04891e-07
-8.17285e-08
-1.64237e-07
3.74809e-07
8.67919e-09
-3.83488e-07
-9.60497e-07
-5.25112e-08
2.19252e-07
1.95543e-08
-7.20988e-08
-5.956e-08
-9.60252e-08
-1.16513e-07
2.12538e-07
-1.67145e-07
3.29572e-07
-2.56737e-07
6.25858e-07
-3.69121e-07
-6.57171e-08
2.78783e-07
8.10386e-09
-3.46741e-09
-1.9496e-07
-8.69181e-07
-9.13163e-08
2.31913e-08
-1.81672e-07
1.5848e-07
1.30525e-08
1.01387e-08
-9.25925e-07
5.69435e-08
8.68981e-07
1.12822e-06
-9.43633e-07
-3.67525e-07
2.41041e-07
1.26484e-07
1.7547e-07
-2.91983e-07
-2.90736e-07
2.42575e-07
7.00675e-07
-1.46601e-07
1.95394e-07
-5.62206e-07
3.66812e-07
8.66215e-08
-2.53766e-07
-3.99099e-07
1.15714e-06
1.29231e-07
-6.35802e-08
8.61882e-08
-2.0075e-07
2.74376e-07
-7.04137e-07
-7.4876e-07
3.36867e-07
3.63773e-07
1.85593e-07
-5.49366e-07
7.20964e-08
-9.41277e-07
5.57473e-08
5.91551e-07
2.62685e-07
8.85822e-08
-1.14418e-06
1.07348e-06
7.06955e-08
-1.04841e-07
-3.80133e-07
-4.75147e-07
8.5528e-07
-1.2157e-06
8.35563e-07
-4.849e-07
-5.55949e-07
3.79474e-07
1.76474e-07
-4.20936e-07
-1.35013e-07
-6.14263e-07
3.82638e-07
2.31625e-07
-6.30739e-07
4.81822e-07
1.48917e-07
-5.62262e-07
-6.84767e-08
4.38824e-07
6.2635e-07
4.05437e-07
-1.64395e-07
-3.59838e-07
-2.54425e-07
1.5071e-07
2.7399e-07
-9.85196e-08
-5.33064e-07
-6.82632e-07
-7.73873e-07
6.51184e-07
1.22689e-07
-7.02583e-07
-1.50078e-07
2.10267e-08
-1.52789e-08
-7.58594e-07
-1.03439e-07
3.47826e-07
-9.51133e-07
-1.93045e-07
-3.62203e-07
2.60463e-07
1.41822e-06
-6.1241e-07
-8.05807e-07
-1.15108e-06
-4.57686e-07
-9.02185e-07
1.14558e-06
7.26791e-08
1.96011e-08
-2.58973e-07
-3.65868e-09
2.62632e-07
2.82015e-07
1.86478e-07
2.18958e-07
-1.98433e-07
1.18948e-07
1.66172e-07
-2.8512e-07
-1.14435e-06
1.93217e-07
-1.32263e-06
8.7973e-07
3.62587e-07
-2.74005e-07
5.62383e-07
-1.22399e-06
6.61606e-07
1.66526e-07
-1.3613e-10
-3.71492e-07
1.20706e-06
-6.81733e-08
2.40355e-08
-2.83009e-07
1.20285e-06
-1.10774e-06
-9.51145e-08
2.92831e-07
6.97558e-08
9.96266e-08
-1.74982e-07
2.3481e-07
-3.39651e-07
2.14993e-07
7.19463e-08
-2.8694e-07
-9.95367e-08
7.80809e-07
-3.41985e-07
6.91742e-08
4.19744e-07
-2.53218e-07
1.11136e-06
-4.8501e-07
4.27781e-07
3.53028e-07
9.69799e-07
4.48418e-07
-3.24766e-07
-8.19584e-07
-9.86572e-08
3.54047e-07
-2.5539e-07
1.5608e-06
-6.40739e-07
-9.20057e-07
-1.80126e-07
6.84412e-07
-5.04286e-07
1.11841e-06
-1.12352e-06
5.10763e-09
-5.09728e-07
9.3751e-07
2.16594e-07
-1.62979e-07
8.85285e-07
-6.68691e-07
-2.24825e-07
5.77853e-07
5.95602e-07
-3.83065e-07
3.38023e-07
-2.42889e-07
-9.51342e-08
4.19316e-07
5.08129e-07
-5.16808e-07
-7.97785e-08
-3.15368e-08
3.68421e-07
-3.36885e-07
1.12104e-06
-1.29257e-06
-2.96534e-07
5.70524e-07
4.92988e-07
-3.44701e-07
-1.48287e-07
8.74581e-07
-1.69892e-07
3.47826e-07
2.31914e-07
-2.38894e-07
6.98011e-09
-2.07748e-07
3.39508e-07
-1.3176e-07
-1.33138e-08
6.9279e-08
-1.33138e-08
-9.6032e-08
6.99481e-07
-6.03449e-07
1.05267e-06
-1.42416e-06
-1.45791e-07
3.69594e-07
-2.23803e-07
-3.01059e-07
-6.01126e-07
6.13161e-07
-4.21495e-07
-1.91667e-07
-1.50388e-07
1.20305e-06
-4.72596e-07
-2.47986e-07
7.20582e-07
-1.34883e-06
1.09999e-06
-7.90793e-07
1.35318e-06
1.28219e-07
3.16628e-07
7.0672e-07
1.03498e-06
-1.18537e-06
-1.77607e-07
2.96555e-07
-3.36497e-07
3.0496e-07
1.30275e-07
3.96956e-07
1.93717e-07
1.251e-07
-1.1421e-07
1.251e-07
1.06705e-08
-6.76768e-08
2.33849e-07
4.45858e-07
-2.45814e-07
-2.00044e-07
-2.84262e-07
4.70741e-07
1.87459e-07
1.96331e-07
-1.96331e-07
5.01442e-07
-1.10257e-06
-2.31347e-07
-1.90148e-07
7.81645e-07
-1.46428e-06
1.05814e-07
3.40045e-07
4.38177e-07
1.12101e-07
1.09495e-06
-3.29866e-07
-3.09367e-07
-1.09045e-07
-8.54241e-07
9.63286e-07
6.01632e-07
-5.87561e-07
1.66625e-07
-1.62979e-07
5.90436e-07
2.48938e-08
7.2752e-08
3.12328e-07
-5.65546e-07
6.21582e-07
-6.21582e-07
4.48555e-07
-3.91611e-07
-1.05739e-07
-2.0069e-07
3.94407e-07
1.11025e-06
-1.37596e-06
2.6571e-07
8.85303e-07
1.49681e-07
-7.4214e-07
8.98532e-08
1.0051e-06
-4.71471e-07
9.55002e-07
-4.83531e-07
6.7147e-07
3.87953e-07
-1.05942e-06
3.30868e-09
1.35053e-07
-3.52348e-07
1.4626e-06
7.46833e-07
-1.59412e-06
8.47287e-07
-2.38201e-07
2.38201e-07
-6.99275e-07
-4.93726e-07
4.93726e-07
-7.53818e-07
8.20805e-07
-4.74448e-07
-3.46357e-07
3.90629e-08
-3.90629e-08
-3.65085e-07
-1.42918e-07
1.42918e-07
4.10206e-07
-1.29291e-06
8.82702e-07
3.75524e-07
-3.75524e-07
-6.63137e-07
8.11596e-07
-3.04027e-07
-5.07569e-07
9.00326e-07
6.80679e-07
-2.98041e-07
1.1314e-07
6.05828e-07
-3.74203e-07
1.57274e-06
-8.25909e-07
9.20617e-07
-1.01573e-06
-9.24114e-07
-6.70006e-07
-4.65415e-07
4.90309e-07
-2.5492e-07
1.29551e-06
6.30236e-07
4.64914e-07
-6.42514e-07
9.13155e-07
3.95727e-07
5.28277e-08
3.53089e-07
4.58508e-07
-1.13893e-06
-1.5364e-07
2.52962e-07
7.10324e-07
7.64613e-07
5.30895e-07
9.38796e-07
-7.89115e-07
-1.50342e-06
-5.29242e-07
-3.59768e-07
8.8901e-07
3.46355e-07
-4.9301e-07
1.46655e-07
9.72052e-07
6.0069e-07
-1.04206e-06
-8.14613e-08
1.95737e-07
1.34491e-07
-3.30227e-07
4.65078e-07
-2.4612e-07
-1.19144e-06
1.76477e-07
2.1925e-07
-5.1138e-08
3.54567e-07
-6.58595e-07
-2.27579e-07
2.27579e-07
-1.47966e-06
1.04991e-06
4.29749e-07
-1.43305e-06
5.08933e-07
5.50304e-07
2.00387e-07
2.64691e-07
-1.33053e-06
2.76901e-07
1.05363e-06
-4.58627e-08
-6.95684e-07
1.33422e-07
-1.09835e-06
-3.34698e-07
-4.53139e-07
1.21775e-06
3.21028e-07
-8.5027e-07
-5.07604e-07
-1.48846e-07
3.53628e-07
-2.04782e-07
4.85657e-07
-9.6883e-08
-1.223e-06
1.31988e-06
2.96643e-07
6.45612e-07
-9.42255e-07
-4.45001e-08
1.25806e-06
-9.62835e-07
-4.68021e-07
8.72539e-07
-4.04518e-07
-3.14704e-07
3.2355e-08
-1.21331e-07
8.8976e-08
1.12087e-06
2.39311e-07
3.7401e-08
-2.76712e-07
-2.80628e-07
-3.76243e-07
-9.23814e-07
1.30006e-06
3.37324e-07
4.83481e-07
6.23987e-07
2.44994e-07
-1.20157e-07
1.20157e-07
-1.01653e-06
1.29343e-06
1.03013e-06
-6.41236e-07
-3.88893e-07
1.63845e-08
1.60092e-07
8.60927e-07
-3.7527e-07
-7.52176e-07
1.26111e-06
-1.39277e-06
-7.56828e-07
3.9468e-07
3.62148e-07
3.0449e-07
-3.92001e-07
-3.64827e-07
4.9169e-08
-8.00136e-07
3.32116e-07
5.86544e-08
1.0055e-06
-1.06416e-06
4.4659e-07
2.7595e-07
-7.2254e-07
-6.19873e-07
1.46716e-06
-3.53546e-07
-3.13182e-07
-9.59557e-07
1.27274e-06
9.47748e-07
-3.93925e-07
-5.53822e-07
-8.83447e-07
1.31271e-07
4.80538e-07
-1.16491e-07
-7.34887e-07
1.44822e-06
-7.13331e-07
7.16946e-07
-9.49607e-07
1.00826e-06
-4.46038e-07
7.67066e-07
-2.05909e-07
-2.25199e-08
1.07075e-06
-9.92111e-07
-7.86386e-08
5.93412e-07
8.54806e-07
1.32797e-06
-7.34555e-07
4.40812e-07
2.39868e-07
1.50875e-07
1.02053e-06
1.95557e-09
-1.02249e-06
4.84775e-07
8.43193e-07
1.18472e-06
-6.99943e-07
-3.30951e-07
-8.74208e-07
1.20516e-06
2.57534e-08
8.69673e-07
-8.95427e-07
-2.63858e-08
1.07108e-07
-8.0722e-08
-1.17645e-07
-2.29773e-07
-4.28822e-07
1.18728e-07
9.52021e-07
-2.58774e-07
5.34724e-07
-4.11854e-07
-8.00051e-07
1.2119e-06
-1.47717e-07
6.57796e-08
1.23555e-07
-1.89335e-07
-2.61093e-07
-6.91339e-08
-5.3274e-07
-8.34438e-07
1.36718e-06
4.10002e-08
9.79531e-07
-4.77851e-07
2.14698e-07
2.63154e-07
1.17236e-06
3.26954e-07
-1.01356e-06
6.86608e-07
-8.80179e-08
8.92233e-07
-8.04215e-07
-1.33567e-06
-8.0747e-07
3.13634e-07
4.93836e-07
1.72887e-07
9.69106e-07
-7.17229e-07
1.04418e-06
-8.42144e-07
-2.51808e-08
8.67325e-07
3.84668e-07
-1.39962e-08
-9.73573e-07
9.87569e-07
-6.08097e-07
2.46426e-07
3.61671e-07
8.5614e-07
1.56826e-08
-8.71823e-07
1.70398e-07
-4.29173e-07
-1.03762e-06
-2.18698e-07
3.42253e-07
2.53849e-07
6.59257e-07
-9.13106e-07
8.35179e-07
5.7054e-08
-4.29107e-07
-5.4978e-07
9.78887e-07
3.37696e-07
-1.89363e-08
-2.69819e-07
-7.43742e-07
9.71617e-07
3.66437e-08
1.70035e-07
9.73652e-07
-1.14369e-06
-5.46382e-07
-2.61088e-07
7.3961e-07
-2.33615e-07
-8.50718e-08
7.72848e-07
-6.87776e-07
6.10634e-09
8.23698e-07
-8.29804e-07
5.28697e-07
-1.26325e-06
1.93228e-07
-1.03212e-06
9.40647e-08
9.38058e-07
-6.53084e-07
6.68766e-07
1.05976e-06
-8.89724e-07
7.76625e-07
-1.76629e-07
-5.99996e-07
-6.68334e-07
6.43153e-07
-1.94537e-07
-2.83315e-07
-6.22114e-10
6.22114e-10
-1.52703e-07
1.52703e-07
9.85124e-08
-9.85124e-08
9.76242e-08
6.9279e-08
9.17212e-08
-9.17212e-08
-1.67063e-07
1.67063e-07
1.50085e-07
-1.50085e-07
1.26087e-07
-1.25584e-07
1.25584e-07
-1.44668e-07
4.58086e-08
-4.58086e-08
4.67883e-08
-4.67883e-08
-4.6932e-08
4.6932e-08
-2.14466e-07
2.14466e-07
-7.88968e-07
1.07119e-06
-2.82224e-07
-2.04214e-07
2.04214e-07
1.18244e-07
-1.18244e-07
-1.36776e-07
9.02027e-07
-7.65251e-07
6.82586e-07
-6.25532e-07
9.22983e-07
-2.94464e-07
1.0464e-06
-7.08706e-07
6.56288e-07
-9.26107e-07
3.16026e-07
-1.69824e-08
2.1767e-07
5.04983e-07
-7.22653e-07
-1.00637e-06
-2.31607e-07
5.9842e-07
3.18596e-07
4.81077e-07
-7.99673e-07
-3.11042e-07
7.74272e-08
-9.90018e-07
-7.41398e-08
-1.95944e-07
-2.33229e-07
5.78192e-07
-1.10439e-06
4.04446e-07
-4.16849e-07
-3.05691e-07
-9.2771e-07
4.98603e-07
5.67731e-07
-7.99338e-07
-1.10466e-06
1.14642e-07
9.78118e-08
-4.36577e-08
2.0375e-07
-2.9242e-07
3.13317e-08
1.4555e-06
2.95022e-08
4.32e-10
5.8798e-07
-1.84955e-07
8.73958e-07
-2.76859e-08
6.70839e-07
-3.43489e-07
1.47545e-07
-9.34838e-07
9.40944e-07
-9.85854e-07
2.02773e-07
7.83081e-07
1.0098e-06
-9.61329e-07
-4.84748e-08
2.57434e-07
-9.18793e-07
8.80498e-07
3.82946e-08
-9.12525e-07
8.27453e-07
-9.14526e-07
7.82473e-07
1.32053e-07
1.09011e-06
-9.9604e-07
-2.14993e-07
-5.75693e-07
-9.23418e-07
7.46789e-07
-6.50078e-07
-9.39662e-07
7.18516e-07
2.21146e-07
1.30639e-07
1.82496e-07
-1.07222e-06
-8.9706e-07
1.31809e-07
-8.52734e-07
-9.60306e-07
2.63971e-07
6.96335e-07
-2.62216e-07
-3.22474e-08
-6.86669e-07
6.11371e-08
1.65992e-07
-2.53128e-07
-2.30885e-07
7.49659e-08
-1.91156e-07
-1.01556e-07
2.92712e-07
-2.1285e-07
1.28776e-07
-1.49189e-07
6.54172e-07
2.21516e-08
-3.20271e-08
-8.7073e-08
-1.47518e-07
-8.38336e-07
1.02111e-06
2.72317e-07
1.0472e-06
-8.44428e-07
-1.40945e-07
-3.80709e-07
-1.12107e-08
3.9192e-07
-5.88857e-07
-1.92873e-07
-3.90907e-07
4.20409e-07
3.58456e-07
-3.88566e-07
-7.14564e-07
-1.31009e-07
5.14209e-07
-6.34594e-07
1.20386e-07
3.21482e-07
-9.6302e-07
4.19593e-07
6.46018e-07
-7.0986e-07
2.63822e-07
8.46649e-07
2.24543e-07
-4.08395e-07
-2.92731e-07
-7.55822e-07
1.04855e-06
1.4603e-06
-5.27204e-07
-2.4179e-07
-6.09473e-07
9.94141e-07
-9.86164e-07
1.11494e-06
2.25571e-07
9.53362e-07
-1.17893e-06
9.22936e-07
5.5617e-07
-8.64292e-07
3.08122e-07
1.90324e-07
-1.17649e-06
-8.74995e-07
5.69304e-07
-9.84757e-07
1.00691e-06
1.25021e-07
-3.55906e-07
8.31702e-07
-2.03664e-07
-7.22443e-07
1.1871e-06
-3.8557e-07
-2.64508e-07
3.39364e-07
-2.99408e-07
5.71609e-08
8.13604e-07
8.69235e-07
-1.01018e-06
-8.58951e-08
5.40649e-07
-4.54754e-07
-9.34956e-07
4.53492e-07
4.81464e-07
-5.76634e-07
-1.4602e-07
7.05576e-07
-8.53094e-07
-9.65582e-07
5.61064e-07
4.58833e-07
-3.05957e-07
-1.52876e-07
-2.53469e-07
2.95901e-07
-9.22004e-07
5.68458e-07
-3.07802e-07
-5.67194e-07
9.63085e-07
-1.80003e-07
1.91062e-07
1.03647e-06
-2.40641e-07
-7.95832e-07
-2.23403e-07
-3.31405e-07
8.43238e-07
-9.84287e-07
6.76485e-07
-2.87952e-07
-7.80298e-07
-4.56124e-07
8.84737e-07
-4.28613e-07
-1.04377e-06
-6.50269e-07
8.74812e-07
-3.527e-07
1.63335e-07
-1.60247e-07
-4.74347e-07
-9.85425e-07
-8.53331e-07
2.43857e-07
-8.48172e-07
4.13413e-07
4.34759e-07
-9.19892e-07
4.19764e-07
5.00128e-07
3.9463e-07
-9.83931e-07
1.0589e-06
-1.00781e-06
6.55109e-07
-6.48142e-07
-2.06396e-07
1.0484e-07
1.53241e-07
8.90759e-07
-1.044e-06
5.39138e-07
-4.90866e-07
-3.15298e-07
4.16832e-07
-1.01534e-07
-5.93793e-07
-4.235e-07
1.01729e-06
1.24142e-06
9.59476e-07
5.00825e-07
7.92404e-07
-1.03419e-06
3.31323e-07
5.3909e-07
1.81492e-07
2.55997e-07
7.36098e-08
-1.11567e-06
1.99241e-08
1.88154e-07
-2.08078e-07
-3.97124e-07
8.42787e-07
-2.89097e-07
-5.53691e-07
-4.64487e-07
-9.73908e-07
4.46704e-07
-3.02825e-07
6.63039e-07
-3.60214e-07
-4.54418e-07
-2.51369e-07
-3.73041e-07
-3.65741e-07
7.38781e-07
-5.64699e-07
-3.63011e-07
8.20242e-07
-1.14666e-07
3.7037e-07
6.73813e-07
1.40059e-07
-5.94814e-07
2.9697e-07
-5.03366e-07
-3.91264e-07
-2.85435e-07
-5.78857e-07
3.01709e-07
-2.81785e-07
9.98148e-07
-4.37084e-07
6.98574e-08
2.26044e-07
6.40238e-07
5.4373e-07
3.55779e-08
6.8684e-08
-1.04262e-07
-4.37195e-07
1.39667e-06
-3.77657e-07
-5.9625e-07
1.74168e-07
2.84665e-07
-4.79777e-07
-2.73444e-07
7.53221e-07
-1.03088e-06
-4.92475e-07
-8.29165e-07
-1.61481e-07
-2.92994e-07
4.54475e-07
-5.06479e-07
-3.62219e-07
5.36387e-07
7.31345e-07
-3.60408e-07
-3.70937e-07
-9.88199e-07
-4.95377e-07
9.76841e-07
3.74049e-07
8.04256e-08
-6.35664e-07
1.83823e-07
5.47522e-07
9.89926e-07
1.02248e-06
-4.48884e-07
6.28355e-07
-1.02548e-06
-1.04902e-06
2.04592e-07
-1.58261e-07
4.67514e-07
-1.01124e-06
5.15866e-07
4.70362e-07
8.29603e-07
2.60377e-07
-5.63202e-07
-4.02522e-07
-9.11826e-07
-9.83537e-08
1.99243e-07
-5.05201e-07
8.20753e-07
3.11363e-07
3.13938e-07
-6.25301e-07
-5.61737e-07
9.75518e-07
-4.13781e-07
9.57899e-07
-1.12792e-07
2.97299e-07
4.36421e-07
-7.25517e-07
5.55542e-07
-2.58244e-07
-3.69193e-07
-4.12756e-07
-5.1026e-07
9.23016e-07
-9.98899e-07
-5.44518e-07
9.64282e-07
-3.28105e-07
5.91926e-07
6.82451e-08
-3.82134e-07
3.13889e-07
4.25196e-07
3.13585e-07
-3.03222e-07
-9.39971e-07
1.24319e-06
-4.67818e-07
4.79857e-07
-1.20389e-08
-3.74477e-07
2.51981e-07
-2.16403e-07
3.09307e-07
-2.41062e-07
-9.74493e-07
9.92e-07
-5.21638e-07
3.83558e-07
-9.96597e-07
5.27011e-07
-9.55624e-07
4.35805e-07
-6.00186e-07
2.72081e-07
9.33193e-07
5.43758e-08
-7.57556e-07
3.28735e-07
-6.38282e-08
-1.52575e-07
4.47482e-07
2.20249e-07
4.33923e-07
-1.7662e-07
5.81593e-07
8.03844e-07
6.34811e-08
4.77e-07
-9.98638e-07
-9.1848e-07
3.64789e-07
-8.6769e-07
3.60121e-07
4.82772e-07
4.96115e-07
8.45414e-07
-3.45286e-07
5.23755e-07
-2.63378e-07
5.85131e-07
2.88827e-07
6.97447e-07
3.37861e-07
2.17682e-07
2.65511e-07
5.50502e-07
3.95288e-07
3.02159e-07
1.43603e-07
2.73229e-07
6.19324e-07
-1.0467e-06
4.2738e-07
-9.21089e-07
5.38955e-07
3.82135e-07
-1.02593e-06
6.2341e-07
-7.90239e-07
-5.12983e-07
-4.74826e-07
-2.82731e-07
-4.78623e-07
-6.51446e-07
2.60182e-07
3.29666e-07
-6.27612e-07
-3.70588e-07
7.46122e-07
5.54667e-08
6.15373e-07
3.18035e-07
-2.49351e-07
-3.09233e-07
1.91087e-07
1.1822e-07
-6.23316e-07
-2.95164e-07
-3.40005e-07
-3.52119e-07
1.41415e-07
-3.49451e-07
-6.11888e-07
-3.67582e-07
9.7947e-07
9.8402e-07
-9.10411e-07
8.5931e-07
9.4899e-07
-7.61223e-07
2.94095e-07
4.67128e-07
-1.03391e-06
9.35553e-07
-2.68786e-07
1.30323e-06
-1.03445e-06
9.51206e-07
3.28141e-08
7.05383e-07
6.91288e-07
3.03673e-07
-7.53798e-07
3.93583e-07
9.96675e-07
-4.28869e-07
-3.24929e-07
-9.75435e-07
-6.32182e-07
-9.64132e-07
3.52244e-07
-5.12784e-07
7.70441e-07
-2.57657e-07
9.46863e-07
2.41953e-07
8.0538e-07
-3.82831e-07
-2.06422e-07
5.89253e-07
-1.42152e-06
8.8878e-07
4.22047e-07
-9.05578e-07
9.47696e-07
-5.87575e-07
4.04865e-07
3.48356e-07
-6.1391e-07
-5.39705e-07
-5.80114e-07
9.33202e-07
5.77526e-07
-7.19206e-07
2.48361e-07
2.88026e-07
-7.52608e-07
5.86375e-07
-1.00754e-06
7.38756e-07
9.56314e-07
-5.69682e-07
8.23531e-07
4.02557e-07
-7.34846e-07
3.32288e-07
5.64986e-07
3.68217e-07
1.59647e-06
-1.5038e-06
-9.2665e-08
6.53226e-07
-1.60484e-07
4.80697e-07
-1.66759e-07
-1.97569e-07
6.60172e-07
-4.62603e-07
9.14205e-07
-4.1809e-07
-1.08447e-07
9.63727e-07
4.35581e-07
-1.11588e-06
2.96297e-07
-1.05583e-06
9.33182e-07
-3.68196e-07
6.4358e-08
-9.74769e-07
1.07817e-06
-3.93876e-07
-6.84296e-07
4.17731e-07
1.88096e-07
-7.37497e-07
1.13184e-06
-3.94347e-07
-6.25963e-07
8.73546e-07
-2.47583e-07
2.00759e-07
2.09753e-07
-8.23663e-07
5.10215e-07
-2.15302e-07
-1.41968e-06
1.96678e-07
5.34005e-07
-8.46959e-07
1.18557e-07
-3.76152e-07
3.26529e-08
-1.36915e-07
8.88227e-07
-6.1448e-07
4.09698e-07
7.78135e-07
-5.85064e-07
-2.23263e-07
8.08327e-07
-6.41241e-07
4.46006e-07
1.95235e-07
7.2466e-07
-8.03299e-07
2.31346e-07
1.08369e-07
7.50941e-07
4.00836e-07
3.68446e-07
3.40674e-07
5.54878e-07
3.78303e-07
1.10686e-06
1.9637e-07
7.20406e-07
7.27766e-07
-1.44817e-06
-1.02153e-07
2.71884e-07
1.98856e-07
-7.97419e-07
3.28297e-07
1.06141e-06
-3.51082e-07
-3.62225e-07
-1.42976e-07
-7.40353e-07
8.04711e-07
7.51084e-08
3.80196e-07
5.79815e-08
-7.23679e-07
9.01276e-07
-1.77597e-07
-2.34904e-07
-6.50283e-07
8.6867e-07
-2.18387e-07
-4.97534e-07
7.9924e-07
-3.01706e-07
5.97342e-07
8.57313e-07
9.23338e-07
-2.21606e-07
-7.01732e-07
8.38383e-08
3.51967e-07
9.57436e-07
8.1706e-07
3.14784e-07
-7.22592e-08
-6.44574e-07
7.16833e-07
7.62997e-07
-4.10187e-07
-8.46078e-07
5.6356e-07
3.83517e-08
8.18961e-07
1.00269e-06
-4.39127e-07
3.94801e-07
-8.66861e-07
8.99675e-07
-7.96169e-07
5.58159e-08
1.4499e-07
-9.79702e-07
1.33624e-07
6.0834e-07
6.54518e-08
8.35825e-07
3.22368e-07
-1.52725e-08
-6.93834e-07
-2.35094e-07
8.25531e-07
6.57599e-07
9.92212e-07
-5.08731e-07
-7.30717e-07
-1.38944e-07
-2.0484e-07
5.51195e-07
-5.94176e-08
1.05673e-06
-4.48387e-07
8.51079e-07
6.7549e-07
3.16723e-07
9.10127e-07
-5.90478e-08
-1.0253e-06
-1.80659e-07
1.20596e-06
2.33081e-07
-6.21974e-07
9.13238e-07
-9.53647e-07
-1.6202e-07
1.11297e-06
-4.37483e-07
-2.8215e-07
-3.62248e-07
6.44398e-07
-1.09259e-06
-1.8544e-07
-3.60315e-07
5.45754e-07
3.62893e-07
-6.95757e-08
1.95539e-07
-6.73215e-07
4.77676e-07
1.01247e-07
-2.49555e-07
1.14522e-06
5.52675e-07
-5.64678e-07
5.15249e-07
-7.13055e-07
1.17797e-06
-8.87524e-07
2.46283e-07
4.72159e-07
-1.99718e-07
4.11015e-07
-5.5696e-07
-1.61315e-07
7.18276e-07
8.77973e-08
-3.07066e-07
2.19268e-07
5.18101e-07
-2.30075e-07
-4.61793e-07
8.91367e-07
-5.36576e-07
-1.18732e-06
3.48942e-07
-5.38818e-07
-7.0397e-07
1.4701e-07
-7.77042e-08
1.22292e-06
7.86956e-07
-1.56723e-06
7.80278e-07
-8.63048e-07
1.21573e-06
-9.19433e-07
-1.59757e-07
1.62473e-06
-1.19835e-06
-7.72025e-08
-5.58307e-07
2.03928e-07
1.64948e-07
2.83197e-07
-1.03653e-06
-2.62513e-07
5.46325e-07
2.31811e-07
-8.77929e-07
9.59776e-07
-3.00519e-07
1.03507e-06
2.7613e-08
-1.21514e-06
1.18752e-06
-2.88327e-07
1.00052e-06
-7.12193e-07
1.22829e-06
3.43603e-07
-3.86435e-08
1.17995e-06
1.31689e-06
-1.39459e-06
-2.06502e-07
-2.84201e-07
4.90703e-07
7.40833e-07
-4.08545e-07
-1.38859e-06
6.75532e-07
-1.43993e-06
-1.04661e-06
8.69015e-07
1.14832e-06
7.99692e-08
1.17829e-06
-1.43321e-06
-1.95331e-07
1.51222e-06
1.21901e-06
9.01034e-07
-7.19542e-07
2.65084e-07
3.71042e-07
1.31553e-07
2.17293e-07
4.70041e-07
-9.32891e-07
1.16845e-06
-2.35557e-07
-2.6052e-07
-9.26798e-07
-6.75913e-08
-4.29942e-07
1.15037e-06
-8.35589e-07
8.63634e-07
-3.10586e-07
-5.53048e-07
6.35595e-07
5.94437e-07
-7.37017e-08
5.48249e-07
-4.74548e-07
7.41276e-07
4.0512e-07
-1.24663e-06
1.20076e-06
6.67534e-07
-4.72299e-07
2.67485e-07
4.99581e-07
-1.33735e-06
1.18371e-06
1.1245e-06
-6.39845e-07
-6.23407e-07
-7.82133e-07
-2.64479e-07
-1.27192e-06
6.72605e-07
-4.01585e-07
5.80027e-08
3.43582e-07
-7.19245e-07
7.59395e-07
-1.04772e-06
-4.58428e-07
-9.89745e-07
-1.36588e-07
-7.96609e-07
-1.43153e-06
-1.34563e-06
2.49499e-07
-1.38572e-06
1.8601e-07
-1.0297e-06
3.45402e-07
6.37835e-07
-7.69888e-07
-2.23575e-07
2.12687e-07
5.60416e-08
-6.7462e-07
-2.44481e-07
1.13585e-06
-1.20447e-06
-7.6654e-08
-6.1792e-07
-4.52177e-08
3.49491e-07
6.29979e-07
2.91647e-07
3.78208e-07
5.99942e-07
6.05977e-07
3.50853e-07
3.16994e-07
5.72016e-07
9.06985e-07
3.97505e-07
7.55221e-07
-7.93516e-07
2.68978e-07
-1.1227e-06
1.31937e-06
4.00989e-08
-1.10007e-06
-6.51394e-07
1.63656e-07
-1.05654e-07
2.3336e-08
1.85304e-07
1.59885e-07
1.08843e-07
-2.06989e-07
4.30392e-07
4.69986e-08
9.22779e-07
-8.74304e-07
-2.80623e-08
3.49544e-07
7.0232e-07
-1.00284e-06
3.46802e-07
-9.98196e-07
5.54725e-07
-3.80677e-07
1.31574e-06
-2.64877e-09
1.37847e-07
-6.13675e-07
9.63166e-07
-8.62459e-08
-3.65821e-07
5.89105e-07
-1.55194e-06
-1.13776e-06
1.59006e-06
-4.523e-07
9.45399e-07
-4.28337e-07
-6.56038e-07
2.06018e-07
2.5447e-07
-1.19444e-06
-1.47246e-06
1.17915e-06
1.17373e-06
3.38488e-07
-8.50828e-07
4.1565e-07
1.01725e-06
-1.49428e-07
8.16575e-07
-9.24261e-07
5.84301e-07
-4.20966e-07
-3.04778e-08
1.0768e-06
-5.81772e-07
-5.27716e-07
-4.33507e-07
5.81028e-07
-1.01171e-07
8.36018e-08
5.15969e-08
4.46584e-07
-6.16621e-07
-5.65946e-08
-4.94964e-07
-5.64459e-07
1.43725e-06
-1.18278e-06
-3.93418e-07
8.63526e-08
-1.34579e-06
-1.0073e-06
-3.07129e-07
2.36023e-07
-1.52057e-07
-4.75212e-07
1.11079e-07
1.41537e-07
2.07309e-07
-1.59831e-08
1.33536e-06
-4.5568e-07
-2.63527e-07
-2.16926e-07
1.0255e-06
-1.42507e-06
2.15617e-07
1.06082e-06
1.0804e-07
3.89534e-07
-2.50559e-07
-3.36418e-08
-5.90293e-07
1.2769e-07
1.82655e-07
9.33407e-07
-7.1779e-07
-3.00654e-08
1.97199e-07
-1.60337e-07
-5.88756e-07
1.76992e-07
-1.13538e-06
-3.27308e-07
1.2993e-06
-1.57513e-07
3.68948e-07
1.93979e-07
3.30469e-07
9.84948e-07
-1.5258e-07
3.70845e-07
-1.93854e-07
3.90344e-07
-3.90776e-07
-1.7619e-08
-6.99417e-07
1.57709e-07
-5.80821e-08
3.45465e-07
-1.92882e-07
1.36094e-07
-5.35192e-07
-5.78423e-11
-3.714e-07
-1.75594e-08
2.71178e-07
-3.18669e-08
3.48177e-07
-6.8757e-07
1.58705e-06
-7.95219e-07
2.79099e-07
7.57145e-07
-4.03123e-08
-9.12419e-07
8.56788e-07
-2.10882e-08
5.82893e-08
-3.72011e-08
5.13754e-07
-1.12013e-07
-3.45686e-07
-4.42011e-07
-7.33398e-07
5.59936e-07
-2.34989e-07
4.73778e-07
4.45148e-07
-2.27466e-07
5.69058e-07
-3.41173e-07
1.18573e-07
-7.44915e-07
2.96031e-07
4.17381e-07
-2.80825e-08
2.64248e-07
5.29631e-07
2.51247e-07
-5.87249e-07
-6.71175e-08
-1.09663e-07
-2.1329e-07
4.12787e-07
-1.99497e-07
8.64327e-07
1.02544e-08
3.96038e-07
8.05118e-07
2.05195e-08
6.22632e-07
-3.78775e-07
6.82336e-07
9.04709e-07
-6.35892e-07
-1.18154e-06
-7.708e-07
9.66305e-08
4.98183e-07
8.64327e-07
7.08895e-07
-1.31417e-08
-1.81394e-07
-3.52995e-07
2.10019e-07
9.54741e-07
-1.03194e-06
-1.34069e-07
-1.05219e-06
1.60613e-07
-1.05287e-08
-1.76339e-07
-2.78751e-08
8.11742e-08
1.0547e-08
1.11605e-07
-1.30924e-08
-7.27342e-08
-2.33475e-07
-1.35267e-07
-1.35271e-07
-1.11605e-07
7.27342e-08
1.35271e-07
-9.68709e-09
-6.70071e-08
2.00751e-08
2.33475e-07
1.35267e-07
1.60613e-07
-1.76339e-07
8.11742e-08
-6.70071e-08
7.98407e-07
-2.50886e-07
-1.9458e-07
6.12579e-07
1.18571e-07
-3.24712e-07
3.24712e-07
-1.9458e-07
-2.05804e-07
3.55995e-07
2.85948e-07
3.11508e-07
-1.04199e-07
1.00728e-06
7.7133e-07
-7.58111e-07
-2.17214e-08
2.10993e-08
2.17214e-08
2.52106e-08
-1.07112e-06
-7.7028e-07
5.09361e-08
-4.42043e-07
2.43327e-08
-4.54209e-08
1.61884e-07
-4.32048e-08
2.66029e-07
2.53947e-07
-1.52881e-06
-2.11265e-07
-2.8899e-07
5.00957e-08
4.59962e-07
4.04152e-07
-1.35035e-06
1.68809e-07
-3.96738e-07
2.07713e-08
9.95356e-08
7.00647e-08
-3.04266e-07
-9.32041e-07
8.88573e-07
4.3468e-08
6.89859e-07
-1.60228e-07
-2.1661e-08
2.1661e-08
-3.68891e-07
-4.54993e-07
-1.0861e-06
3.07984e-07
-2.09384e-07
2.30483e-07
2.23668e-07
-1.15571e-06
6.861e-07
-3.47402e-07
1.04513e-07
-1.7295e-07
9.30405e-07
1.25122e-06
2.09551e-07
-2.68219e-07
3.1402e-07
-6.26682e-07
8.79645e-08
-2.81818e-07
3.30828e-07
-4.11032e-07
-1.25043e-07
1.54663e-09
8.64179e-08
2.23812e-07
-2.23611e-07
-9.38661e-08
8.953e-07
-3.72786e-07
8.71707e-08
-8.71707e-08
-2.60384e-09
3.22596e-09
2.60384e-09
-4.04718e-08
-1.97729e-07
1.97729e-07
4.49943e-07
-1.34593e-07
8.23518e-08
-4.96818e-07
-6.14888e-08
-3.50659e-07
2.84934e-08
1.35163e-07
-8.48396e-08
-6.19082e-09
-4.19045e-07
-9.18601e-07
1.4269e-07
6.2864e-07
2.11559e-07
3.05758e-07
-6.76695e-07
-6.57171e-08
-1.1726e-07
-5.60688e-08
5.60688e-08
4.67154e-07
1.50931e-07
-3.35477e-07
-6.12144e-07
4.73252e-07
8.17889e-07
-1.29114e-06
2.88084e-07
2.40797e-08
1.13226e-07
-9.13802e-08
-2.27086e-08
1.14878e-06
-1.73126e-08
1.38459e-07
-4.94686e-08
-5.6185e-08
-1.47897e-08
1.47897e-08
2.31508e-07
1.8128e-07
5.27716e-07
-9.26721e-08
4.2982e-08
4.96901e-08
-1.04745e-07
3.36148e-08
3.01113e-08
1.25043e-07
-2.45059e-07
-3.01113e-08
-1.99334e-07
8.85416e-08
1.10793e-07
3.40905e-07
-3.76635e-08
-8.58338e-07
-2.39779e-07
-1.48745e-06
8.85048e-07
6.02407e-07
7.00647e-08
-3.33498e-07
-1.99497e-07
3.33498e-07
1.39289e-07
3.60224e-08
-1.8808e-07
-3.16155e-08
-8.82902e-08
3.16155e-08
8.82902e-08
-1.09721e-07
1.09721e-07
1.1034e-06
-4.9276e-08
-5.03202e-07
-2.44454e-07
-5.79354e-08
-1.51449e-07
3.23683e-08
1.20335e-07
-1.20335e-07
-7.95219e-07
-2.05104e-07
2.27086e-08
-9.98409e-08
2.74806e-08
-1.50931e-07
-4.54674e-07
-1.65919e-07
-3.30757e-08
1.26752e-07
1.29121e-06
4.744e-08
-4.26215e-07
-2.51348e-07
-6.56768e-08
8.23518e-08
-4.67061e-07
5.13117e-07
1.30266e-07
-4.49867e-08
-7.48534e-08
1.71353e-07
2.45096e-07
-3.89959e-08
-1.09674e-07
3.16829e-07
7.98317e-08
-3.77292e-07
6.8305e-07
4.47386e-07
2.0719e-07
1.57832e-09
1.18932e-06
-2.5892e-07
9.48286e-08
-1.07312e-07
1.52212e-07
-1.2551e-07
8.65535e-08
-2.31508e-07
-1.44016e-07
9.04709e-07
-3.63839e-07
5.98288e-08
-1.25124e-07
-2.49706e-08
4.9276e-08
2.83867e-07
-3.18745e-07
1.40921e-07
9.08347e-07
-5.60794e-08
3.64851e-07
2.917e-07
2.35138e-07
-2.16988e-07
-1.05985e-06
-2.31293e-07
-5.37669e-08
-1.30184e-07
3.64506e-08
3.65047e-07
-6.15932e-07
8.52117e-08
1.00299e-07
-1.48223e-07
1.21662e-07
-1.17806e-07
-3.88469e-07
-2.52838e-07
4.81668e-08
)
;

boundaryField
{
    back
    {
        type            empty;
        value           nonuniform List<scalar> 0();
    }
    front
    {
        type            empty;
        value           nonuniform List<scalar> 0();
    }
    top
    {
        type            calculated;
        value           nonuniform List<scalar> 
15
(
-3.68876e-07
-3.48846e-07
-2.68728e-07
-2.0864e-07
-2.68728e-07
-1.35199e-07
-1.35199e-07
-3.48846e-07
-3.68876e-07
-3.15464e-07
-4.84045e-08
-4.84045e-08
-3.15464e-07
-3.75552e-07
-2.0864e-07
)
;
    }
    outer_arc
    {
        type            calculated;
        value           uniform 0;
    }
    bottom
    {
        type            calculated;
        value           nonuniform List<scalar> 
15
(
1.69178e-06
6.35509e-07
-6.36126e-07
-1.23003e-06
1.63065e-06
-1.30449e-06
-1.4329e-06
1.46064e-06
-1.17541e-06
1.12355e-06
-2.26547e-07
-1.94528e-07
1.74184e-06
1.72807e-07
1.50712e-06
)
;
    }
    inner_arc
    {
        type            calculated;
        value           uniform 0;
    }
}


// ************************************************************************* //
