/*--------------------------------*- C++ -*----------------------------------*\
  =========                 |
  \\      /  F ield         | OpenFOAM: The Open Source CFD Toolbox
   \\    /   O peration     | Website:  https://openfoam.org
    \\  /    A nd           | Version:  9
     \\/     M anipulation  |
\*---------------------------------------------------------------------------*/
FoamFile
{
    format      ascii;
    class       surfaceScalarField;
    location    "2.31";
    object      phi;
}
// * * * * * * * * * * * * * * * * * * * * * * * * * * * * * * * * * * * * * //

dimensions      [0 3 -1 0 0 0 0];

internalField   nonuniform List<scalar> 
1363
(
-1.69386e-06
9.41608e-07
7.52256e-07
-1.01364e-06
1.14834e-06
-1.34706e-07
1.70478e-06
-1.16269e-06
-5.42093e-07
-4.09609e-07
1.44712e-06
-1.03751e-06
1.51102e-06
1.93766e-07
8.55362e-07
-2.22451e-08
-8.33117e-07
-6.7142e-08
6.7142e-08
7.23852e-07
1.3151e-07
-8.46383e-07
9.73098e-07
-1.26715e-07
1.22315e-07
-9.68698e-07
-9.63323e-07
9.53163e-07
1.01604e-08
1.14487e-06
-1.42124e-06
2.76367e-07
1.10981e-06
-1.51942e-06
-9.68354e-07
9.89734e-07
-2.13797e-08
2.92919e-07
8.51951e-07
-9.62043e-07
-5.1592e-08
-7.60633e-08
9.00194e-07
-8.24131e-07
-9.69458e-07
-7.24406e-07
-3.58251e-07
9.39113e-08
2.6434e-07
3.64722e-07
-3.64722e-07
8.6614e-07
-9.42203e-07
-5.13116e-07
-9.08122e-07
-1.1024e-07
-9.23432e-08
2.02583e-07
2.60411e-07
-3.36123e-07
7.57119e-08
-3.19326e-07
-6.43997e-07
-6.44416e-07
9.04827e-07
1.21885e-06
-1.12996e-06
-8.88883e-08
-4.23117e-07
3.12877e-07
3.72211e-07
-6.64612e-07
2.924e-07
-2.97526e-07
-9.62074e-07
1.2596e-06
1.2824e-06
-2.93483e-07
-9.8892e-07
2.45321e-08
1.19432e-06
-8.38193e-08
4.56031e-07
4.52006e-08
-9.76413e-08
5.24407e-08
1.1253e-06
-1.00994e-06
-1.15356e-07
-1.33603e-07
1.43276e-07
-9.67353e-09
-1.7379e-06
7.07445e-07
1.03045e-06
8.91695e-07
-5.20179e-07
-3.71516e-07
-9.12907e-07
-8.2499e-07
-1.14141e-07
-2.21982e-07
-5.46437e-08
2.18893e-07
-1.6425e-07
1.93129e-06
-1.48082e-06
-4.50474e-07
-4.2604e-07
3.11899e-07
-8.33557e-08
1.62137e-08
-6.20163e-08
1.29158e-07
-4.10292e-07
3.90046e-08
3.71287e-07
1.51563e-07
3.51903e-08
-1.86753e-07
2.12206e-08
2.398e-08
-7.31713e-08
1.85276e-08
-2.57942e-07
-7.10413e-07
-2.78591e-07
-7.96603e-08
-4.95067e-07
4.02723e-07
-7.0264e-07
5.69037e-07
-1.50235e-07
-2.11873e-07
3.62108e-07
1.32864e-06
-1.20632e-06
-1.51242e-08
5.77165e-07
-5.62041e-07
2.40447e-07
-2.40447e-07
2.91563e-08
1.29948e-06
1.75716e-07
6.47306e-08
5.83679e-08
9.92745e-07
-1.05111e-06
-5.46177e-07
2.48652e-07
1.23472e-06
-1.09497e-06
-1.39748e-07
3.55517e-07
-4.53158e-07
-4.8821e-07
1.42982e-06
3.56714e-07
5.34981e-07
8.84144e-07
-5.80326e-07
-3.03818e-07
1.04755e-07
-5.41518e-08
1.56571e-07
-1.02419e-07
1.94369e-08
-3.45611e-08
8.08611e-07
-5.4542e-07
-2.63191e-07
7.6435e-07
3.83991e-07
-6.30486e-07
6.35787e-07
-5.30083e-09
2.62141e-07
-2.62141e-07
1.40614e-07
-1.10269e-06
-2.64693e-07
1.14458e-07
8.26966e-08
2.82025e-07
-1.57629e-07
-2.07093e-07
3.03278e-08
1.03179e-06
2.50609e-07
-8.20987e-07
-1.41056e-07
-2.54257e-08
-1.27486e-08
3.81744e-08
-9.37899e-07
-8.88245e-07
2.55115e-08
8.62733e-07
6.31568e-08
-6.84706e-07
1.0438e-07
-1.44654e-06
1.3889e-06
5.7637e-08
6.38326e-07
-5.79958e-07
6.43319e-07
1.27285e-07
-7.70604e-07
2.97149e-07
6.92585e-07
-3.28878e-07
-5.59367e-07
1.07245e-06
8.58836e-07
4.47876e-07
-4.84971e-08
-3.99378e-07
-1.28304e-06
1.31219e-06
-1.16924e-07
6.94089e-07
6.58221e-08
-6.27863e-07
-9.4293e-07
7.74053e-07
1.68877e-07
1.16031e-07
-1.59685e-06
-3.79151e-08
6.81234e-07
-4.5434e-07
4.28914e-07
-1.89463e-07
5.83854e-07
-1.95792e-08
-5.64275e-07
1.14697e-07
-1.39773e-06
-1.27028e-07
7.25256e-07
-1.22292e-06
1.28874e-06
-2.30212e-07
4.78864e-07
-2.15525e-08
-3.8874e-07
1.82501e-08
-4.64777e-07
4.46527e-07
7.4349e-08
-1.28501e-07
5.68964e-08
9.96748e-08
2.75665e-08
-8.12955e-09
1.72104e-08
-5.17715e-08
5.35907e-07
-2.10563e-07
-4.19923e-07
2.55538e-07
6.97625e-07
4.47876e-07
1.59581e-07
-1.08493e-06
9.25347e-07
1.32224e-06
1.24872e-07
-1.69522e-08
-1.72511e-07
4.2748e-07
-1.58938e-06
1.1619e-06
1.72511e-07
-4.02723e-07
2.94415e-08
1.98704e-08
-4.93119e-08
-4.2604e-07
2.10549e-07
-1.98984e-07
1.18196e-06
-1.5017e-07
-4.95067e-07
2.2808e-07
-3.11899e-07
-2.2808e-07
2.02504e-07
2.55752e-08
-7.0264e-07
-2.85523e-07
3.79434e-07
2.85523e-07
-2.59759e-07
-2.5764e-08
-3.79434e-07
4.14625e-07
-5.4587e-07
5.67091e-07
5.4587e-07
-4.71521e-07
2.59759e-07
-2.20754e-07
6.8277e-07
-6.55203e-07
-4.14625e-07
4.71521e-07
-6.37993e-07
6.55203e-07
6.37993e-07
-7.11164e-07
-5.67091e-07
7.11164e-07
-1.44073e-07
2.20754e-07
-2.02504e-07
6.95488e-07
1.61945e-07
1.02002e-06
6.95576e-07
2.82762e-08
2.34048e-07
6.8066e-08
-6.13486e-07
2.5712e-07
3.78667e-07
2.6126e-07
-7.86974e-07
5.25714e-07
-4.46466e-07
-1.00007e-06
1.33649e-07
5.61927e-07
4.67621e-07
-1.2277e-06
7.60083e-07
9.32593e-07
-9.8109e-07
-4.86561e-07
5.47125e-07
-6.05633e-08
-1.08406e-06
7.41211e-08
-2.28036e-08
-8.90104e-07
-6.03594e-07
-8.11121e-08
5.23501e-08
-1.35646e-09
-5.09936e-08
-9.2183e-08
-8.60233e-07
-6.49724e-07
4.61299e-08
6.76922e-07
-6.99725e-07
-1.4904e-06
4.52891e-07
6.5654e-07
4.39655e-08
-7.00505e-07
1.12513e-06
-6.57506e-07
-1.62598e-08
-8.65627e-07
8.81887e-07
2.66357e-07
3.17497e-07
1.01838e-06
-2.93123e-07
-9.34897e-08
-8.70782e-08
-1.04521e-07
-3.32439e-08
2.1312e-08
5.57477e-08
2.10582e-07
1.17832e-06
-1.31012e-06
9.78681e-07
3.31436e-07
-5.87872e-08
8.32841e-07
-5.22003e-07
-7.88114e-07
7.78414e-07
-8.95338e-07
-1.51846e-06
1.10788e-06
4.10575e-07
-4.89772e-07
3.21121e-09
-3.24148e-07
-3.40464e-07
9.68705e-07
-5.39776e-07
-8.28844e-07
-7.0385e-07
-1.00996e-06
-1.88834e-07
1.19879e-06
-1.42275e-06
1.55458e-07
1.26729e-06
9.0668e-07
-1.35315e-06
1.59863e-06
-4.90749e-07
1.32909e-06
-1.09671e-06
-2.32381e-07
1.23027e-06
3.68357e-07
-7.71389e-07
8.27137e-07
3.17977e-07
-1.3069e-06
-1.85474e-07
-1.23727e-06
1.67102e-06
-5.61211e-07
1.43136e-06
-1.1949e-06
-2.36456e-07
9.16326e-08
1.27261e-07
6.15021e-07
-6.15021e-07
-1.69522e-08
6.94067e-07
9.76954e-07
-1.33495e-06
1.14948e-06
8.06704e-07
6.0841e-07
6.60845e-07
-6.06551e-07
-1.27604e-06
1.4315e-06
1.88981e-07
1.94082e-07
-8.00268e-07
1.49433e-06
-7.62535e-07
1.36464e-06
-6.02108e-07
-1.32393e-06
1.18419e-06
-1.17301e-06
-8.16978e-07
1.73944e-06
-9.22461e-07
-4.54026e-07
1.36071e-06
1.24604e-06
-8.47429e-07
-3.98611e-07
-1.43172e-06
2.36823e-07
-1.15932e-06
-2.72404e-07
-1.12519e-06
1.7548e-06
-6.29612e-07
9.53348e-07
-1.77033e-06
-4.04756e-07
1.63503e-06
1.60381e-06
-8.13179e-07
-7.90633e-07
-6.65729e-09
6.65729e-09
6.81611e-07
-6.81611e-07
-1.63194e-07
-1.16074e-06
-1.22944e-06
1.7512e-06
-5.21761e-07
1.11328e-06
3.26257e-07
-1.43954e-06
3.27203e-07
-1.03105e-06
-1.40564e-06
1.29602e-07
5.52324e-07
-5.52324e-07
8.34572e-08
-8.34572e-08
6.14248e-07
6.48089e-07
-1.44836e-06
9.6688e-07
2.79161e-07
5.25367e-07
1.43126e-06
-1.44457e-06
2.85256e-07
-1.11832e-06
3.60614e-07
6.57764e-07
-4.13641e-07
-1.36278e-06
1.77642e-06
1.03558e-06
-7.04146e-07
-8.38034e-07
1.24861e-06
-1.40946e-06
-1.33756e-06
-3.82876e-07
1.72043e-06
6.81351e-07
1.15885e-06
1.1659e-06
7.14497e-07
-5.36518e-08
2.17493e-07
-1.3142e-06
-9.85418e-07
1.35377e-06
6.81155e-07
-1.76754e-06
2.61763e-07
1.37327e-06
-9.10164e-07
-4.6377e-07
1.37393e-06
1.97548e-07
-1.7056e-06
1.07599e-06
4.60251e-07
-1.37042e-06
-1.2761e-06
-1.06065e-06
1.32241e-06
-1.51733e-06
1.13445e-06
1.71227e-07
1.48978e-06
-1.66101e-06
-9.79694e-07
1.41959e-06
3.00841e-07
1.90279e-06
-4.83196e-07
-1.33393e-06
1.33481e-06
-8.79444e-10
5.50247e-07
-1.48995e-07
1.33318e-06
-1.21156e-06
-7.5052e-07
1.21077e-06
-1.25689e-06
-1.12951e-07
1.36984e-06
-1.39454e-06
1.16216e-06
7.39707e-08
-5.69037e-07
1.13335e-07
2.99411e-08
1.19726e-07
-4.5755e-08
-1.32051e-06
6.36209e-08
1.60076e-06
-8.44877e-07
-7.55883e-07
-1.3529e-06
1.26072e-06
-5.22109e-08
1.37515e-06
-1.32294e-06
-1.63615e-06
1.58394e-06
1.20296e-06
1.1945e-07
1.37419e-06
7.51478e-07
8.49282e-07
9.2736e-07
-3.77113e-07
-1.30963e-06
5.59111e-07
-1.42859e-07
1.38391e-06
-1.24105e-06
-8.94694e-07
7.81742e-07
-1.14242e-06
6.73498e-07
4.68921e-07
1.4399e-06
-1.32341e-06
-1.16488e-07
8.70017e-08
3.4859e-07
-1.672e-06
-1.08938e-07
1.36965e-06
1.44904e-06
-2.79821e-07
-1.16922e-06
5.46329e-08
-1.93355e-06
5.07816e-07
1.42573e-06
-1.67434e-06
8.32113e-07
8.42225e-07
3.22028e-07
1.12701e-06
1.48868e-06
2.87744e-07
-1.79809e-06
1.09714e-06
7.00951e-07
1.22278e-07
-1.22278e-07
2.82025e-07
-3.99378e-07
1.62137e-08
-2.2033e-07
2.2033e-07
-5.57349e-08
5.57349e-08
2.10549e-07
1.46166e-06
-1.74854e-06
2.86884e-07
-2.62076e-07
2.62076e-07
3.33195e-08
-3.33195e-08
1.75716e-07
1.69551e-07
-1.69551e-07
-1.23034e-07
1.23034e-07
-1.57629e-07
2.69067e-07
-2.69067e-07
-6.20163e-08
-1.98984e-07
6.01463e-07
3.25897e-07
4.74492e-07
8.33415e-07
-1.30791e-06
2.57308e-07
-2.57308e-07
1.51764e-06
-1.6605e-06
-1.86006e-06
1.40959e-06
5.75633e-08
-5.75633e-08
-1.54183e-06
6.96957e-07
1.59348e-06
-1.85518e-06
2.61706e-07
-2.75085e-07
-1.40936e-06
1.68444e-06
-1.14511e-06
-7.88442e-07
-1.46084e-06
1.18575e-06
-8.85583e-07
-6.56251e-07
-9.09093e-07
-7.65245e-07
5.82607e-07
-1.10953e-06
5.26926e-07
-5.59812e-07
-6.8277e-07
1.35411e-06
-1.03208e-06
2.18026e-07
-1.21403e-06
9.96e-07
-7.25637e-07
1.4454e-06
-9.2736e-07
-5.18036e-07
-1.55684e-06
1.44791e-06
1.37046e-06
-1.54655e-06
1.35919e-06
1.8736e-07
-3.98403e-07
-1.46361e-07
1.58959e-06
-1.50259e-06
1.69426e-06
-1.34567e-06
-2.30901e-07
1.70959e-06
-1.26158e-06
-4.48004e-07
-4.26746e-07
-6.82787e-07
-1.15361e-06
-3.07228e-07
-1.58714e-06
1.30732e-06
-6.70236e-08
4.62434e-07
-1.66692e-06
1.20448e-06
1.43613e-06
-1.21811e-06
1.76404e-06
-1.25622e-06
8.81588e-07
6.02383e-07
-1.48397e-06
-4.33908e-07
1.41314e-06
-9.79236e-07
4.76034e-08
1.89437e-06
-1.06225e-06
-8.32999e-07
-5.72923e-07
1.40592e-06
6.57544e-07
-1.40261e-06
7.45062e-07
1.91966e-06
-8.22521e-07
-9.85905e-07
-2.28121e-07
1.02894e-06
1.97414e-06
-5.64547e-07
-1.58944e-06
1.07141e-06
3.27482e-08
-9.86394e-08
1.69076e-06
-1.64316e-06
1.91665e-07
3.63923e-07
7.49261e-07
1.01079e-06
-1.4447e-06
-2.27959e-07
5.02454e-07
1.31726e-06
3.2395e-07
-1.48669e-06
1.16274e-06
-3.54174e-07
1.60735e-06
-1.25317e-06
1.63357e-06
-9.76029e-07
1.44886e-06
-1.84727e-06
5.80144e-07
-5.21018e-07
1.01057e-06
-1.64433e-06
9.88084e-07
-1.10052e-07
-3.59595e-07
1.2485e-06
1.14016e-06
-1.71308e-06
-1.16165e-06
1.76403e-06
-1.87692e-06
6.20698e-07
-1.94328e-06
8.81028e-07
1.69655e-06
-5.79141e-09
1.62953e-06
-1.31559e-06
-5.45042e-07
1.86063e-06
-1.64754e-06
8.91656e-07
-1.88014e-06
-1.0623e-06
-4.21668e-07
-1.94748e-06
1.12496e-06
9.63089e-07
2.9568e-07
-1.70504e-06
-9.32712e-07
-1.12766e-06
-5.72925e-07
1.16488e-06
1.25596e-06
5.049e-07
-1.76086e-06
1.31451e-06
-9.90562e-07
1.10529e-06
-5.2515e-07
1.75841e-06
9.81793e-07
4.2413e-07
-2.69531e-07
1.36403e-06
-1.0945e-06
-1.47036e-06
1.66203e-06
4.31272e-07
-6.98982e-07
1.12046e-06
-1.57417e-06
1.47553e-06
-3.91443e-07
1.55419e-06
1.57814e-06
-4.6314e-07
1.66762e-06
-1.13853e-06
-4.14776e-07
1.5533e-06
1.55159e-06
-1.78249e-06
1.26003e-06
-1.61963e-06
-9.49252e-07
1.25035e-06
-3.01095e-07
8.95346e-07
-1.60167e-06
-6.59455e-07
1.0947e-06
1.17953e-06
-1.31424e-06
-1.52959e-07
-1.36697e-06
1.73089e-06
-1.53706e-06
1.56981e-06
-7.38653e-07
-3.41635e-07
-1.56204e-06
7.07148e-07
8.54893e-07
2.16234e-07
2.60529e-07
-8.5746e-07
1.48273e-06
-6.2527e-07
1.24968e-07
4.35615e-09
-1.4075e-06
1.40315e-06
-1.82996e-06
7.02297e-07
1.60708e-06
-7.15428e-07
-8.35139e-07
1.91296e-06
-7.88002e-07
2.41612e-07
-1.45972e-06
-9.4893e-07
-8.10562e-07
1.78952e-06
7.96522e-07
-1.60598e-06
1.37802e-06
-1.57289e-06
9.80249e-07
9.7803e-07
-1.63749e-06
-1.30449e-07
7.42395e-07
7.40334e-07
-7.38333e-07
1.4806e-06
-7.42262e-07
5.42786e-07
1.01052e-06
-1.3636e-06
-5.37e-07
-5.94858e-07
3.63342e-07
1.48881e-06
-1.64176e-06
4.46478e-07
8.03869e-07
1.53892e-06
-8.5114e-07
-6.2042e-07
1.47156e-06
1.43463e-07
-1.12937e-06
-1.47168e-06
1.00791e-06
1.31625e-06
-1.4467e-06
-8.75797e-08
1.26711e-06
1.13003e-06
-1.7298e-06
5.99764e-07
-1.79194e-07
-1.13504e-06
2.10071e-06
8.48429e-07
6.90488e-07
-7.19193e-07
-5.88714e-07
1.55558e-06
6.44292e-07
8.36303e-07
-1.46916e-06
7.49967e-07
-1.43985e-06
-1.49508e-06
1.46322e-06
-3.33189e-07
-1.15178e-06
-1.37012e-06
-7.49366e-07
-1.54931e-06
1.28878e-06
2.65405e-07
-1.457e-06
8.62137e-07
-5.37122e-07
-9.3456e-07
-4.35552e-08
-5.01466e-07
-1.10928e-06
9.35157e-07
-4.61982e-07
1.46989e-06
3.5863e-07
-1.33832e-06
-6.3526e-07
-8.33899e-07
-1.0586e-06
5.1996e-07
9.09858e-07
1.38463e-06
-8.74903e-07
5.12559e-08
5.10092e-07
9.53128e-07
-1.08091e-06
1.53492e-06
1.47184e-06
-1.04591e-06
-4.25928e-07
3.90931e-07
9.97799e-07
-3.39613e-07
1.39238e-06
-1.05276e-06
1.50789e-06
1.35332e-06
-1.8742e-07
-1.45793e-06
1.37114e-06
-5.67267e-07
1.20432e-06
8.6967e-07
9.75322e-07
-1.24217e-06
1.067e-06
4.02896e-07
-1.03111e-06
-2.83093e-07
-3.6828e-07
-9.70043e-07
1.39597e-06
-4.42843e-07
-1.10693e-06
-1.29233e-06
2.61223e-07
6.9008e-07
6.74562e-07
1.65845e-06
-9.77096e-07
1.39898e-06
-3.25454e-07
-1.37822e-06
1.21007e-06
-9.48849e-07
-1.51469e-07
-1.07157e-06
1.33333e-06
-2.61761e-07
-1.52297e-06
-7.20256e-08
6.15259e-07
7.05838e-07
-1.73292e-06
-1.11867e-06
1.19494e-08
-1.53683e-06
1.33817e-06
-1.10689e-06
7.77858e-07
6.59379e-07
-1.95803e-07
-1.17811e-06
-7.37641e-08
-9.88972e-07
4.55703e-07
6.33113e-07
1.26908e-07
-5.52916e-07
-5.629e-07
4.94237e-07
6.86634e-08
-1.28322e-06
-3.6742e-07
1.4991e-06
-8.17943e-07
4.79098e-07
2.61297e-07
2.73572e-07
3.92381e-08
-1.19198e-06
-5.45471e-07
4.70947e-07
2.69448e-07
7.74068e-07
-1.21691e-06
5.20226e-07
-3.32865e-07
-1.73263e-06
1.26877e-06
-4.02631e-07
-1.35524e-06
-1.25188e-06
-8.62064e-07
-4.9348e-07
-6.94199e-08
1.01069e-06
-7.98828e-07
-7.90547e-07
-1.2761e-06
1.59595e-06
9.34801e-07
-2.79344e-07
-1.08835e-06
-1.5594e-06
-3.67573e-07
-1.34881e-06
2.68806e-07
1.05937e-07
-3.1781e-07
-8.31489e-08
-4.3703e-07
-5.67706e-07
-8.43627e-08
-1.56084e-07
-4.2566e-07
-6.62694e-07
-8.96145e-07
-1.07419e-06
-4.4314e-07
-5.84993e-07
-1.73011e-07
9.37361e-07
7.54657e-07
-1.32352e-06
5.35407e-07
-2.98573e-07
-5.95731e-07
7.62448e-07
-1.66717e-07
8.42797e-08
-6.84479e-07
-6.32754e-07
-8.00366e-08
-8.28085e-07
-5.73517e-07
8.42797e-08
-8.03294e-07
1.11946e-06
1.49307e-07
8.30229e-08
-5.91066e-07
1.12431e-06
-1.98962e-07
1.0941e-06
-1.05054e-06
-7.88242e-08
1.24429e-06
1.47954e-07
-1.24167e-06
7.81718e-07
4.59952e-07
-4.97751e-07
-7.1254e-07
-6.08557e-07
-1.40472e-06
-4.15938e-07
-3.71436e-07
7.26953e-07
1.60361e-06
1.30996e-06
7.39473e-08
7.66123e-07
-8.45122e-08
1.14349e-07
-6.57079e-07
-6.3878e-08
5.72207e-08
6.57079e-07
6.3878e-08
7.50981e-07
7.66123e-07
6.97376e-07
-1.45092e-06
6.85678e-07
1.1315e-06
-8.52337e-07
1.29216e-06
-2.23141e-07
-3.89345e-08
2.44521e-07
1.27874e-08
-1.94818e-07
2.23238e-07
-3.15779e-07
-8.3599e-08
-2.23141e-07
2.47148e-07
-2.68182e-08
-6.35944e-08
7.85952e-09
2.45816e-07
5.88051e-08
-2.54856e-08
1.94818e-07
-2.5267e-08
-2.23238e-07
5.36871e-08
3.15779e-07
-4.67127e-08
-2.45816e-07
-2.3251e-08
-5.88051e-08
-2.47148e-07
2.44521e-07
-6.35944e-08
-6.58093e-08
-1.09184e-06
-7.22759e-07
-6.71133e-07
1.03448e-06
-5.25375e-07
6.73329e-07
5.63285e-07
3.53182e-08
1.8265e-07
1.24341e-06
-1.06159e-06
2.50674e-07
-7.9844e-07
3.53182e-08
4.28252e-07
-1.27753e-06
-1.89855e-07
1.64091e-07
1.09674e-06
7.90688e-08
-2.33339e-08
-7.90688e-08
-5.21639e-07
5.63134e-07
-4.14953e-08
-1.58727e-06
7.4485e-08
6.34401e-07
-1.17649e-06
1.23461e-06
1.17069e-06
-1.35805e-06
-1.03206e-06
7.30961e-07
6.40232e-08
-4.36995e-07
5.21997e-07
1.13649e-07
-5.67989e-07
1.22763e-06
-8.45683e-07
-8.2376e-07
8.2376e-07
-1.30819e-06
-7.81045e-07
-9.86167e-07
5.21997e-07
8.01764e-07
-1.1676e-06
9.31682e-07
-2.11976e-07
-6.53651e-07
5.20302e-07
-9.44432e-07
1.35992e-06
-9.11919e-07
9.46039e-08
-9.46039e-08
7.86274e-07
-6.91895e-07
-1.00101e-07
1.00101e-07
-5.09084e-07
5.09084e-07
-7.45342e-07
1.75732e-07
2.78572e-07
5.51497e-07
4.15839e-09
-5.55655e-07
7.50818e-07
-7.50818e-07
-1.27486e-08
3.14162e-07
5.67725e-07
-1.35646e-09
-1.08459e-06
6.96131e-07
1.3671e-07
7.49818e-07
-7.05792e-07
-1.04712e-06
-1.03674e-07
2.02173e-08
-4.35888e-07
-1.28387e-07
5.39246e-07
-1.55254e-07
1.02334e-07
4.36912e-07
-1.34335e-06
-1.18905e-08
-4.42511e-07
-3.90606e-07
-8.73274e-07
2.0214e-07
-8.43627e-08
1.91918e-07
6.70816e-07
1.09733e-07
-4.94288e-07
-5.36144e-08
5.36144e-08
3.20039e-08
7.49739e-07
-8.82039e-07
3.81744e-08
5.52945e-08
-5.52945e-08
-1.14959e-06
6.1552e-07
-1.60316e-07
-1.09156e-06
-7.49972e-07
-4.60947e-07
1.16766e-06
-7.06713e-07
7.88714e-07
8.04012e-08
-8.69116e-07
-5.09936e-08
5.11061e-08
1.09823e-06
-1.25854e-06
9.56012e-07
-1.06374e-07
1.06374e-07
8.27637e-08
1.28068e-06
-5.02265e-07
1.09792e-06
-1.02397e-06
4.30637e-07
-3.76762e-07
1.6946e-07
8.71478e-07
7.45045e-07
-1.20599e-06
6.01411e-07
5.09009e-07
3.18128e-07
1.93948e-08
-4.35333e-07
1.10042e-06
9.41404e-09
-1.02324e-06
4.55531e-07
1.03674e-07
5.69786e-07
-7.03119e-08
8.21886e-07
1.16351e-07
4.53436e-07
2.78988e-07
5.42897e-07
6.7507e-07
1.22799e-06
3.93401e-07
1.25224e-06
-4.24741e-08
1.73731e-07
-1.06383e-06
7.84846e-07
4.60918e-07
-1.95842e-07
1.16775e-06
-1.82718e-08
-1.65184e-07
7.67907e-07
-7.16651e-07
7.91421e-07
-4.85486e-09
-8.96901e-09
-9.07958e-08
7.26412e-07
3.37715e-07
-7.64602e-07
8.89474e-07
1.82138e-07
-7.77214e-07
1.56828e-07
7.46614e-07
-5.44474e-07
6.99901e-07
-5.20314e-07
4.38908e-07
1.01981e-06
-7.41518e-07
-1.25126e-06
9.76181e-08
-7.60365e-07
2.70403e-07
7.29422e-08
-1.08215e-06
4.30102e-07
-5.84634e-07
-2.24649e-07
-4.70007e-07
9.25537e-07
-5.538e-08
9.6693e-08
)
;

boundaryField
{
    back
    {
        type            empty;
        value           nonuniform List<scalar> 0();
    }
    front
    {
        type            empty;
        value           nonuniform List<scalar> 0();
    }
    top
    {
        type            calculated;
        value           nonuniform List<scalar> 10(-1.3211e-06 -1.43724e-06 -1.08882e-06 -7.40395e-07 -7.40395e-07 -1.08882e-06 -1.3211e-06 -2.75833e-07 -2.75833e-07 -1.43724e-06);
    }
    outer_arc
    {
        type            calculated;
        value           uniform 0;
    }
    bottom
    {
        type            calculated;
        value           nonuniform List<scalar> 10(1.59499e-06 1.52488e-06 1.37392e-06 1.06274e-06 4.26008e-07 1.65064e-06 -3.1281e-07 1.73745e-06 -7.87656e-07 1.45661e-06);
    }
    inner_arc
    {
        type            calculated;
        value           uniform 0;
    }
}


// ************************************************************************* //
