/*--------------------------------*- C++ -*----------------------------------*\
  =========                 |
  \\      /  F ield         | OpenFOAM: The Open Source CFD Toolbox
   \\    /   O peration     | Website:  https://openfoam.org
    \\  /    A nd           | Version:  9
     \\/     M anipulation  |
\*---------------------------------------------------------------------------*/
FoamFile
{
    format      ascii;
    class       volVectorField;
    location    "1.73";
    object      U;
}
// * * * * * * * * * * * * * * * * * * * * * * * * * * * * * * * * * * * * * //

dimensions      [0 1 -1 0 0 0 0];

internalField   nonuniform List<vector> 
1655
(
(0.188787 -0.0898168 -4.00341e-18)
(-0.0243497 0.0287349 2.6777e-17)
(0.0110288 0.0319714 2.18637e-17)
(0.00731496 0.00416509 -1.30207e-17)
(0.0510928 0.0534666 0)
(0.0204534 0.00856301 8.17848e-18)
(-0.0361377 0.0365955 0)
(0.0452408 0.160572 -1.44627e-17)
(0.0853741 0.224359 0)
(0.048789 0.0480347 -7.08953e-18)
(0.152903 -0.0259868 3.22137e-17)
(0.174984 -0.0312009 -3.17415e-17)
(0.030312 0.0945957 -1.42499e-21)
(0.013311 -0.017012 -1.68884e-17)
(0.016523 -0.00207222 1.67276e-17)
(0.0205704 -0.0306849 0)
(-0.103965 0.0118133 2.90515e-17)
(0.0463309 -0.0837159 8.69633e-18)
(-0.00440478 -0.0075608 -3.26781e-17)
(0.00471524 -0.0156911 -9.37492e-18)
(0.0240779 -0.0290633 3.81412e-18)
(0.0813296 0.250157 0)
(0.0610624 0.0967467 -1.74747e-17)
(0.0503134 0.085972 8.1196e-18)
(0.203465 -0.081871 -5.01217e-18)
(-0.0818685 0.0063003 -3.44513e-17)
(0.0224809 -0.0200255 -1.5089e-17)
(0.0679813 0.238503 -1.73149e-17)
(0.0573333 0.230356 2.33608e-17)
(-0.00397246 -0.0300712 -1.68638e-17)
(-0.110836 0.0421085 4.20428e-17)
(0.0772453 0.0373998 -4.50174e-18)
(0.0121387 -0.0726083 -6.19433e-18)
(-0.0171888 0.00554975 0)
(0.0432325 -0.0658192 0)
(-0.0323439 -0.000397943 0)
(0.0279804 0.0119923 -2.20125e-17)
(-0.0237368 0.0370846 0)
(0.00944197 -0.0701152 -8.47672e-18)
(-0.0227534 0.0349204 -2.89073e-17)
(0.0182319 -0.0175352 1.63614e-17)
(0.0577917 0.0816349 1.41318e-17)
(0.00947473 -0.0628253 -8.86504e-18)
(-0.0186328 -0.0145227 2.58444e-17)
(-0.0105201 -0.00193713 0)
(0.01142 0.0111948 0)
(-0.00390586 0.0119484 4.04717e-17)
(-0.0123985 0.0127727 0)
(0.0426162 0.0290052 1.57943e-17)
(0.0108303 -0.0598979 2.15852e-18)
(0.0289881 0.0118142 2.43147e-17)
(0.0400195 0.04164 -1.6235e-17)
(0.0234144 0.0956518 -1.78122e-17)
(0.084945 0.221412 1.55064e-17)
(0.0474823 0.00774589 -2.03102e-17)
(-0.0266972 0.0122552 0)
(0.0127032 -0.0096816 -7.92733e-18)
(0.10845 -0.0279718 0)
(0.0480757 0.021892 0)
(0.0128384 0.047723 1.71535e-17)
(-0.125911 0.0294991 -4.20325e-17)
(0.00480013 -0.00113134 0)
(0.194332 -0.106428 0)
(0.0599026 0.177314 -3.99507e-18)
(-0.019942 -0.0138696 0)
(-0.0571208 0.0566602 0)
(-0.0388843 0.00346067 3.76498e-17)
(0.0944494 -0.00680256 -1.85853e-17)
(0.037025 -0.0392811 0)
(0.0515039 0.0771432 -1.6157e-17)
(0.0913812 -0.0214221 2.06206e-17)
(-0.0235276 0.0544058 -9.91229e-19)
(0.00794749 -0.045849 -1.04878e-18)
(0.023568 -0.0281509 1.53854e-17)
(-0.102468 -0.00505878 -1.94473e-17)
(-0.00876056 0.0135548 9.19265e-18)
(0.0519436 0.210183 -5.3053e-18)
(0.0322039 -0.017235 0)
(0.0194181 -0.0121399 0)
(-0.0022015 -0.0312685 0)
(-0.0209014 -0.0135566 2.07776e-17)
(-0.0113394 0.0263004 -9.35028e-18)
(0.0443473 0.000682032 2.07444e-17)
(-0.0112358 -0.0115491 1.04235e-17)
(0.00197347 -0.0493595 0)
(-0.0327892 -0.00700309 0)
(-0.0890898 -0.00261188 -1.17721e-17)
(0.010383 -0.0374674 0)
(-0.022192 -0.0557067 -8.1288e-18)
(-0.0543322 -0.00319697 0)
(-0.0578382 -0.0032653 0)
(-0.0104816 0.0173406 1.03071e-17)
(0.00486184 -0.00394131 1.99963e-17)
(0.0275525 0.0177366 0)
(0.00361369 0.0272523 0)
(0.00920253 -0.00921238 3.33067e-17)
(-0.0531559 0.000591543 -3.18847e-17)
(0.0514412 0.010479 0)
(0.0707757 0.024352 -9.6266e-18)
(0.0117594 -0.0801651 2.0461e-17)
(-0.0314578 0.019697 -6.48499e-17)
(-0.0525031 -0.00770495 -2.10248e-17)
(0.0382422 0.0282898 -2.06164e-17)
(-0.0409437 -0.00952188 2.20723e-17)
(0.0376927 -0.0497217 0)
(0.0160796 -0.00028528 -1.27937e-18)
(0.0926066 0.17705 -1.7647e-17)
(-0.0054752 -0.0202648 0)
(0.00783874 -0.0793997 0)
(-0.0440858 0.00302439 -1.81595e-17)
(0.00475849 -0.0796794 1.42654e-17)
(0.161556 -0.04743 1.63816e-17)
(-0.0422327 -0.000628371 1.09827e-17)
(0.00501287 -0.056867 1.87748e-17)
(0.0975334 0.147792 1.67891e-17)
(-0.0437847 -0.00410014 -1.06629e-17)
(0.0920399 0.165788 -1.79402e-17)
(0.0309281 0.0209388 0)
(-0.0130951 -0.0871916 1.60592e-17)
(0.0371981 -0.0494031 -3.5996e-17)
(-0.0353322 -0.00329366 -3.09986e-17)
(-0.092464 -0.0115623 3.15835e-17)
(-0.105671 0.0105303 -2.49973e-17)
(0.0459134 0.0180451 2.34258e-17)
(-0.041791 -0.00137005 8.18484e-18)
(0.0644454 0.136376 0)
(0.00868139 -0.0517398 -2.03926e-17)
(0.0149391 0.0176957 1.83814e-17)
(0.0126705 -0.0293342 -2.54707e-18)
(0.00371563 -0.0634903 -2.44352e-18)
(0.0595857 0.0347534 4.66279e-18)
(0.00467432 -0.0805994 2.51739e-17)
(0.0696639 0.175685 1.5482e-17)
(0.0629846 0.124413 1.63088e-17)
(0.000806695 0.000369549 0)
(-0.0254086 0.00942162 0)
(0.0564992 0.0646525 -9.5333e-18)
(0.0279761 0.0754813 1.61532e-17)
(0.000996467 0.00745987 8.66697e-18)
(-0.0426177 0.00335865 -8.54045e-18)
(0.0199245 0.0512609 1.11857e-17)
(0.0122998 -0.0174102 1.55029e-17)
(0.0138566 -0.0125028 0)
(-0.0747316 -0.0154556 0)
(-0.152353 0.0424938 -9.56347e-18)
(-0.094043 -0.0189087 0)
(-0.0500387 -0.0036186 -3.33603e-17)
(-0.00200386 0.0225305 2.67914e-17)
(-0.0169692 0.00288015 1.73324e-17)
(-0.178089 0.0419744 0)
(-0.157527 0.0246112 1.63592e-17)
(-0.180846 0.0500353 -8.81049e-18)
(-0.114569 -0.0118681 1.71416e-17)
(-0.135735 0.00366913 1.49421e-17)
(-0.0207175 -0.00798719 0)
(0.00559927 -0.0487389 3.2897e-17)
(-0.0285394 -0.0153117 2.10114e-18)
(-0.0790665 -0.00775295 8.83136e-18)
(0.0995594 0.157012 0)
(-0.0488542 -0.0109728 -2.2396e-17)
(-0.0689255 -0.0102461 2.52217e-17)
(-0.0242349 -0.157745 0)
(0.0899743 0.193864 -1.2939e-21)
(-0.0785736 -0.00688728 0)
(-0.0891901 -0.0134529 0)
(0.0695684 0.0116014 -8.62162e-18)
(0.0789126 0.230061 0)
(0.0878963 0.145347 -3.38525e-17)
(-0.0547597 -0.00377972 5.17725e-18)
(0.0314328 -0.00875212 0)
(-0.146534 0.0101426 0)
(0.0776003 0.0494177 0)
(-0.0454764 -0.00934367 1.0381e-17)
(0.0983115 0.179087 1.78349e-17)
(0.00113922 -0.0425092 1.09621e-18)
(0.0992279 0.170952 1.77715e-17)
(0.0536642 0.0328647 4.67963e-18)
(0.0346283 -0.0280469 0)
(0.0129694 -0.0687421 -1.94929e-17)
(0.00453066 -0.0202666 1.53293e-17)
(-0.0250374 0.013635 2.23033e-17)
(0.0730804 0.0176721 1.39851e-17)
(0.0121073 0.00205199 -2.97817e-17)
(0.02458 0.0165395 -5.12247e-18)
(-0.00292503 0.0224757 -9.82119e-18)
(0.0233549 -0.0763594 0)
(-0.00872416 0.00732158 0)
(0.0167158 -0.0736416 0)
(0.0455294 -0.086794 0)
(0.0880473 0.0248349 -1.35923e-17)
(-0.00326395 0.0106898 -1.76943e-17)
(0.0139774 0.00129675 0)
(0.0532372 -0.0752696 -1.8147e-17)
(0.0498772 0.0677166 2.28122e-17)
(0.0365478 -0.0821071 0)
(-0.00472344 -0.00591358 -1.10948e-17)
(0.0527107 -0.0786318 0)
(0.0280902 -0.0802134 0)
(-0.010902 -0.0384109 2.11173e-17)
(0.080746 -0.00595056 0)
(-0.0153464 0.0246569 1.17163e-17)
(-0.0366912 0.0221702 -5.23842e-18)
(-0.0791043 0.00704478 1.91206e-17)
(-0.0886946 0.0215895 4.26138e-17)
(-0.0568477 0.00423539 -1.61955e-17)
(0.032571 -0.0306742 1.28915e-17)
(0.0267064 -0.074802 0)
(0.0465112 -0.0710643 0)
(0.0055567 -0.0682708 5.78764e-17)
(-0.045871 -0.00132766 0)
(0.144766 0.0754659 3.04856e-17)
(0.0837446 0.0804763 -8.43439e-18)
(-0.0223996 0.0213432 0)
(0.0784 0.147233 1.7694e-17)
(0.00642709 -0.0226019 -1.82256e-18)
(-0.0219241 0.00963139 3.98365e-17)
(-0.0610712 0.000793774 -9.96438e-18)
(-0.0104279 -0.135644 0)
(0.135033 0.104663 1.73217e-17)
(0.0854667 0.00389888 0)
(-0.011032 0.0190092 0)
(0.0191612 -0.0395245 -3.72713e-17)
(0.0174955 -0.0708703 2.62167e-17)
(0.0790799 0.0387526 1.81634e-17)
(0.0209958 -0.0746704 -1.89225e-17)
(0.0497618 -0.0846553 1.81737e-17)
(0.0548929 -0.0847817 -1.81115e-17)
(-0.0610681 -0.000518486 0)
(0.117502 0.118438 2.19768e-17)
(0.131197 0.122822 1.7603e-17)
(0.0325946 -0.0723417 0)
(0.0603707 0.0770536 -2.2153e-17)
(0.0750451 0.0614204 2.21594e-17)
(0.0377979 -0.0173019 -3.50188e-17)
(0.0299122 -0.0783607 -1.86858e-17)
(0.0411541 -0.0769455 1.82324e-17)
(0.0412582 -0.0844695 0)
(0.037457 -0.0589474 0)
(0.0505681 -0.0824596 2.25623e-17)
(-0.0117556 -0.0333502 1.7839e-17)
(-0.0294115 0.00819278 -1.70275e-17)
(-0.00742921 0.0211684 3.23753e-17)
(0.00634439 -0.0555546 -2.22982e-17)
(-0.00344613 -0.00190748 1.54927e-17)
(0.0658923 0.0182574 4.54379e-18)
(0.0050563 -0.0224812 -2.29801e-17)
(-0.146274 0.0534672 1.35477e-17)
(0.0915589 0.1893 0)
(0.0411223 -0.0808959 -4.52884e-18)
(0.0879091 0.0291106 0)
(-0.000676796 -0.0165427 -1.47797e-17)
(5.09687e-06 -0.0198416 3.68139e-18)
(-0.0107326 0.0266212 -1.79559e-17)
(0.11209 0.0691267 -1.2789e-17)
(0.0348958 -0.07895 1.83612e-17)
(0.155814 0.0915935 -2.17579e-17)
(0.017603 -0.0802338 -1.88649e-17)
(0.0601513 0.034542 -4.53266e-18)
(0.0144714 -0.0505749 2.41449e-17)
(0.0198073 -0.0659991 1.73002e-17)
(-0.0671826 -0.138065 1.33734e-17)
(0.0141073 -0.0655483 1.86484e-17)
(0.0620147 -0.0844504 1.80237e-17)
(0.0962398 0.0983081 1.75633e-17)
(-0.025465 0.0178504 1.79695e-17)
(0.100343 0.13031 1.79402e-17)
(0.0264088 -0.0649138 0)
(0.00558497 -0.0375605 -2.54679e-17)
(0.0187215 -0.0775166 9.8845e-18)
(0.0108256 -0.0368585 0)
(0.0276008 0.0820762 -1.91311e-17)
(0.0378395 -0.0332277 1.37725e-17)
(-0.00916524 0.0146647 9.49265e-18)
(0.0213426 -0.0684579 0)
(0.0417078 -0.0150198 -7.12829e-22)
(0.0313165 -0.0297462 -1.38665e-17)
(-0.153441 0.0533268 0)
(0.046885 0.0258696 2.2657e-17)
(0.0377695 -0.0497382 -2.28855e-17)
(-0.0617078 -0.186399 4.38285e-18)
(0.0548748 -0.0336221 1.85594e-17)
(0.100391 0.116956 4.50172e-18)
(0.0289872 -0.0193294 1.841e-17)
(0.0327581 0.0882961 1.61218e-17)
(-0.00838964 0.0152227 -3.05407e-17)
(0.0312685 -0.0418967 -1.84414e-17)
(0.0657443 -0.0578416 1.82588e-17)
(0.0136438 -0.0807464 1.64236e-17)
(0.0298873 -0.0702164 0)
(0.0405325 -0.0619944 0)
(0.0384226 -0.0690969 1.79862e-17)
(0.00953561 -0.0131126 1.76462e-17)
(0.024483 -0.0498529 3.81489e-17)
(0.0921703 0.0805909 0)
(0.0452922 -0.0498649 -1.82671e-17)
(0.0389005 -0.0840614 4.59968e-18)
(0.0269778 0.103561 0)
(0.14778 0.117054 -3.06557e-17)
(-0.00108742 0.0095798 -1.79689e-17)
(0.0111418 -0.073562 -4.54772e-17)
(0.0210219 -0.0823857 -1.91209e-17)
(0.00746101 0.00436888 0)
(-0.00357722 -0.00708692 2.77951e-17)
(0.0489024 -0.0834327 -4.56696e-18)
(0.0643128 -0.0859489 -3.60322e-17)
(0.0468375 -0.0557902 -1.94677e-17)
(0.0296442 -0.0840351 -4.63303e-18)
(0.03551 -0.0765524 4.52204e-18)
(0.00730748 -0.0201577 -4.56759e-18)
(0.0689176 -0.0869173 -1.79381e-17)
(0.00931949 -0.0230246 0)
(-0.163623 0.0433989 9.61044e-18)
(0.0263389 -0.0739824 -4.55438e-18)
(-0.068486 -0.165019 -4.45691e-18)
(0.102968 0.13677 0)
(0.0327145 -0.0314452 0)
(0.0040664 -0.000648225 -1.79568e-17)
(0.0532315 -0.0130908 -1.83204e-17)
(0.0677621 -0.0904767 -2.53159e-22)
(0.0206167 -0.082328 2.00059e-17)
(0.069422 -0.0343661 0)
(0.0242331 -0.0401362 -1.92169e-17)
(0.0185507 -0.0812141 2.52757e-18)
(0.0438892 -0.0832332 -4.58385e-18)
(0.0265098 -0.083091 -1.86081e-17)
(0.0333574 0.00251007 2.58183e-17)
(0.0337817 -0.00368381 8.84475e-18)
(0.10302 0.120439 -2.26627e-17)
(0.0190915 -0.0791721 0)
(0.0362457 0.0498636 -1.7862e-17)
(0.03881 -0.0758477 0)
(0.0625865 -0.0441538 1.82428e-17)
(0.00590916 -0.00492403 8.18674e-18)
(0.0403292 -0.0731863 -1.82164e-17)
(0.00821673 -0.0264557 1.82683e-17)
(0.0544344 -0.0812582 -1.35706e-17)
(0.0348749 0.0497524 1.34334e-17)
(0.0289885 -0.0576212 -1.90917e-17)
(0.0635133 -0.0837969 0)
(0.0195767 -0.0378851 0)
(0.0184468 -0.0824177 1.97223e-17)
(0.0583145 -0.0803484 1.81369e-17)
(0.0338428 -0.0140782 0)
(0.0915713 0.109053 -2.19746e-17)
(0.0300945 0.0678018 0)
(0.0529677 -0.0803052 -3.18463e-17)
(0.0157067 -0.0301212 0)
(0.0358723 -0.0843549 4.61238e-18)
(0.0264043 -0.0834578 0)
(0.0253569 -0.063845 0)
(0.0269873 0.0642364 0)
(-0.0442087 0.0107019 1.77748e-17)
(0.105577 0.103016 0)
(0.0297198 -0.0825332 1.85574e-17)
(0.087134 0.106944 0)
(0.0714847 -0.0947477 0)
(0.0589615 -0.0824199 0)
(0.0683487 -0.0808104 -3.50096e-22)
(0.006961 0.00891137 -1.81834e-17)
(0.0583824 -0.0884729 2.24715e-17)
(0.027577 0.0752681 -1.54565e-17)
(0.0361589 -0.0709653 0)
(0.0888963 0.13884 -4.84128e-18)
(-0.0735443 -0.217274 1.75512e-17)
(-0.00956721 0.0320942 1.86668e-17)
(-0.00679894 0.0267032 -1.57278e-17)
(0.0157629 -0.0755969 4.77618e-18)
(0.0225383 0.0459367 -1.78022e-17)
(0.0704013 -0.0227426 0)
(0.0445441 -0.0698992 0)
(-0.0150517 0.0239207 0)
(0.0267382 -0.0805628 1.85739e-17)
(-0.0144108 0.0331247 0)
(0.076978 -0.0836571 0)
(0.0182564 0.030242 0)
(-0.00120946 -0.00557678 4.55195e-18)
(0.0854094 0.0660116 1.33341e-17)
(0.080844 0.160309 -1.35064e-21)
(0.0339349 -0.0713296 4.5208e-18)
(0.0526779 -0.0846998 -1.82031e-17)
(0.021464 -0.0555121 -4.64653e-18)
(-0.0785144 -0.225131 0)
(0.0924369 0.130796 -1.86209e-17)
(-0.0476428 -0.194261 -2.1991e-17)
(0.0402529 -0.0849877 -4.58121e-18)
(0.0941901 0.110102 0)
(0.0764213 -0.0924752 0)
(0.0255839 0.00369149 -4.54407e-22)
(0.0154688 -0.0166855 0)
(0.0607267 -0.0835155 -4.50783e-18)
(0.0269893 -0.0178367 1.70519e-17)
(-0.0322154 0.022919 -1.78365e-17)
(0.0840986 0.0693904 -1.77932e-17)
(0.0997518 0.0825692 0)
(0.0614594 -0.0747244 0)
(0.0776363 -0.0957626 -1.7811e-17)
(0.0640151 -0.101712 1.78379e-17)
(0.0190014 -0.0357089 0)
(0.0942671 0.163434 0)
(0.116818 0.0722422 0)
(0.0708835 -0.0852613 -1.79459e-17)
(0.0375371 -0.0434239 3.79143e-17)
(-0.0764707 -0.227115 4.3766e-18)
(0.101451 0.108555 -2.24655e-17)
(0.0389723 0.0436686 -4.46167e-18)
(0.0380118 -0.0813944 -1.84164e-17)
(0.0956189 0.053547 1.8227e-17)
(-0.0335211 0.0161342 -2.23628e-17)
(-0.017175 0.0233156 0)
(0.0718292 0.0579908 0)
(0.0130568 0.0146157 0)
(-0.0530327 -0.208533 4.38352e-18)
(-0.0266742 -0.178528 4.41491e-18)
(0.0548631 0.0537743 0)
(0.0414986 -0.0815206 0)
(-0.0219628 -0.171521 -1.75925e-17)
(0.096397 0.0565164 0)
(0.0256687 0.0267999 0)
(0.00448977 -0.155831 -1.33218e-17)
(0.0663149 -0.110562 1.77929e-17)
(0.114307 0.066169 1.77241e-17)
(-0.0750331 -0.228657 -4.3735e-18)
(-0.0117047 0.00443696 4.51402e-18)
(0.0578606 -0.113095 0)
(0.0555307 -0.109245 1.78137e-17)
(-0.146915 0.0416703 -1.12748e-17)
(0.0429769 0.00696346 0)
(0.0668297 -0.0768324 1.35292e-17)
(0.0492278 -0.0758958 1.81522e-17)
(0.151847 0.000387208 2.21048e-17)
(0.0367088 -0.0844418 0)
(0.0519382 0.0135585 4.88249e-22)
(0.0516823 -0.121891 0)
(0.038207 0.0353696 -5.84084e-18)
(-0.0509881 -0.197276 1.31477e-17)
(0.0404429 -0.155058 -1.321e-17)
(0.043167 -0.0616901 1.80913e-17)
(-0.0596305 -0.00113437 7.66424e-18)
(0.00707783 0.00657564 0)
(0.00790922 -0.160152 0)
(0.00592388 -0.0138813 1.5642e-17)
(-0.0768442 -0.212258 0)
(-0.0118542 0.0245003 2.24002e-17)
(0.0383477 -0.125609 0)
(-0.0342701 -0.186306 0)
(0.00837529 -0.169778 -2.20182e-17)
(0.131761 0.0160452 1.76996e-17)
(0.0534437 0.0566134 0)
(0.139101 0.00868521 1.00645e-22)
(-0.00939533 0.03242 1.7842e-17)
(0.150702 0.000810698 -4.42014e-18)
(0.259718 0.10262 -1.74177e-17)
(0.152327 0.00474719 -4.41736e-18)
(-0.0777422 -0.225576 4.38283e-18)
(0.155117 -3.57914e-05 -3.53539e-17)
(-0.0872699 -0.224014 2.18881e-17)
(0.124469 0.0693057 0)
(-0.012131 -0.163946 0)
(0.147793 0.00553195 0)
(0.0233069 0.0115508 0)
(-0.0740189 -0.211085 -4.38429e-18)
(-0.0934241 -0.217951 -4.37952e-18)
(-0.0782749 -0.209919 4.38391e-18)
(0.255024 0.0983304 -1.74471e-17)
(0.102696 0.0602462 -1.7755e-17)
(0.0858309 0.133986 3.57885e-17)
(-0.0672617 -0.21003 -4.38421e-18)
(0.020095 -0.144061 0)
(-0.0732493 -0.187906 4.42683e-18)
(-0.0611641 -0.213526 0)
(-0.0360781 -0.204467 -1.75695e-17)
(0.0267854 -0.0634045 1.35377e-17)
(-0.0856131 -0.229009 4.37639e-18)
(0.0182302 0.0386775 4.46229e-18)
(0.247367 0.112784 1.74389e-17)
(-0.000511545 -0.189313 -4.40143e-18)
(0.0355906 -0.176158 -3.081e-17)
(0.113419 -0.109956 -1.32041e-17)
(-0.0306573 -0.117025 1.33356e-17)
(0.0417753 0.005925 -8.55417e-18)
(0.05633 -0.0977326 -2.24331e-17)
(0.0743437 0.0542756 0)
(-0.0531719 -0.164316 -4.3954e-18)
(0.14056 0.0039114 4.4254e-18)
(0.0743797 -0.148832 -4.40548e-18)
(-0.0726418 -0.204303 -1.31577e-17)
(0.0640711 0.00944796 -1.77057e-17)
(0.0928762 0.00561592 0)
(0.0414736 0.0386087 0)
(0.0801123 -0.0592802 -4.48619e-18)
(0.247293 0.115633 -3.92432e-17)
(0.0995776 0.0158614 -1.7738e-17)
(-0.0251611 -0.158319 4.39683e-18)
(0.119926 -0.0119585 -4.43196e-18)
(0.225711 0.0748659 -1.75113e-17)
(0.0396334 -0.163226 4.41e-18)
(-0.11121 0.0535205 -2.50697e-19)
(0.0571528 0.00505442 0)
(0.0813861 -0.125112 1.3238e-17)
(0.136266 -0.0103714 2.21263e-17)
(0.126685 0.0612227 0)
(0.0761199 -0.155657 1.76525e-17)
(0.00818882 0.00665471 9.01924e-18)
(0.194403 0.0885535 2.19251e-17)
(-0.127143 0.0287063 0)
(0.15743 0.0715554 1.32044e-17)
(0.129136 0.00881421 -1.7734e-17)
(0.15742 0.072409 -4.40303e-18)
(0.249795 0.084229 7.72397e-22)
(0.108956 0.00455405 -1.33168e-17)
(0.0997914 0.0817329 1.33748e-17)
(0.190877 0.072295 -2.19368e-17)
(0.135099 0.0114961 -4.42465e-18)
(0.113651 -0.121827 -4.40567e-18)
(0.104805 0.00560507 0)
(0.1153 -0.00822448 1.77228e-17)
(0.227004 0.0952697 0)
(0.225156 0.0207321 1.31271e-17)
(-0.0867857 0.0653557 1.59397e-17)
(-0.0503013 0.0710435 0)
(0.18435 0.125058 -1.75361e-17)
(0.128933 0.0497739 0)
(-0.0334817 -0.191836 3.53371e-17)
(0.228353 0.100753 0)
(-0.0867432 0.0605429 -1.7077e-17)
(0.0550757 -0.073246 2.21513e-17)
(0.118139 0.0575128 -1.3328e-17)
(0.192386 0.0802329 1.25098e-21)
(0.250416 0.0320352 4.37262e-18)
(0.195401 0.105316 -2.19131e-17)
(0.0934861 0.0503317 1.78213e-17)
(0.11085 0.0101715 1.77396e-17)
(0.0586716 -0.0650588 -9.86382e-18)
(-0.0346536 0.00548678 1.6812e-17)
(-0.0131271 -0.0106529 1.11669e-18)
(-0.0288811 0.0295523 2.11793e-18)
(0.000116715 0.00276125 5.86995e-24)
(0.0717181 -0.028814 -3.60469e-17)
(-0.047719 -0.010398 0)
(0.0226102 0.00264228 -1.5702e-17)
(-0.0277479 -0.0134189 -2.6229e-17)
(0.00913343 0.0707164 -4.64405e-17)
(-0.0192315 -0.0117649 -1.78213e-17)
(-0.00894917 0.00405839 0)
(0.00176276 -0.0242561 2.61068e-17)
(-0.00929837 -0.00787171 1.79572e-17)
(0.0929067 -0.0671545 1.92731e-17)
(-0.0467429 -0.00181717 0)
(0.186846 -0.0676553 1.31745e-17)
(-0.0442696 -0.0113238 -2.7586e-17)
(0.0466401 -0.0138112 0)
(0.248333 0.0526239 -4.37335e-18)
(-0.0929057 0.0291132 0)
(0.147519 0.0571134 -1.32264e-17)
(0.255286 0.0539577 4.3641e-18)
(-0.107989 0.0418511 0)
(-0.0504826 -0.0132499 0)
(0.150437 -0.109986 4.39124e-18)
(0.0978613 -0.00852505 -1.77508e-17)
(0.133225 0.00304995 -4.4261e-18)
(0.263165 0.114421 1.30656e-17)
(0.0703637 -0.00878399 -3.11426e-17)
(0.0061313 -0.111643 4.45118e-18)
(0.158962 0.0586628 -1.31123e-17)
(0.111817 0.0557621 0)
(-0.023379 0.0843948 -5.9381e-21)
(0.257565 0.0883129 2.18011e-17)
(0.028004 -0.140337 -4.42681e-18)
(0.13556 0.0162427 -7.90328e-22)
(0.185377 0.0918231 -1.30794e-17)
(0.0406203 -0.173411 -4.46338e-18)
(0.157536 0.00936351 3.53384e-17)
(-0.029987 -0.00572859 1.62791e-17)
(0.127204 0.00968378 3.9865e-17)
(0.179758 0.0583485 -2.18753e-17)
(0.251521 0.0695907 -1.30801e-17)
(0.220406 0.0587384 2.18901e-17)
(-0.00605407 0.0205689 -3.58043e-17)
(-0.0557137 0.0799443 1.77762e-17)
(-0.0597124 -0.221263 -2.1891e-17)
(0.11672 0.0536815 1.77294e-17)
(0.0909207 0.051273 1.57224e-21)
(0.121723 0.0737743 0)
(0.0220394 0.0910971 3.00803e-17)
(0.0881872 -0.0102545 1.33216e-17)
(0.0703163 0.0431122 1.80671e-17)
(0.119639 0.025325 3.49258e-17)
(0.169764 0.0589876 1.75987e-17)
(0.114504 0.0189352 4.42552e-18)
(0.134055 0.00309613 -1.32649e-17)
(0.186026 -0.0827562 -1.75653e-17)
(0.201045 0.104094 4.38123e-18)
(0.220888 0.127885 0)
(0.224271 0.124886 -4.37206e-18)
(0.0943519 -0.0579351 -4.419e-18)
(-0.0109603 0.0934319 -1.77571e-17)
(0.00125427 -0.182098 3.52385e-17)
(0.00981787 0.019676 -1.6562e-17)
(0.214372 0.100778 -1.31341e-17)
(0.152182 0.0193695 -1.7658e-17)
(0.198416 0.0672604 -1.31581e-17)
(-0.117101 0.0188801 4.42317e-18)
(0.103651 0.051305 1.28567e-17)
(0.0967123 0.0083273 1.77599e-17)
(-0.125497 0.0335392 8.69109e-18)
(-0.115561 0.0379859 0)
(-0.0672011 -0.0163848 -9.47301e-18)
(0.0168781 0.0324529 -3.0362e-17)
(0.00447473 -0.00348036 3.6127e-17)
(-0.0839945 -0.0115016 4.12097e-18)
(0.242251 0.0098844 -1.74969e-17)
(0.239277 0.0303822 4.37605e-18)
(-0.00508665 -0.0175817 0)
(-0.10164 0.00115857 -3.65441e-17)
(0.00384772 0.00934008 0)
(0.182236 0.0348518 -2.1994e-17)
(-0.0834593 0.0547155 1.77526e-17)
(0.145919 0.0468183 1.76378e-17)
(0.0142172 -0.127962 -1.76521e-17)
(0.058299 0.10103 2.20734e-17)
(-0.0451205 0.0738169 -1.77595e-17)
(0.171768 0.0379008 0)
(-0.103249 0.0129844 -3.55026e-17)
(0.126042 0.0393199 -2.12565e-17)
(0.135301 -0.0208607 2.21073e-17)
(0.0590124 -0.00938944 1.7799e-17)
(0.203891 0.0889992 -1.31398e-17)
(0.225578 0.121984 0)
(0.230919 0.128706 4.3716e-18)
(0.112037 0.027556 -8.84811e-18)
(0.0511929 -0.129072 -4.41943e-18)
(0.138417 0.0254997 1.32487e-17)
(0.221817 0.111401 0)
(0.0232403 0.0334786 1.96226e-17)
(0.1785 0.0462967 -2.20019e-17)
(0.205142 0.0804889 3.94733e-17)
(0.0806162 0.0416391 0)
(0.104225 0.021115 8.82635e-18)
(0.253377 0.0156135 0)
(0.231092 0.0418396 4.37542e-18)
(0.201856 0.00317551 -2.19879e-17)
(0.0276343 0.00443438 -1.53597e-17)
(-0.0281202 -0.196933 1.31533e-17)
(0.105774 0.0341691 0)
(0.208257 0.0247874 -2.3161e-17)
(0.0938293 0.0511196 1.77653e-17)
(0.216783 -0.0381513 -4.39161e-18)
(0.0426292 0.037169 -1.94511e-17)
(0.145833 0.00136893 -1.76745e-17)
(-0.15219 -0.0186055 -4.46966e-18)
(0.187373 0.0469614 0)
(0.115283 -0.143146 0)
(0.166347 -0.00663961 -4.40557e-18)
(0.189275 -0.0318826 0)
(0.151384 -0.0799207 2.20088e-17)
(0.212911 -0.0883111 0)
(0.163983 -0.0282243 4.40771e-18)
(0.165066 0.00762573 0)
(0.235962 0.0972513 1.30999e-17)
(-0.00350496 0.082486 0)
(0.221446 -0.0186751 1.75668e-17)
(0.179257 0.0398325 4.3971e-18)
(0.0913256 -0.0034706 3.10601e-17)
(0.192895 -0.0127389 -2.199e-17)
(0.0497461 -0.115724 0)
(0.158899 0.0296317 0)
(-0.00465341 0.00215465 1.75097e-17)
(0.17606 0.029469 2.71698e-17)
(0.0800321 0.0333861 0)
(0.218522 -0.0720309 0)
(0.188455 0.0725232 3.0666e-17)
(0.225842 0.102466 1.74796e-17)
(0.0305385 -0.00133297 -4.53112e-18)
(0.144116 0.0162614 0)
(0.0616254 -0.00596466 1.7793e-17)
(0.0890103 0.0221485 8.86649e-18)
(0.153042 -0.00228602 -4.41982e-18)
(0.0365896 -0.00706236 0)
(0.150218 0.0443998 4.39339e-18)
(-0.0125035 -0.00471701 -8.00705e-18)
(0.158627 -0.00225517 0)
(0.170088 0.0143427 0)
(0.0986564 0.00956935 -8.86354e-18)
(0.0943602 -0.0803785 4.41658e-18)
(0.123749 0.00493866 -8.85062e-18)
(-0.0769002 0.0363828 4.43579e-18)
(0.133184 0.0170562 8.79078e-18)
(-0.0495659 0.0040288 8.33824e-18)
(0.168459 0.0100574 0)
(0.171773 0.0186224 8.81726e-18)
(0.126862 -0.00243235 -1.44931e-21)
(0.0734655 -0.00332091 4.44546e-18)
(0.127089 0.0475297 0)
(0.159435 0.0126518 4.41077e-17)
(0.241361 -0.0291825 2.194e-17)
(0.162017 -0.000699894 -4.41662e-18)
(0.00178222 -0.000651082 -1.32924e-17)
(0.172336 0.0283579 0)
(0.232759 -0.050335 -2.27586e-17)
(0.224673 -0.00609951 3.09854e-17)
(0.125715 -0.0627468 -4.40633e-18)
(0.242476 -0.00838551 4.38042e-18)
(0.121006 -0.146978 1.87569e-17)
(0.10333 0.00206945 -2.65963e-17)
(0.129965 0.0287428 0)
(0.128592 0.042724 -2.21327e-17)
(0.0404749 -0.00507406 0)
(0.204558 0.0497108 -1.75362e-17)
(0.157818 -0.00436821 3.97488e-17)
(0.133501 0.00659663 1.88351e-22)
(-0.0989461 -0.0156329 1.77525e-17)
(0.186351 0.0695639 2.19482e-17)
(-0.122131 0.00542232 0)
(0.202031 0.0284216 -4.38501e-18)
(0.233847 0.0801066 1.3093e-17)
(0.0583711 0.0456432 0)
(0.0231207 -0.0102721 4.69809e-18)
(0.139077 -0.000744206 1.76988e-17)
(0.0832793 -0.112909 -1.3224e-17)
(-0.126273 -0.02905 0)
(0.17758 0.0389907 0)
(0.146637 -0.00465177 0)
(-0.00684587 -0.0164244 0)
(0.12308 -0.080228 1.76343e-17)
(0.0988641 0.106803 2.24272e-17)
(-0.109617 -0.0699836 -1.77841e-17)
(0.155257 -0.00531879 -4.4192e-18)
(0.107186 -0.00418858 -1.774e-17)
(0.263514 0.0744642 1.3092e-17)
(0.0372899 -0.00771052 0)
(-0.149226 -0.0278093 4.41183e-18)
(0.0950246 0.0267346 3.99482e-17)
(0.14779 0.00827914 0)
(0.160328 0.0224434 -2.20515e-17)
(0.107443 0.039711 -4.43259e-18)
(0.124082 0.00228214 -1.32881e-17)
(0.136127 0.0201031 0)
(0.0732055 0.0139013 -8.26949e-22)
(0.138388 -0.0119904 -3.54048e-17)
(0.0453363 0.00168511 -4.53383e-18)
(-0.0623969 -0.0116166 0)
(0.0976681 0.0496085 0)
(0.190504 -0.109357 -1.4483e-17)
(-0.116251 -0.0921267 -3.45641e-21)
(0.159468 -0.000501471 -1.76645e-17)
(0.139473 0.0156618 -1.32493e-17)
(0.149591 -0.00123836 -1.7684e-17)
(0.153584 -0.121471 0)
(-0.00293251 -0.00623733 2.0875e-17)
(0.0792185 0.00727 8.96462e-18)
(0.148072 0.00522246 -5.93091e-22)
(0.0271679 -0.0055569 -4.53857e-18)
(0.0243456 0.0189301 0)
(-0.130295 -0.0586367 -3.08826e-17)
(-0.14684 -0.0110583 -3.56638e-17)
(0.0384217 -0.0036874 0)
(0.102106 0.0044502 1.77475e-17)
(0.144255 -0.00396482 1.76965e-17)
(-0.000411749 -0.18888 0)
(0.120547 0.041784 -1.77122e-17)
(-0.129384 -0.0397183 -1.76674e-17)
(-0.134096 -0.0121801 1.82017e-17)
(0.133347 0.0339322 1.32765e-17)
(0.0681247 0.00191508 0)
(-0.0510074 -0.00590996 -1.75526e-17)
(0.130388 -0.00214106 -1.77171e-17)
(0.0658826 0.00181522 4.5297e-18)
(-0.113236 -0.039627 0)
(0.143419 0.020975 0)
(0.14126 0.00209763 -1.32733e-17)
(-0.135057 -0.0594058 1.76434e-17)
(0.112399 0.00151806 -4.43568e-18)
(0.08374 0.0019659 0)
(-0.0524845 -0.00376984 0)
(0.251125 0.114654 -3.04962e-17)
(0.205014 0.0823534 -4.3838e-18)
(0.0795407 -0.161368 4.72696e-18)
(0.149954 -0.00843611 2.21095e-17)
(0.159248 0.0407194 1.32125e-17)
(0.160312 0.0511972 -3.0831e-17)
(0.140013 0.00653064 -2.21256e-17)
(0.143599 0.0176345 -1.76911e-17)
(0.14027 0.0301915 2.21145e-17)
(0.144742 0.00909385 3.9801e-17)
(0.200714 0.0709954 1.31533e-17)
(0.180335 0.0508496 -1.31946e-17)
(0.0768465 0.0186556 -4.52706e-18)
(0.152745 -0.0646937 0)
(0.143766 -0.00858527 -3.53905e-17)
(0.23044 0.110043 -1.74826e-17)
(0.0550629 -0.0053666 -1.78243e-17)
(-0.144712 -0.0543527 1.76529e-17)
(0.150315 -0.00925128 -1.76838e-17)
(0.102516 0.0265197 0)
(0.128622 0.0606821 0)
(0.0350395 -0.0828545 0)
(0.251006 0.123815 1.74292e-17)
(0.0158518 0.0243508 0)
(0.0935408 0.0310408 -1.33152e-17)
(0.0911604 -0.00424208 0)
(0.0761361 0.0264668 0)
(0.117544 0.0630415 0)
(0.127892 0.0592838 -4.42404e-18)
(0.078529 -0.00274261 0)
(-0.0306784 -0.20256 1.7562e-17)
(0.245769 0.123752 -4.35972e-18)
(0.131077 0.048175 0)
(0.0780069 0.0436491 -2.24871e-17)
(-0.131719 -0.106707 -1.77046e-17)
(0.10533 0.0439569 0)
(0.248756 0.12399 4.35953e-18)
(-0.0268649 -0.0707904 0)
(-0.0533075 -0.122805 1.34245e-17)
(0.114764 0.0519196 0)
(0.00118691 0.014769 0)
(-0.126307 -0.132501 -1.77611e-17)
(0.13215 0.0571478 0)
(0.139139 0.0356308 -1.7689e-17)
(0.125243 0.0539123 4.42526e-18)
(-0.139065 -0.0719482 0)
(0.133037 0.0403442 1.3243e-17)
(0.133831 0.0453275 4.42326e-18)
(-0.0308605 0.00678362 0)
(0.0630937 0.0324674 -1.20994e-17)
(0.193279 0.0865589 -2.19297e-17)
(-0.12956 -0.0872739 3.11699e-21)
(0.0908715 0.0569948 -1.77685e-17)
(-0.0110157 0.0121235 1.79197e-17)
(0.136544 0.0447097 -1.76915e-17)
(0.0681822 -0.00986869 0)
(0.0241458 0.0249054 -1.341e-17)
(0.125783 0.0671927 0)
(0.127409 0.0573138 -1.76747e-17)
(0.139272 0.0321142 0)
(0.115163 -0.00762059 4.43677e-18)
(0.0989424 0.0687354 4.43896e-18)
(0.136066 0.020099 0)
(0.115356 0.0449902 4.43262e-18)
(0.057535 0.0133957 1.5566e-17)
(0.134469 0.0493905 1.32664e-17)
(0.0442708 -0.0756179 0)
(0.0958079 -0.0120603 -1.33232e-17)
(-0.136747 -0.0985595 0)
(0.073708 0.0288867 0)
(0.0544683 0.0159139 -1.60374e-17)
(0.127513 0.0561614 0)
(-0.116281 -0.104429 0)
(0.0302725 -0.0105703 -4.65676e-18)
(-0.0538913 -0.0778194 2.23544e-17)
(0.11398 0.0644108 -1.77294e-17)
(0.133448 -0.0103917 -1.77135e-17)
(0.034823 -0.0666482 1.86036e-17)
(-0.0298331 0.00540523 1.81372e-17)
(0.0946122 0.0516524 0)
(0.134981 0.0369292 -4.4235e-18)
(0.0857267 0.0399165 0)
(-0.0410449 -0.0561836 -9.22594e-18)
(0.117416 0.0581132 7.89262e-22)
(0.1132 0.0318483 0)
(0.0752126 0.0394506 -2.25642e-17)
(0.0891128 0.0382005 0)
(0.0487113 0.0281007 -4.46156e-18)
(-0.030715 0.00609004 1.41842e-17)
(-0.116747 -0.143922 1.77493e-17)
(0.101436 0.0639774 1.77474e-17)
(0.109403 -0.0111125 1.3307e-17)
(0.0671295 0.0314856 -7.44871e-18)
(0.130513 -0.0128436 3.5425e-17)
(0.110518 0.0521486 1.7736e-17)
(0.042893 0.0319479 -4.46165e-18)
(0.0617698 0.040263 0)
(0.109995 0.0811538 0)
(0.0932885 0.106525 1.79236e-17)
(0.127072 -0.00770781 1.32874e-17)
(0.102633 0.0463206 2.25322e-17)
(-0.0492473 -0.0781881 -4.43065e-18)
(0.140239 0.022908 0)
(-0.0381042 -0.0265207 0)
(0.218149 0.0973278 0)
(-0.00949404 -0.049606 -1.78621e-17)
(0.0117008 0.0385676 0)
(0.0894366 0.109827 -1.82226e-17)
(-0.0942973 -0.0586212 3.13424e-17)
(0.0709574 0.0179265 3.55702e-17)
(0.110394 0.0293045 -1.77369e-17)
(0.161004 0.0707108 0)
(0.109879 0.0227707 -1.7737e-17)
(0.116808 -0.013115 0)
(0.0809662 0.0442117 0)
(0.115639 0.0800786 0)
(0.0905548 0.0685043 1.34374e-17)
(0.037532 -0.017756 0)
(0.0253788 -0.0811307 0)
(0.0867583 -0.0113479 0)
(0.0703298 0.0509016 0)
(0.08341 -0.0715482 -4.48046e-18)
(0.019025 0.0198958 0)
(0.22051 0.101992 2.18685e-17)
(0.107015 0.0742571 -4.43645e-18)
(0.0589755 -0.00387465 0)
(0.105968 0.0109581 -1.7751e-17)
(0.111255 -0.0132482 -4.43401e-18)
(-0.0298381 -0.00181351 4.62944e-18)
(0.125346 0.0648526 0)
(0.0609986 0.0414428 -1.73311e-17)
(0.0947317 0.0758841 -1.78068e-17)
(0.055871 -0.00953741 4.53772e-18)
(0.0839649 0.0604328 -1.34003e-17)
(0.0716681 0.00594248 2.26822e-17)
(-0.0428003 -0.04491 -1.78769e-17)
(0.105233 0.077886 0)
(-0.108068 -0.124603 0)
(-0.0485204 -0.0728253 0)
(0.094046 0.117134 0)
(0.09132 0.0748619 -1.34097e-17)
(0.0557886 0.0602597 -4.48294e-18)
(0.0940806 0.0784496 1.78203e-17)
(-0.0490278 -0.0255524 1.06947e-17)
(0.0923142 0.011278 -4.48056e-18)
(-0.0394975 -0.0256488 1.8635e-17)
(0.0783757 0.0271816 0)
(0.076974 0.0661574 -1.422e-17)
(0.129944 0.0246927 4.42673e-18)
(0.188898 0.0785702 0)
(0.118792 0.0692162 -1.77278e-17)
(0.130347 0.03306 4.4264e-18)
(0.0560982 0.0429851 -2.2606e-17)
(-0.0294045 -0.0447437 0)
(0.0827375 0.0742937 -3.57336e-17)
(0.0890367 0.100367 0)
(0.0863481 0.0789727 0)
(0.0105888 -0.0471742 4.63841e-18)
(0.080796 0.0742907 0)
(0.0914832 0.0804408 -1.34381e-17)
(0.0860912 0.0677038 -4.47206e-18)
(-0.0150948 -0.00152859 -2.25026e-17)
(0.0943751 -0.00996307 4.44363e-18)
(0.0842148 -0.00797095 0)
(0.0724557 -0.0875668 -3.57234e-17)
(-0.0506506 -0.00178562 4.35375e-18)
(0.121333 0.02137 1.32963e-17)
(-0.0679683 -0.114203 -1.33827e-17)
(0.118028 0.0767117 -1.77495e-17)
(0.0346227 0.0192348 0)
(0.159705 0.064198 1.76087e-17)
(0.116217 0.0742231 3.98984e-17)
(-0.0440896 0.00406232 -2.32662e-17)
(0.121261 0.0350786 1.77137e-17)
(0.0330719 -0.0575761 -1.80764e-17)
(0.0774716 0.072382 -1.60552e-17)
(0.0872885 0.0742233 -4.4817e-18)
(0.11914 0.0136988 -1.77234e-17)
(0.11162 0.0198079 0)
(-0.0399358 0.00805462 0)
(-0.092535 -0.189078 -4.43069e-18)
(0.0214246 -0.0800261 0)
(0.0705714 0.0321517 2.22515e-17)
(0.105209 0.0397596 0)
(0.106365 0.0389384 0)
(0.017447 0.041215 2.24351e-17)
(0.0888012 0.081419 0)
(0.132896 0.0487877 -1.76645e-17)
(0.0835123 0.0760171 -8.36021e-22)
(0.0864214 0.038771 -1.77788e-17)
(0.0130352 -0.0450177 1.79793e-17)
(0.0471965 -0.0842518 4.56224e-18)
(-0.0366427 -0.00289452 1.62028e-17)
(0.085281 0.0294883 -2.19987e-17)
(-0.0953463 -0.0827349 0)
(0.0419688 -0.0774708 0)
(0.0634246 -0.0878015 -4.34354e-22)
(0.0940704 0.0168763 0)
(0.0566399 -0.07043 -4.52254e-18)
(0.0487503 -0.00777871 1.77488e-17)
(0.0794855 0.0945052 -1.34323e-17)
(0.0713197 0.064964 1.58937e-17)
(0.0371328 -0.0557266 -1.83586e-17)
(0.0922677 0.0917245 0)
(0.0635024 -0.00778994 0)
(0.0768167 0.0148801 -4.52751e-18)
(0.0919921 0.08601 0)
(0.0271283 0.0398713 -1.80657e-17)
(0.0451295 -0.0819978 -4.57436e-18)
(-0.0385718 -0.084018 1.33869e-17)
(0.0519547 -0.0162624 4.50152e-18)
(0.0880924 0.0803541 0)
(-0.0223343 0.0105807 -2.27513e-17)
(0.0717013 0.069593 0)
(0.00650617 0.0119924 4.48171e-18)
(0.0851589 0.0782043 1.79545e-17)
(0.0303598 0.00757522 0)
(0.0696645 0.0648769 0)
(0.0584658 0.054755 8.27181e-18)
(0.0604742 0.0216475 -1.77896e-17)
(-0.0158068 -0.018775 2.25484e-17)
(0.0741832 0.0711665 0)
(-0.000878478 -0.0703741 -1.79622e-17)
(0.0618541 0.0623083 1.79393e-17)
(0.0692271 0.0667571 1.78712e-17)
(0.0778283 0.103637 4.07364e-18)
(0.0736395 0.0858884 -4.12511e-18)
(0.0886394 0.0866634 -1.8975e-17)
(0.008846 -0.019072 1.35926e-17)
(0.0727337 0.0945394 -4.03239e-18)
(0.066237 0.0636207 -1.79611e-17)
(0.0888668 0.0928596 -1.84722e-17)
(-0.0301498 0.00893035 -1.94887e-17)
(0.0462053 0.0401632 2.258e-17)
(0.0508265 -0.0780992 1.8173e-17)
(0.0135501 -0.0481976 -1.85092e-17)
(0.0515303 -0.0561759 4.51544e-18)
(0.0794442 0.0862307 1.72944e-17)
(0.0927521 0.0979737 -1.79132e-17)
(0.0366766 -0.0563981 -1.42073e-17)
(0.0545753 0.0597021 0)
(0.0886414 0.121457 0)
(0.0529459 0.0527193 -1.80039e-17)
(0.0445699 -0.00568484 -4.51742e-18)
(0.0551354 -0.0446084 -4.50939e-18)
(0.0419894 -0.00665175 1.8118e-17)
(0.0961143 0.0883508 -1.80176e-17)
(-0.063007 -0.189592 0)
(-0.0447463 -0.00457471 9.12475e-18)
(0.0993918 0.100362 -1.79554e-17)
(0.0653571 -0.0414672 -1.05367e-21)
(0.0442469 -0.0783904 0)
(0.0976215 0.0995438 1.79308e-17)
(-0.00070114 -0.0217895 -1.04321e-18)
(0.0599142 0.0547467 -4.51006e-18)
(0.0180635 -0.00444885 0)
(-0.0896716 -0.123088 4.44724e-18)
(0.00858394 -0.0662016 1.94618e-17)
(0.022186 -0.0494926 -1.80679e-17)
(0.0593333 -0.061547 4.51601e-18)
(0.0411652 -0.0724248 0)
(0.0412835 -0.0656581 -4.59842e-18)
(0.00827296 -0.010976 0)
(-0.0463867 0.00415381 0)
(0.00904209 -0.0397241 0)
(0.0522884 0.0405369 2.45164e-17)
(0.0287396 -0.0132333 0)
(-0.109692 -0.179581 0)
(0.0519103 0.00278011 -1.55772e-17)
(0.0676978 0.161578 -9.98012e-22)
(0.0671815 -0.0280536 0)
(0.0423476 -0.0797144 -1.81722e-17)
(0.0293501 -0.0835341 0)
(0.0975093 0.0940273 -1.79935e-17)
(-0.0108864 -0.0161389 -1.82935e-17)
(0.0465205 -0.0796993 4.5543e-18)
(0.0776752 -0.0771303 4.4867e-18)
(0.0437412 -0.0799056 0)
(0.0184203 -0.0245992 -4.68277e-18)
(0.0508841 -0.0723924 0)
(0.0373453 -0.0491043 0)
(0.0284532 -0.0234671 -8.47301e-18)
(0.0443412 -0.0245016 -4.52219e-18)
(0.076603 0.0625223 1.35212e-17)
(-0.0413451 -0.00195557 -1.81358e-17)
(0.0853622 0.167885 -1.86542e-17)
(0.0395427 -0.00039428 7.05021e-19)
(0.00152528 -0.0786269 0)
(0.0507284 0.00606515 3.8435e-18)
(0.0407446 -0.0741453 0)
(0.00533 -0.0242717 1.24012e-17)
(-0.0487944 0.00163119 3.77561e-17)
(0.0314782 -0.0465225 1.8109e-17)
(0.074318 0.126161 -1.90977e-17)
(0.100891 0.0855515 2.2331e-17)
(0.0856226 0.0728788 4.51339e-18)
(0.103718 0.107766 0)
(0.042701 -0.0375516 2.26788e-17)
(0.018106 -0.0334298 -1.40013e-17)
(0.0991518 0.0887693 -2.2571e-17)
(0.0796889 0.0593653 -4.51861e-18)
(0.0321392 -0.0311668 0)
(0.0773047 0.0686417 3.59901e-17)
(0.0406595 -0.0404547 1.80217e-17)
(-0.00323719 -0.138557 1.77988e-17)
(0.0401203 0.0516013 4.49125e-18)
(0.0136142 -0.0111478 0)
(0.0603223 -0.0832997 1.80346e-17)
(0.0970975 0.0943343 0)
(0.0893263 0.0749139 -4.52364e-18)
(0.0990219 0.134313 0)
(0.0423247 -0.0469401 0)
(0.0884782 0.0642907 -1.36105e-17)
(-0.0184061 -0.0111423 -2.27997e-17)
(0.0375666 -0.0730084 6.30911e-19)
(0.00245321 -0.0742621 1.80275e-17)
(-0.0235211 0.0184061 -1.80592e-17)
(0.0344477 -0.051117 -1.86412e-17)
(0.0938586 0.0862237 2.87592e-22)
(0.0838641 0.0749141 4.50917e-18)
(0.00205989 0.0240577 1.81141e-17)
(0.0938191 0.0862849 4.7502e-22)
(0.0974543 0.160388 -1.85651e-17)
(0.104428 0.0761581 -1.78433e-17)
(0.0485932 -0.0646219 0)
(0.011737 0.00593537 0)
(-0.0324182 -0.00320404 4.54247e-18)
(0.0740425 0.0435324 4.57233e-18)
(0.0981619 0.0805701 -4.56633e-18)
(-0.0324166 0.009203 0)
(0.030164 -0.0163909 0)
(0.0963047 0.0853804 4.55162e-18)
(0.0987285 0.0612348 -1.7793e-17)
(0.0372261 -0.0434022 0)
(0.101683 0.105866 0)
(0.0264566 -0.00329697 0)
(0.100488 0.100019 2.2548e-17)
(-0.056927 -0.186642 -1.74828e-17)
(0.0980952 0.0916525 1.35334e-17)
(0.0743429 -0.0514809 -1.34978e-17)
(0.0844863 0.0525481 1.30697e-17)
(0.0422265 -0.0357519 -1.9225e-17)
(0.0679986 -0.0624127 -4.50289e-18)
(0.099415 0.0890383 7.02657e-22)
(-0.018512 -0.00817757 -1.61208e-17)
(0.102452 0.105769 0)
(-0.0556141 -0.104574 -1.3456e-17)
(0.0723475 -0.0699758 4.49212e-18)
(-0.0628554 -0.162468 4.41269e-18)
(0.0847004 0.193398 -1.86221e-17)
(0.103778 0.152488 4.54292e-18)
(-0.0014252 0.0230191 5.01779e-18)
(0.0942839 0.0838563 -7.66157e-22)
(0.174675 0.126417 0)
(0.185222 0.118678 1.30808e-17)
(0.0981339 0.0952372 0)
(0.0962761 0.0912091 -1.79707e-17)
(0.00075719 -0.0573205 0)
(0.0811393 -0.0863703 0)
(0.0401326 -0.0448536 1.9395e-17)
(0.102095 0.132417 0)
(-0.0397515 0.0108415 -1.80766e-17)
(0.0681197 -0.0334982 -1.7998e-17)
(0.103412 0.110433 0)
(0.0738987 0.112405 -2.20613e-17)
(-0.0199976 -0.000325482 -4.55322e-18)
(0.108386 0.0836537 1.33688e-17)
(0.0456233 0.10291 -1.32563e-17)
(0.0393654 -0.06073 1.84036e-17)
(-0.016 0.0172473 1.81366e-17)
(0.0997562 0.094819 -4.52135e-18)
(0.10078 0.0763494 -6.38787e-22)
(0.0319572 0.0380776 0)
(0.113622 0.0745839 4.45392e-18)
(0.0216883 -0.0480959 2.04327e-23)
(0.120853 0.0685236 -4.41602e-18)
(0.151708 0.108336 1.75311e-17)
(0.0975026 0.0901451 4.51254e-18)
(-0.0338136 -0.00441238 0)
(0.0699416 -0.0689673 -9.47472e-22)
(0.0012062 0.0307322 1.35338e-17)
(0.0971035 0.0899205 -1.79263e-17)
(0.0934124 0.0818891 -4.47696e-18)
(0.03465 -0.0152206 2.19737e-17)
(-0.0196747 -0.0049178 0)
(0.00014243 -0.044633 0)
(0.00217179 -0.0572187 0)
(0.0147693 0.0708228 4.43764e-18)
(-0.0166602 0.0231719 0)
(-0.0122641 -0.00744875 1.8886e-17)
(0.0423663 0.0505479 -1.80273e-17)
(0.0948115 0.0182403 1.85248e-17)
(0.0483948 -0.0493329 4.44297e-18)
(0.0865847 0.0146366 0)
(0.0457975 0.00753951 3.28245e-17)
(0.0984926 0.0861677 4.48871e-18)
(0.102879 0.0876329 1.78689e-17)
(0.100965 0.0847857 -1.34094e-17)
(-0.0137594 0.0109826 -1.36512e-17)
(-0.0495433 -0.0364333 0)
(0.10529 0.126412 0)
(0.0778358 -0.0507386 4.03695e-17)
(-0.000888381 -0.0284061 0)
(0.109027 0.0837388 -1.78489e-17)
(-0.111297 -0.119291 -4.45096e-18)
(0.0958656 0.0868419 0)
(0.0994184 0.0871037 3.58411e-17)
(0.0460523 -0.0738699 0)
(0.0172787 0.0398833 2.25177e-17)
(0.0430076 -0.0763328 0)
(0.0145819 0.0273611 0)
(0.0512907 -0.0726046 0)
(-0.0187812 -0.151447 0)
(-0.0368975 0.0109234 1.04524e-17)
(-0.0515629 0.003436 0)
(0.104031 0.0862524 -2.2371e-17)
(-0.1076 -0.163046 0)
(-0.00442274 -0.0697099 1.80276e-17)
(0.0062636 -0.141314 1.78154e-17)
(0.105578 0.127922 1.8027e-17)
(0.0466762 -0.0580717 4.53494e-18)
(0.0556312 -0.0768105 0)
(-0.00844591 -0.121886 3.05186e-17)
(0.10443 0.147038 -2.26723e-17)
(0.0461477 -0.0512831 0)
(0.104674 0.0691192 0)
(0.110813 0.0808534 -1.78515e-17)
(-0.0734264 -0.189827 0)
(0.227481 -0.041949 2.20487e-17)
(0.0330966 -0.0245249 -3.42982e-17)
(0.0533262 -0.0260653 -1.80529e-17)
(0.0275644 -0.122052 -1.3431e-17)
(0.0435391 0.132031 9.75418e-18)
(-0.0114238 -0.103733 -1.35323e-17)
(0.0462183 -0.0638297 0)
(0.000796521 -0.0290714 0)
(-0.0456562 -0.103428 -4.46961e-18)
(-0.083843 -0.146218 4.42973e-18)
(0.0530928 -0.0806316 -4.51009e-18)
(0.00214756 -0.0979192 0)
(-0.101351 -0.195218 0)
(0.0530073 -0.0735864 2.25786e-17)
(0.0486538 -0.0633971 -2.26309e-17)
(-0.0460172 -0.177822 -4.41421e-18)
(0.195558 0.126615 4.36934e-18)
(0.101499 0.0827948 2.23283e-17)
(0.102874 0.0815187 0)
(0.113621 0.0791599 1.33783e-17)
(0.0444084 -0.0650307 4.58797e-18)
(0.0283912 0.10281 1.77099e-17)
(0.000670337 -0.0518189 0)
(0.0348396 0.0211872 9.01828e-18)
(-0.0288743 -0.111957 0)
(0.160296 0.0971654 -4.38369e-18)
(-0.0410077 -0.0946183 4.43663e-18)
(0.00134847 -0.0743304 4.15851e-17)
(0.106925 0.0850775 4.47025e-18)
(0.0493048 -0.068179 0)
(0.0885028 0.0611967 1.34172e-17)
(0.0651811 0.0428471 -4.33915e-18)
(-0.035524 0.0425509 -4.44908e-18)
(0.0799318 0.0520107 4.48017e-18)
(0.0662729 0.0395539 0)
(0.0353428 -0.0316797 -3.48116e-17)
(0.0424207 -0.0586491 0)
(0.0408887 -0.0434681 0)
(-0.0957902 -0.16827 2.21472e-17)
(0.0848799 0.0106267 0)
(0.0940211 -0.00899806 -4.42171e-18)
(0.10073 0.0695882 0)
(0.0663323 0.0499789 0)
(-0.0181977 -0.136347 -1.78973e-17)
(0.0701755 0.0582718 -2.50391e-17)
(-0.000681277 -0.0374535 0)
(-0.0546913 0.00179651 1.39078e-18)
(0.0344309 -0.0705639 0)
(0.0271675 0.0312102 1.7603e-17)
(-0.0767045 -0.187112 0)
(-0.0808104 -0.0696227 0)
(0.0233174 -0.048659 -4.68013e-18)
(-0.0509135 -0.162376 1.77653e-17)
(0.0165267 -0.0704907 -3.52842e-17)
(-0.0579765 -0.145724 -2.21e-17)
(-0.115891 -0.140154 3.53709e-17)
(0.0837263 0.183634 -1.85022e-17)
(-0.00104134 -0.0386353 1.84112e-17)
(0.0414846 -0.0807974 -4.5005e-18)
(-0.0988915 -0.207071 -1.7633e-17)
(-0.0750229 -0.153246 4.46159e-18)
(-0.0248156 -0.165283 0)
(0.00306214 -0.108116 1.79257e-17)
(-0.0221382 -0.127123 4.46198e-18)
(0.0147202 -0.042532 -3.6183e-17)
(0.0323075 -0.117276 0)
(0.00792731 -0.0190128 0)
(0.028688 -0.0939735 0)
(0.213596 -0.0287625 -1.75927e-17)
(0.0106746 -0.0772151 -4.51091e-18)
(0.0572267 0.0390039 0)
(0.0387798 0.0379516 0)
(0.0407103 -0.103926 -4.47569e-18)
(0.00537398 -0.0357828 3.17607e-17)
(-0.0425883 -0.131792 -4.44555e-18)
(0.00287049 -0.0767906 -2.13151e-17)
(-0.00275609 0.0284369 -1.91e-17)
(-0.00580415 0.0210822 1.73008e-17)
(0.0724944 -0.00204623 9.43149e-18)
(0.0280533 -0.0295082 1.79654e-17)
(0.0308224 -0.0960199 4.47884e-18)
(0.0165561 0.0220004 0)
(0.0746959 0.0593895 0)
(0.0315682 0.0289435 5.27637e-18)
(0.0091488 -0.16552 -1.84139e-17)
(-0.0732512 -0.0977078 -4.4426e-18)
(-0.0596746 -0.159281 1.77606e-17)
(-0.111151 -0.16425 -2.21523e-17)
(-0.00993954 0.0104373 4.61265e-18)
(0.0306979 0.20043 0)
(0.0829193 0.164356 1.80916e-17)
(0.0148475 0.0114993 0)
(0.0726542 0.255716 1.43486e-17)
(-0.0156194 0.024899 -1.89615e-17)
(0.0433153 -0.0887251 -1.30722e-17)
(0.000153127 -0.0469558 0)
(0.0388832 -0.0432697 1.97626e-17)
(0.0259223 -0.0156802 3.82303e-17)
(-0.0403428 -0.0280957 -2.02309e-17)
(0.00828692 -0.00939716 -1.64188e-17)
(-0.0513394 -0.112055 0)
(0.0572023 0.0221761 0)
(0.0641394 0.0645822 0)
(0.0645625 0.070817 2.08204e-17)
(0.0879588 -0.153703 -1.70861e-17)
(0.0409739 0.0458353 0)
(0.0839239 0.134508 4.91306e-18)
(0.059451 0.104041 5.21951e-18)
(-0.0514549 -0.00960644 -1.37002e-17)
(0.00182974 -0.0527678 0)
(0.0280011 0.0337049 0)
(0.0603945 0.0428183 0)
(-0.0904229 -0.0219769 0)
(0.040757 0.174747 0)
(0.00627445 0.0104458 -3.02855e-17)
(0.0684671 0.249538 0)
(0.0315753 0.0298535 0)
(0.154416 -0.136537 9.48762e-18)
(0.0311604 0.219177 0)
(0.0627632 0.025832 -1.40331e-17)
(0.0710665 0.116512 1.95734e-17)
(-0.0596332 -0.137352 -1.33354e-17)
(-0.155779 0.0435771 -1.37919e-17)
(0.0102033 0.0060501 8.9949e-18)
(0.0528106 0.0118688 0)
(0.0236301 0.116453 0)
(0.0376076 -0.016701 2.0357e-17)
(0.0443758 -0.0158504 -2.13451e-22)
(0.00387498 -0.0713196 -3.17773e-17)
(0.0210558 -0.010002 0)
(0.0456443 0.022629 -2.10923e-17)
(0.003444 -0.0620893 1.08799e-17)
(-0.164825 0.0430028 0)
(0.0459536 -0.0320923 -3.7637e-17)
(-0.0375693 -0.0184054 9.1503e-18)
(-0.0528256 -0.0174069 1.90419e-17)
(0.123554 -0.0484017 1.86028e-17)
(-0.0165111 -0.0116598 1.76217e-17)
(-0.0106099 -0.0100877 0)
(-0.0681733 -0.0147645 1.56902e-17)
(0.104072 -0.0377762 1.52266e-17)
(-0.030634 -0.0169521 -4.69757e-18)
(-0.0195293 -0.0136881 0)
(-0.00449211 -0.00737748 0)
(-0.0251703 -0.0154004 3.78303e-17)
(0.15075 -0.0902592 -1.87618e-17)
(-0.0577738 -0.0164313 -2.50287e-17)
(0.0835412 -0.0286146 0)
(-0.0324838 -0.0135814 -1.81672e-17)
(-0.0384931 -0.0136836 0)
(0.0882814 -0.04088 3.55537e-17)
(-0.0178311 -0.010382 -1.87926e-17)
(-0.0101194 -0.0101491 0)
(-0.0467465 -0.0146282 3.02433e-17)
(0.0988056 -0.0585775 1.74621e-17)
(0.0654225 -0.024412 0)
(-0.0246536 -0.0121635 -1.40833e-17)
(-0.0685833 -0.00848994 -1.37529e-19)
(-0.069163 -2.34556e-05 1.93205e-18)
(-0.132769 0.046648 -2.85791e-17)
(0.00967021 -0.0596641 1.86126e-17)
(0.0349037 0.0674641 3.0376e-17)
(0.0326519 0.0542896 -2.02209e-17)
(-0.0504417 -0.00365409 1.85655e-17)
(0.0155756 0.0115219 -4.69324e-18)
(0.00590101 -0.0608275 -1.84575e-17)
(0.0257644 -0.0486052 3.84902e-17)
(0.0135636 -0.0459524 -2.09803e-17)
(0.00232045 -0.0712117 -2.15229e-17)
(-0.142862 0.0256876 9.66362e-18)
(-0.0636719 -0.0120086 -5.85506e-18)
(0.116016 -0.10357 2.03952e-17)
(0.138857 -0.101766 2.5115e-18)
(0.0795377 0.21738 0)
(0.0168178 -0.0605273 -1.96564e-17)
(-0.0043015 -0.0125665 -7.7897e-18)
(-0.0276968 0.0175963 1.70618e-17)
(-0.0309782 -0.0157254 -2.46702e-17)
(0.0188231 0.0313623 2.23398e-17)
(0.0204392 -0.0867085 1.7716e-17)
(-0.0010215 -0.00788219 1.86982e-17)
(0.0909018 0.204698 0)
(0.00170245 -0.0628068 2.53014e-18)
(0.0104731 -0.0761175 1.99248e-17)
(0.218176 -0.0735252 3.89851e-17)
(0.0507963 0.0217241 7.94639e-18)
(0.00513173 0.0111689 0)
(0.0655953 0.0884215 -2.06421e-17)
(0.0814544 -0.0686113 -2.46419e-18)
(0.0480264 -0.157324 0)
(0.00513959 -0.0716881 -5.99524e-17)
(0.00138478 -0.0785371 0)
(-0.168783 0.0538289 0)
(0.00411671 -0.00576395 2.06981e-17)
(0.0263381 -0.00280002 -9.71785e-18)
(-0.0219677 -0.0306893 -2.21948e-17)
(0.0521201 0.0978481 1.57123e-17)
(0.00195923 -0.00771456 -1.76453e-17)
(0.0907831 0.194127 0)
(0.00820003 -0.00320801 0)
(0.0704666 0.0985942 0)
(0.00125083 -0.0141582 1.22707e-18)
(0.107845 -0.128702 -3.76656e-17)
(-0.0452487 -0.0182048 9.48376e-18)
(0.146083 -0.0693916 -1.82577e-17)
(-0.0119574 -0.059502 2.26826e-17)
(0.0740832 0.104734 -6.09273e-19)
(0.0120275 -0.079313 -3.55443e-17)
(0.171776 -0.113197 1.94789e-17)
(0.0828189 0.196065 0)
(-0.0448414 -0.0457186 0)
(0.0125727 -0.0539755 -1.39138e-17)
(0.00696821 -0.0751121 3.98106e-17)
(0.0420033 0.0115506 0)
(0.0713012 0.115579 1.17887e-17)
(0.0119804 -0.00518343 -1.01986e-17)
(0.0506369 0.0253384 2.26175e-17)
(-0.162361 0.0207623 0)
(0.0631829 -0.0173577 -2.35504e-17)
(0.000740648 0.0203324 1.00284e-17)
(0.00657592 0.00919273 9.85649e-18)
(0.013624 -0.0814364 2.10718e-17)
(0.0570258 0.132959 -1.90386e-17)
(0.0520948 0.0461047 0)
(-0.0213543 0.0366699 0)
(-0.0203723 0.0428379 0)
(0.0444024 0.0511705 1.26994e-17)
(0.00151631 -0.0671836 2.39611e-17)
(0.188477 -0.117886 -3.05693e-21)
(0.0781427 -0.0925462 1.53117e-17)
(0.0331793 -0.0705985 -1.78697e-17)
(-0.0121821 0.0476949 -1.83478e-17)
(-0.0167583 0.0460341 0)
(-0.0389222 0.00242684 0)
(0.0560272 0.0313757 0)
(-0.00175333 0.0291785 -1.10811e-17)
(-0.024972 0.0221286 1.90413e-17)
(0.0390222 -0.0177325 4.30525e-17)
(0.0491942 0.0425355 0)
(0.132481 -0.000156881 -1.81652e-17)
(-0.00947749 0.0303866 -9.47721e-18)
(0.0276249 -0.00258295 -2.10461e-17)
(0.014354 0.020103 -9.68049e-18)
(0.0367594 0.00669119 0)
(0.0362376 -0.0604764 -1.1426e-17)
(0.0600947 0.210267 1.44932e-17)
(0.00338886 -0.0590167 -1.92216e-17)
(-0.0644586 -0.0140293 2.93508e-17)
(-0.0142099 -0.004012 -2.06044e-17)
(-0.0619317 -0.0115039 -2.70459e-17)
(0.0160239 -0.0113618 0)
(-0.000614242 -0.00399396 1.08769e-17)
(0.00283167 -0.0516196 -1.13637e-17)
(0.00974771 0.12082 -1.03203e-17)
(0.074738 0.0725554 2.03877e-17)
(-0.0702117 -0.0083022 -2.52021e-17)
(0.0364861 0.005644 0)
(0.0753158 0.0801196 -1.07849e-17)
(0.00721853 -0.02196 0)
(0.0503466 0.110107 -2.06289e-17)
(0.0154263 0.00540289 -1.18389e-17)
(0.00109863 -0.0370616 -1.22226e-17)
(-0.0024323 -0.00418866 0)
(0.00654792 -0.0152156 2.71772e-18)
(-0.0003413 -0.0101175 0)
(-0.005794 0.108908 0)
(0.0309228 -0.00645128 -1.2393e-17)
(-0.0840169 -0.00976941 0)
(-0.000423252 -0.00451348 -1.13014e-17)
(0.0263288 0.0363388 0)
(0.0415212 0.111009 1.99105e-17)
(0.00594796 -0.0773694 -2.1458e-17)
(-0.0561137 0.00988288 -2.15178e-17)
(-0.0569143 0.00451038 -2.21102e-17)
(-0.000294101 -0.0105622 0)
(-0.0179928 0.0327928 0)
(0.0513732 -0.0091595 -2.84082e-17)
(0.0111188 -0.0493708 -2.40796e-17)
(-0.0204232 0.0347851 -1.17856e-17)
(0.0263891 0.0211497 1.10403e-17)
(0.00865283 -0.0695139 1.25657e-18)
(0.0383188 -0.0328555 2.08518e-17)
(0.0267485 0.0177667 1.04426e-17)
(0.0353041 -0.0296169 2.77037e-17)
(-0.00222669 0.0247728 1.00372e-17)
(0.0523426 0.263432 -4.28632e-17)
(0.0203727 -0.056315 -2.46011e-17)
(-0.0707567 -0.00560865 0)
(-0.0067007 -0.0120961 1.32678e-17)
(0.000921495 -0.00283418 -1.15681e-17)
(0.0375148 0.00293718 4.69378e-18)
(0.0388856 0.0922023 0)
(0.0112547 0.0158137 1.07452e-17)
(0.0348938 0.0757854 -2.18983e-17)
(0.0325235 0.0344606 0)
(0.0197469 0.0109507 -1.33756e-22)
(0.0129029 0.0100722 0)
(0.0205179 0.0225959 -1.37868e-18)
(0.00638224 0.0036504 -2.17828e-17)
(0.0152576 0.0140162 5.59424e-18)
(-0.0531489 0.00977326 3.55178e-17)
(-0.064568 0.00267499 -1.1113e-17)
(0.0137659 -0.0548411 -2.87092e-17)
(0.00158679 -0.0322306 -4.68267e-17)
(0.0550166 0.0729716 3.45183e-17)
(0.0805845 -0.131719 2.27806e-17)
(-0.0411588 0.0113653 -1.16458e-17)
(-0.0194411 0.0120765 2.52474e-17)
(0.00899499 0.137552 0)
(0.0484564 0.0282266 3.96412e-23)
(0.0440995 -0.0106124 1.96488e-17)
(0.0022076 -0.000909015 -1.90088e-17)
(-0.153558 0.0114793 1.7604e-17)
(0.00789889 -0.0787418 -2.70855e-17)
(0.006543 0.00498228 -9.05372e-18)
(-0.0677039 -0.00484861 -3.03894e-17)
(0.0555332 -0.141078 -1.10779e-17)
(-0.0349965 0.0192118 5.24045e-18)
(-0.00191935 -0.0219771 -9.3832e-18)
(0.038274 0.030637 0)
(0.0010065 -0.067239 0)
(-0.0249207 -0.0105233 2.92566e-17)
(0.0303313 -0.045854 5.21295e-18)
(-0.0159916 0.0317281 0)
(0.0012133 -0.0800201 0)
(0.0721031 0.073749 0)
(0.152523 -0.137691 1.20844e-17)
(-0.0507519 -0.00989278 1.23862e-17)
(-0.0234336 0.00242557 -6.64797e-18)
(-0.0275423 0.0213575 1.0377e-17)
(0.0407296 -0.0168109 0)
(-0.0135369 0.0332128 -1.84513e-17)
(-0.0564435 -0.00866435 -6.97354e-18)
(0.0436924 -0.0848088 0)
(0.00308363 0.097109 2.13316e-17)
(-0.00595198 0.0217063 -3.79644e-17)
(0.0186303 -0.0524578 2.33079e-17)
(0.0477432 0.246717 0)
(0.0284073 0.0159838 2.35331e-17)
(-0.0186006 -0.0126179 -2.19001e-17)
(-0.00322094 0.0256495 7.62863e-18)
(-0.0640961 -0.00702376 -5.368e-18)
(0.0504063 0.0400945 -2.52589e-17)
(0.0485836 0.026074 -2.96059e-17)
(0.187656 -0.054257 -2.28817e-17)
(0.00426866 -0.076202 1.1984e-17)
(0.020068 0.0076834 -2.37811e-17)
(-0.0695151 -0.0154698 3.40755e-17)
(-0.049645 -0.00418234 2.41233e-17)
(0.0265619 -0.00508959 4.78281e-18)
(0.0555717 0.0663344 0)
(0.00783819 -0.0106091 0)
(0.00300343 0.0284038 2.0922e-17)
(-0.116426 0.0546221 0)
(0.0753111 0.199625 -6.02567e-18)
(-0.00566335 -0.00773839 9.39196e-18)
(0.0184764 -0.0105536 2.59949e-17)
(0.0231957 0.0689812 1.10376e-17)
(0.0129476 -0.0788201 -1.96837e-17)
(-0.00721298 -0.00980565 -2.21394e-17)
(0.215641 -0.0593281 -4.45677e-17)
(0.0640729 0.0637793 -1.93207e-17)
(0.0543679 0.147344 1.99547e-17)
(0.0258153 -0.0159906 1.02249e-17)
(0.0679135 0.276678 3.83457e-17)
(0.0161496 0.0262137 -2.22543e-17)
(0.174197 -0.0667041 -1.12895e-17)
(0.0793369 0.115898 -1.08689e-17)
(0.00121117 -0.00943093 2.85341e-17)
(-0.0162592 -0.0423564 2.27448e-17)
(0.0648391 0.0787177 -1.047e-17)
(0.163717 -0.12496 3.09202e-18)
(0.0414055 0.0134174 0)
(0.0701402 0.213066 2.79724e-18)
(0.0288361 0.046151 1.25768e-17)
(0.00742947 0.155024 0)
(-0.013817 0.0263178 -1.18998e-17)
(-0.0601564 -0.00206969 1.12576e-17)
(0.038798 -0.0317106 -2.28831e-17)
(-0.00678833 0.0235462 -2.56315e-17)
(-0.131801 0.0480001 3.43756e-19)
(-0.0431335 0.0153737 1.72403e-17)
(-0.00442511 0.0423068 -1.04545e-17)
(0.000682704 -0.0442173 1.31047e-17)
(0.0382409 -0.0646587 2.81571e-17)
(0.00823543 -0.00974822 -6.09535e-18)
(0.0142495 0.0181154 0)
(-0.016602 0.00184512 -3.93113e-17)
(-0.0863981 -0.0108975 -4.69862e-17)
(0.0192086 0.00833409 -1.61951e-17)
(0.0112711 -0.0813856 -1.06434e-17)
(-0.00313827 0.0234302 3.7264e-17)
(0.0230868 0.236213 -1.26259e-17)
(0.162386 -0.00466965 -1.39722e-17)
(-0.0215828 0.0153327 -3.45558e-17)
(-0.00127159 -0.0229017 0)
(0.0627615 0.191478 6.03797e-18)
(-0.036264 -0.0790215 -2.10164e-17)
(0.0520551 0.19233 -1.26229e-17)
(0.0212041 0.00647811 2.44058e-17)
(0.0370921 -0.0711565 8.83075e-18)
(0.0238639 0.027038 1.18385e-17)
(0.00315101 -0.0794355 0)
(0.0115893 -0.0752428 9.93933e-18)
(0.0171228 -0.0164939 0)
(-0.032365 -0.0138037 0)
(0.00162455 -0.00433302 -1.03637e-17)
(0.0140111 -0.0772905 -1.72795e-22)
(0.0203607 -0.0250631 -1.4792e-17)
(0.0131225 0.0200251 6.36695e-18)
(0.118045 -0.145199 0)
(0.0397015 -0.0348579 2.17188e-17)
(-0.0173223 -0.00900917 2.06251e-17)
(0.00134556 -0.0114044 1.21254e-17)
(0.0162707 -0.0116358 3.25703e-17)
(0.0284419 -0.018522 1.31247e-17)
(0.00587127 0.00363788 -4.98196e-18)
(-0.0132784 -0.00388877 -1.30616e-17)
(0.0021457 -0.0099423 -3.11086e-17)
(-0.0118294 0.00739381 2.77097e-17)
(-0.0781074 -0.0140338 -1.33323e-17)
(0.0080661 -0.0328768 1.86701e-18)
(-0.0587129 -0.00853019 6.93349e-18)
(0.0191284 0.0432714 0)
(0.0594776 0.0498671 2.60396e-17)
(0.000303188 -0.0223848 0)
(0.0812517 0.0813681 1.17645e-17)
(-0.0189929 0.00551433 -3.85705e-17)
(0.0170205 0.0340104 1.35659e-17)
(-0.0385591 0.00143926 1.757e-18)
(-0.000400958 -0.0040983 0)
(0.0426735 0.0183807 2.38265e-17)
(0.12855 -0.135392 0)
(-0.0212619 -0.0172758 0)
(0.0680987 -0.109295 0)
(0.00182629 -0.0219315 2.27779e-17)
(0.145809 -0.121457 -2.91344e-17)
(0.034756 0.188848 6.92322e-18)
(0.00158011 -0.0254854 -3.12768e-17)
(0.0162957 -0.132 1.33004e-17)
(0.029197 -0.0424251 -2.60598e-17)
(0.0156938 0.000762701 -2.57635e-17)
(0.0400155 0.0609615 -1.4954e-17)
(0.034309 -0.110931 -2.57159e-17)
(-0.0652732 -0.0163926 0)
(0.00770337 -0.0760506 -2.95169e-17)
(-0.0674574 -0.0106739 -1.31185e-22)
(0.0357991 -0.0599165 -7.51493e-23)
(0.00669795 -0.0802792 0)
(-0.0678081 -0.0165412 -7.97967e-18)
(0.00741419 -0.0808803 -3.86606e-17)
(0.0419175 0.0563576 0)
(0.0379293 -0.0736588 1.81123e-17)
)
;

boundaryField
{
    back
    {
        type            empty;
    }
    front
    {
        type            empty;
    }
    top
    {
        type            codedFixedValue;
        value           nonuniform List<vector> 
15
(
(0 -0.0785778 0)
(0 -0.0743111 0)
(0 -0.0572444 0)
(0 -0.0444444 0)
(0 -0.0572444 0)
(0 -0.0288 0)
(0 -0.0288 0)
(0 -0.0743111 0)
(0 -0.0785778 0)
(0 -0.0672 0)
(0 -0.0103111 0)
(0 -0.0103111 0)
(0 -0.0672 0)
(0 -0.08 0)
(0 -0.0444444 0)
)
;
        name            ParabolicTimeDependentU_max;
        code            #{
		const vectorField& Cf = patch().Cf();
		vectorField& field = *this;

		const scalar r = 18.0*1e-3;
		const scalar Umax = 0.4;
		const scalar Umin = 0.02;

		scalar 	Uvar = 0.08;
		scalar 	t = this->db().time().value();
		scalar	tau = fmod(t,1);
		
		if (tau > 0 && tau <= 0.35)
		{
			Uvar = 0.08+Umax*(1-(pow(tau-0.175,2)/(0.175*0.175)));
		}
		if (tau > 0.35 && tau <= 0.6)
		{
			Uvar = 0.08+Umin*(-1+(pow(tau-0.475,2)/(0.125*0.125)));
		}
		if (tau > 0.6 && tau <= 1)
		{
			Uvar = 0.08;
		}
		
		forAll(Cf, faceI)
		{
			const scalar x = Cf[faceI][0];
			const scalar y = Cf[faceI][1];
			field[faceI] = vector(0, Uvar*(-1+(pow(x+(0.02+r),2))/(r*r)), 0);
		}
	#};
    }
    outer_arc
    {
        type            noSlip;
    }
    bottom
    {
        type            zeroGradient;
    }
    inner_arc
    {
        type            noSlip;
    }
}


// ************************************************************************* //
