/*--------------------------------*- C++ -*----------------------------------*\
  =========                 |
  \\      /  F ield         | OpenFOAM: The Open Source CFD Toolbox
   \\    /   O peration     | Website:  https://openfoam.org
    \\  /    A nd           | Version:  9
     \\/     M anipulation  |
\*---------------------------------------------------------------------------*/
FoamFile
{
    format      ascii;
    class       surfaceScalarField;
    location    "0.76";
    object      phi;
}
// * * * * * * * * * * * * * * * * * * * * * * * * * * * * * * * * * * * * * //

dimensions      [0 3 -1 0 0 0 0];

internalField   nonuniform List<scalar> 
1363
(
-5.09621e-07
3.38665e-07
1.70956e-07
2.07089e-07
-1.13777e-07
-9.33124e-08
7.77337e-07
-5.68584e-07
-2.08752e-07
-1.56214e-07
4.64897e-07
-3.08683e-07
6.88671e-07
8.86653e-08
5.13518e-07
7.52186e-08
-5.88736e-07
-9.47222e-08
9.47222e-08
7.42964e-07
-2.29447e-07
-2.9399e-07
3.02975e-07
-8.98486e-09
1.50487e-08
-3.09039e-07
-4.24016e-07
4.11433e-07
1.25831e-08
8.86025e-07
-8.60542e-07
-2.54836e-08
3.4009e-07
-4.96304e-07
-4.60552e-07
4.54553e-07
5.99991e-09
5.66561e-07
3.19464e-07
1.39305e-07
6.77843e-08
7.16114e-08
-2.38637e-07
1.67025e-07
-2.54871e-07
-2.5475e-07
2.3707e-07
6.89505e-09
-2.43965e-07
-1.0074e-07
1.0074e-07
5.40051e-08
1.76062e-08
5.25307e-08
-9.13072e-07
-1.96698e-07
9.02286e-09
1.87676e-07
-7.27858e-08
2.43476e-07
-1.7069e-07
-1.72655e-07
-2.5136e-07
2.40607e-07
-3.13392e-07
7.69185e-07
-7.18725e-07
-5.046e-08
-2.31657e-07
3.49581e-08
-2.16048e-07
3.96729e-07
-1.80682e-07
-1.21868e-08
-3.59017e-07
3.71204e-07
-2.76906e-07
1.39489e-07
1.37418e-07
1.18302e-08
7.57355e-07
1.14946e-07
-3.30994e-07
1.23321e-08
-3.2362e-07
3.11288e-07
7.1108e-07
-6.32379e-07
-7.8701e-08
-1.45983e-07
2.34709e-07
-8.87251e-08
-4.34506e-07
-3.35167e-08
4.68023e-07
3.01499e-07
-1.32466e-07
-1.69033e-07
-2.70379e-07
-1.64127e-07
8.05605e-08
1.62915e-07
6.46353e-07
-3.18729e-07
-3.27625e-07
3.33501e-07
-8.02342e-07
4.68841e-07
1.80157e-08
6.25448e-08
-4.61137e-08
-4.86085e-08
4.69571e-08
4.77651e-08
3.14939e-07
-4.29255e-08
-2.72013e-07
-1.69654e-07
-9.96229e-10
1.7065e-07
1.66707e-07
-1.54375e-07
8.08833e-08
5.6547e-07
-1.61457e-07
-2.99095e-07
2.10076e-07
2.69939e-08
1.02147e-07
-9.3124e-08
-4.57694e-08
-1.00214e-07
2.74196e-07
-1.38323e-07
-1.35873e-07
4.11335e-07
-3.96286e-07
-3.15842e-07
-2.49413e-07
5.65255e-07
3.91511e-08
-3.91511e-08
2.70946e-10
4.11064e-07
-1.13379e-07
1.5253e-07
-7.00259e-08
7.47184e-07
-6.77158e-07
-2.07358e-07
1.95171e-07
7.80917e-07
-6.92769e-07
-8.81483e-08
-1.31426e-07
-1.92194e-07
-6.77722e-08
4.06437e-07
1.97011e-07
1.04488e-07
-1.76695e-07
5.05027e-08
1.26192e-07
6.21917e-08
8.39563e-08
-1.15702e-07
3.17453e-08
4.38122e-07
-7.53964e-07
2.7284e-07
-1.87933e-07
-8.49068e-08
-9.3191e-08
-2.05858e-08
-2.22376e-07
2.08753e-07
1.3623e-08
-3.24835e-07
3.24835e-07
-2.65927e-08
-3.32424e-07
1.75438e-07
9.87571e-08
-9.41805e-08
-6.55962e-09
1.41853e-07
-4.11132e-08
1.83111e-08
-2.05292e-07
-7.16144e-08
1.44469e-07
-5.16379e-09
-5.68382e-08
1.54221e-07
-9.73833e-08
3.80095e-07
-3.53377e-07
1.80905e-08
3.35286e-07
-3.2226e-08
1.7241e-07
-1.21907e-07
-9.19673e-07
8.86674e-07
3.2999e-08
3.82582e-07
-4.52607e-07
1.8297e-07
2.45709e-07
-4.28679e-07
1.30178e-07
3.24375e-07
-1.71828e-07
-1.81549e-07
4.71106e-07
-1.37605e-07
2.99066e-07
-3.74757e-08
-2.6159e-07
-4.16954e-07
4.17225e-07
9.78477e-08
-3.47261e-07
4.85881e-07
7.93738e-08
-1.74984e-07
2.59364e-07
-8.43808e-08
-7.46602e-07
-5.57404e-08
-8.02981e-08
2.63268e-07
-2.38017e-07
1.81179e-07
-1.03471e-08
2.16469e-07
-1.53453e-08
-2.01124e-07
3.9339e-08
-4.56293e-07
4.04218e-08
2.26726e-07
3.47576e-07
1.38305e-07
3.06574e-08
1.64514e-07
4.82295e-08
2.66709e-07
-1.55654e-08
3.58391e-07
-3.42826e-07
9.73432e-08
-1.33869e-08
7.02064e-09
-1.22722e-07
-2.80916e-07
7.19038e-07
-9.66296e-08
-6.57335e-07
4.14327e-07
-9.32563e-08
-1.2912e-07
1.15192e-07
2.9624e-07
2.99066e-07
-2.17074e-07
-4.95375e-07
7.12449e-07
3.86581e-07
7.83152e-08
-7.28137e-08
6.24666e-08
8.28881e-07
-8.98695e-07
6.98138e-08
-6.24666e-08
9.3124e-08
-1.92705e-07
-3.0403e-07
4.96735e-07
1.80157e-08
-2.57051e-07
2.92609e-07
-1.89737e-07
-1.55548e-08
1.02147e-07
1.77491e-07
-6.25448e-08
-1.77491e-07
1.54483e-07
2.30079e-08
-4.57694e-08
-4.39221e-08
5.08172e-08
4.39221e-08
-9.59924e-08
5.20703e-08
-5.08172e-08
4.98209e-08
-1.54185e-07
3.20892e-07
1.54185e-07
-5.68416e-08
9.59924e-08
-1.38918e-07
3.498e-07
-6.30716e-07
-4.98209e-08
5.68416e-08
-7.27345e-07
6.30716e-07
7.27345e-07
-6.46462e-07
-3.20892e-07
6.46462e-07
-3.2557e-07
1.38918e-07
-1.54483e-07
1.97253e-07
5.04451e-08
-2.40182e-07
6.43018e-07
9.9946e-08
-1.68079e-07
2.50224e-08
-2.12956e-07
6.56938e-08
1.43059e-07
4.0009e-07
-3.37735e-07
-6.23547e-08
-2.86763e-07
-6.32911e-07
-4.10144e-08
6.84033e-07
7.57563e-07
-8.22573e-07
6.50099e-08
5.68533e-07
-6.06009e-07
-1.67881e-07
2.06705e-07
-3.88237e-08
-6.81793e-07
4.94145e-08
-9.28421e-09
-2.61095e-07
2.29733e-07
-5.73228e-08
-8.15234e-09
6.12677e-08
-5.31154e-08
2.51809e-07
-2.69164e-07
-6.44255e-09
2.36175e-07
2.35136e-07
-2.4442e-07
-4.87232e-07
1.78549e-07
8.58641e-07
-8.21667e-08
-7.76474e-07
8.43652e-07
-8.60887e-08
1.18012e-08
-4.48534e-07
4.36733e-07
9.88661e-08
1.17603e-07
3.28541e-07
-1.01814e-07
8.63775e-08
4.79277e-08
-1.67762e-07
-9.18649e-08
5.26333e-07
-6.71428e-08
1.48949e-07
7.37725e-07
-3.80389e-07
2.95102e-07
8.52872e-08
4.1387e-08
2.17977e-07
-1.42522e-07
-2.37867e-07
-4.22254e-08
1.40073e-07
-4.35108e-07
3.25012e-07
1.10095e-07
-1.86355e-07
1.84744e-08
2.54709e-07
1.42021e-07
3.66573e-07
-1.40005e-07
-2.81464e-07
2.12016e-07
-5.81912e-07
3.6858e-07
2.13331e-07
-4.1071e-07
6.01591e-08
3.5055e-07
6.24361e-07
-9.11124e-07
4.47228e-07
-1.22216e-07
8.80981e-07
-7.51517e-07
-1.29463e-07
3.42848e-07
1.0438e-07
-3.03432e-07
2.36289e-07
-7.03764e-08
2.07794e-07
-6.22399e-08
-3.4847e-07
5.19972e-07
-1.79882e-07
4.07338e-07
-3.81218e-07
-2.61205e-08
1.42822e-08
-3.33011e-07
-2.2764e-08
2.2764e-08
-7.28137e-08
2.03523e-07
3.16449e-07
-5.52565e-08
-6.9833e-09
-1.52259e-07
2.45181e-07
-4.39125e-07
6.05707e-07
-6.3844e-07
6.98599e-07
-4.74836e-09
5.88687e-08
-2.45362e-07
4.48885e-07
-2.09719e-07
4.12843e-07
-2.03125e-07
-9.14281e-07
8.26133e-07
-4.81143e-09
-2.05953e-07
4.94238e-07
-2.88286e-07
-2.77834e-07
9.02195e-07
8.9553e-07
-5.60477e-07
-3.35053e-07
-4.58552e-07
7.7334e-08
-4.35006e-07
-2.35458e-08
-3.45683e-07
4.82717e-07
-1.37034e-07
3.13399e-07
-5.19352e-07
-1.00009e-07
4.42857e-07
4.67734e-07
-2.5484e-07
-2.12894e-07
7.48907e-08
-7.48907e-08
4.40813e-07
-4.40813e-07
-9.96046e-08
-8.14677e-07
-3.65288e-07
4.64965e-07
-9.9677e-08
1.96469e-07
8.99962e-08
-2.86465e-07
-1.43591e-07
3.55608e-07
-6.91089e-07
5.26493e-08
3.66792e-07
-3.66792e-07
-4.74139e-08
4.74139e-08
1.48555e-07
1.9992e-07
-4.45281e-07
6.61586e-07
2.33944e-07
1.17429e-07
1.26092e-07
-5.60815e-07
1.25809e-07
-4.70819e-07
1.3859e-07
1.8995e-07
-9.05933e-08
-3.76576e-07
4.6717e-07
3.17377e-07
-2.3209e-07
-2.65433e-07
3.75528e-07
-3.0932e-08
-3.74372e-07
-6.89326e-08
4.43304e-07
1.79448e-07
1.02546e-07
7.81376e-07
-3.08054e-08
-4.0832e-07
1.53619e-07
-9.05136e-07
-2.90621e-07
3.95001e-07
1.94045e-07
-4.76586e-07
7.64276e-08
3.6643e-07
-5.63835e-07
-3.68787e-07
9.32623e-07
5.1944e-08
-4.84356e-07
3.47322e-07
3.87089e-07
-9.50924e-07
-8.93378e-07
-2.93187e-07
3.69615e-07
-4.02614e-07
3.33682e-07
5.21043e-08
3.86489e-07
-4.38593e-07
6.42025e-08
3.586e-07
8.4704e-08
5.43639e-07
-1.85039e-07
-8.40932e-07
8.64566e-07
-2.3634e-08
-3.5843e-07
-8.08645e-08
9.06998e-07
-6.3222e-07
-4.71529e-07
8.58618e-07
-5.03004e-07
1.34839e-07
3.68165e-07
-7.72121e-07
6.42657e-07
1.9328e-09
1.00214e-07
-5.94638e-08
2.94172e-07
1.91324e-07
-1.89392e-07
-3.26325e-07
-1.76679e-07
5.08057e-07
-2.92415e-07
-2.15642e-07
-6.96074e-07
9.47882e-07
-7.11174e-08
4.09563e-07
-3.38445e-07
-4.6048e-07
3.89362e-07
3.19926e-07
4.96884e-08
3.72031e-07
3.45098e-07
1.62959e-07
3.53332e-07
-7.11762e-07
-8.75155e-07
4.03627e-07
6.38783e-07
2.78846e-08
-6.66668e-07
-2.54374e-07
3.89213e-07
6.90904e-08
5.88638e-08
-1.27954e-07
8.90719e-07
-9.05101e-07
1.43821e-08
1.94646e-07
-1.29624e-08
-8.92139e-07
3.8018e-07
5.67703e-07
4.20137e-07
3.888e-07
-8.08938e-07
8.32378e-08
-8.06436e-07
-4.90566e-07
1.297e-06
-6.67069e-07
-3.40897e-07
1.00797e-06
-2.3849e-07
6.58628e-07
3.95006e-07
7.21633e-08
-5.25089e-07
2.39439e-07
2.8565e-07
1.80638e-07
-1.80638e-07
-6.55962e-09
-2.6159e-07
-4.86085e-08
-7.99071e-08
7.99071e-08
-4.36424e-07
4.36424e-07
-2.57051e-07
1.0065e-06
-2.76438e-07
-7.30062e-07
-1.30255e-07
1.30255e-07
-8.61953e-08
8.61953e-08
-1.13379e-07
4.80521e-08
-4.80521e-08
-3.00834e-07
3.00834e-07
1.41853e-07
1.66094e-07
-1.66094e-07
4.69571e-08
2.92609e-07
-1.71873e-07
5.25205e-07
3.83894e-07
5.18365e-07
-9.02259e-07
9.71941e-08
-9.71941e-08
9.03404e-07
-2.6462e-07
-4.33566e-07
9.02407e-07
2.71977e-07
-2.71977e-07
-3.2704e-07
3.46254e-08
6.77124e-07
-3.91344e-07
-2.8578e-07
3.44243e-07
-9.91261e-07
6.47018e-07
-1.28321e-06
4.76778e-07
-5.37314e-07
8.81557e-07
-2.41391e-07
-8.56487e-08
-8.16903e-07
1.49834e-07
-2.13327e-08
1.83448e-07
-1.62116e-07
4.77577e-08
-3.498e-07
1.42302e-07
-3.80793e-07
-2.0409e-07
-3.11974e-07
5.16064e-07
-5.39834e-08
1.93633e-07
-2.54269e-07
6.06354e-08
-6.03904e-07
9.84084e-07
9.34892e-08
-5.29883e-07
1.00438e-06
-4.745e-07
5.72935e-07
-7.39911e-08
9.12914e-07
-7.18269e-07
8.12212e-07
-8.25174e-07
6.26965e-07
6.96843e-07
-9.79729e-07
2.82886e-07
1.11966e-07
7.14819e-08
-6.73414e-07
1.361e-07
-5.56646e-07
9.45446e-07
4.12504e-07
-1.64855e-07
-6.59582e-07
8.24436e-07
5.40185e-07
-7.44275e-07
6.76277e-07
-1.16684e-06
5.89144e-07
4.19117e-07
-1.00826e-06
1.90755e-07
3.74418e-07
-5.65173e-07
1.52295e-07
8.53201e-07
-1.1941e-06
-5.58862e-07
2.87675e-07
2.71187e-07
7.72025e-07
-1.16042e-06
3.88397e-07
7.91894e-07
-5.52455e-07
-4.58863e-07
1.46889e-07
6.57008e-07
6.86839e-07
2.15568e-07
-4.93773e-07
5.54408e-07
3.0901e-07
4.54201e-07
5.58015e-07
-4.05719e-07
9.3943e-08
-1.28331e-07
-4.30014e-07
9.01023e-07
-7.10268e-07
4.47737e-07
-3.03452e-07
6.5211e-07
-2.24553e-07
-2.45436e-07
4.69989e-07
1.60414e-07
8.45898e-07
-1.00631e-06
1.15982e-06
-3.87799e-07
1.08659e-06
-5.13656e-07
-1.84444e-07
-5.71279e-07
-2.50094e-08
-5.92233e-07
5.06585e-07
-1.02599e-07
2.85865e-07
6.32856e-07
8.84046e-07
-5.96371e-07
-6.86322e-07
1.10544e-06
-7.88331e-07
-3.78512e-07
-9.5667e-07
-2.37428e-07
3.72273e-07
1.85742e-07
7.84776e-07
-9.42865e-07
-9.56855e-09
9.52434e-07
-7.09926e-07
4.94283e-07
-7.27297e-07
-8.36329e-07
-1.71931e-07
-8.98967e-07
3.46512e-07
8.12525e-07
-5.04289e-07
-4.86973e-07
-9.81679e-07
-1.21834e-06
-3.78249e-08
4.31684e-07
8.04165e-07
-2.98631e-07
-5.05534e-07
2.4842e-08
-2.49395e-07
1.40013e-07
-3.24457e-07
5.00713e-07
5.44067e-07
-2.7288e-07
5.94575e-08
6.48281e-07
-7.07738e-07
-5.64447e-07
6.5839e-07
-3.59294e-07
-2.66111e-07
1.21235e-06
-4.47003e-07
9.01204e-07
1.86485e-07
2.83504e-07
5.75104e-07
7.08702e-08
7.53566e-07
-7.935e-07
-2.32008e-08
8.16701e-07
1.01794e-06
-3.9098e-07
8.90184e-07
-6.0432e-07
-6.2508e-07
6.90284e-07
-6.52034e-08
4.91141e-07
-7.2263e-07
-2.03341e-07
7.15741e-07
5.00584e-08
-1.43371e-07
3.93797e-07
-6.87198e-07
5.58867e-07
-4.76883e-07
7.85892e-07
1.74926e-07
1.67554e-07
-6.61747e-07
4.12234e-07
2.49514e-07
-3.05249e-07
-5.57959e-09
-5.78178e-07
9.35134e-07
-3.56956e-07
1.81507e-07
-3.38889e-07
-2.51876e-07
5.90765e-07
-9.13692e-07
-3.04653e-07
8.20778e-07
-3.26494e-07
-4.91261e-07
1.06415e-06
-7.1764e-07
-3.39907e-07
-4.04367e-07
-1.15112e-06
-3.16649e-07
4.7971e-07
5.04128e-07
-4.9649e-07
9.44227e-07
-9.04672e-07
8.24732e-08
6.36329e-07
-8.3967e-07
4.04714e-07
4.08427e-07
5.26707e-07
-5.03483e-07
9.27872e-07
-4.24389e-07
1.23929e-07
6.92772e-07
-8.60439e-07
-4.32559e-07
-2.68343e-07
2.98141e-07
7.92221e-07
-3.98425e-07
1.65477e-07
5.24807e-07
9.12556e-07
-4.86879e-07
-4.41762e-07
9.28641e-07
-2.95816e-07
-1.63046e-07
-8.66862e-07
4.98074e-07
7.00184e-07
-2.9547e-07
-2.10056e-07
2.60114e-07
2.23532e-07
-5.52834e-07
3.29302e-07
-7.51493e-08
-6.82215e-08
1.29483e-06
4.16572e-07
4.95983e-07
-4.40991e-07
-4.61268e-07
8.28806e-07
3.92944e-07
5.34928e-07
-9.5615e-07
5.15159e-07
-9.48147e-07
-4.61931e-07
3.61794e-07
-1.38262e-07
-1.43707e-07
-2.80424e-07
-4.52164e-07
-3.55573e-07
3.61153e-07
-7.76488e-08
-8.58249e-07
5.89906e-07
-3.7078e-07
-4.96082e-07
2.95295e-07
-2.70533e-07
-6.46311e-07
3.87044e-07
-2.86234e-07
7.84309e-07
3.05618e-08
3.36407e-08
-4.67487e-07
-4.88663e-07
-7.39759e-07
9.03857e-08
3.16052e-07
9.19651e-07
-3.03321e-07
3.35854e-08
2.4066e-07
1.21134e-07
-2.55903e-07
7.16346e-07
4.40822e-07
-2.99992e-07
-1.40831e-07
1.84919e-07
3.45566e-07
-2.0466e-07
8.39276e-07
-6.34616e-07
5.86226e-07
8.69147e-07
-8.7771e-08
-6.7548e-07
7.88356e-07
-2.63549e-07
7.88283e-07
5.17823e-07
5.97569e-07
-3.59157e-07
4.9056e-07
2.93748e-07
-7.12171e-07
-1.92965e-07
6.98481e-08
-3.62074e-08
1.77038e-07
-5.59035e-08
2.44774e-07
-9.18288e-07
2.06117e-07
1.96611e-07
2.16233e-07
4.72823e-07
-2.93374e-07
7.19991e-07
-2.56702e-07
-8.91318e-07
8.53019e-07
-6.46902e-07
-1.1326e-07
-3.38605e-07
3.6782e-07
-2.92155e-08
-6.93729e-07
-6.59193e-08
2.08697e-07
2.28103e-07
-4.81373e-07
-3.32817e-07
5.05718e-09
-3.35649e-07
3.96531e-07
-3.99026e-07
2.65246e-07
2.09954e-07
1.82063e-08
2.93315e-08
9.1592e-08
1.28196e-07
1.71253e-07
1.88747e-07
2.06887e-07
1.53463e-07
-4.98055e-07
4.54162e-07
4.38924e-08
-7.64652e-07
-2.62801e-07
4.35897e-07
-2.41852e-07
1.3072e-07
1.1408e-07
1.79403e-07
4.40277e-08
-7.63184e-07
-3.60152e-07
1.36628e-07
1.08172e-07
-1.32309e-07
7.64055e-08
1.54679e-07
1.12465e-07
-3.17442e-07
2.47388e-08
2.92663e-08
-8.30571e-07
1.20923e-07
3.35083e-07
-3.33966e-07
-1.64088e-07
1.51034e-07
-1.1967e-06
2.98007e-07
-7.33853e-08
4.37707e-07
3.01973e-07
3.32866e-07
-1.22275e-07
-1.02598e-06
-1.37272e-07
-8.77036e-07
1.30014e-07
-3.30171e-08
-1.05306e-07
2.14164e-08
-1.53882e-07
-2.27936e-07
-1.0034e-07
6.11889e-08
7.40921e-08
-1.96368e-07
-4.35377e-07
-3.3803e-07
-6.45837e-08
1.46088e-07
-1.93295e-07
1.00104e-07
-3.28947e-07
-3.90672e-07
1.52804e-07
2.77716e-07
-6.89853e-08
-9.84758e-08
1.67461e-07
-2.35861e-08
-6.20369e-07
3.2979e-08
-2.44325e-07
-6.68747e-07
-5.78291e-07
-2.35861e-08
-2.35993e-07
8.54469e-08
-6.07081e-08
2.8035e-07
-1.87589e-07
3.65295e-07
3.47155e-07
6.68192e-08
-3.62114e-07
1.99068e-07
8.56538e-07
-6.51091e-08
-4.03561e-07
2.14982e-07
1.88579e-07
-1.72411e-07
-2.21986e-07
-2.14814e-07
-4.56965e-07
-1.61012e-07
-5.70919e-07
4.39493e-07
9.9458e-07
7.85802e-07
-7.57918e-07
4.87038e-07
-4.62243e-08
-2.16617e-07
-4.28983e-07
6.27591e-08
1.21315e-08
4.28983e-07
-6.27591e-08
2.37343e-07
4.87038e-07
2.07939e-07
-3.64046e-07
5.1388e-07
7.89079e-07
-5.55135e-07
1.82242e-07
-1.00339e-07
-2.9916e-08
9.43393e-08
2.85477e-09
-6.18166e-08
3.48274e-08
-2.02518e-07
-5.90722e-08
-1.00339e-07
8.4611e-08
-4.70385e-09
-4.47142e-07
1.07176e-08
1.42056e-07
-6.54315e-08
-2.07638e-08
6.18166e-08
-1.37645e-08
-3.48274e-08
-1.32248e-08
2.02518e-07
-3.64242e-08
-1.42056e-07
-2.40374e-08
6.54315e-08
-8.4611e-08
9.43393e-08
-4.47142e-07
-7.52759e-07
-6.50121e-07
-2.85635e-08
-4.02244e-07
7.00385e-07
1.89377e-07
-2.54486e-07
1.3294e-07
3.47196e-07
1.42176e-07
8.32904e-07
-5.97045e-07
4.79767e-08
-4.63833e-07
3.47196e-07
1.11095e-07
-2.74054e-07
1.99903e-07
-1.47833e-07
7.7151e-07
3.83001e-07
5.34233e-08
-3.83001e-07
-1.85941e-07
2.27352e-07
-4.14113e-08
-7.19924e-07
-4.40615e-08
1.50372e-07
-3.59125e-07
3.93531e-07
9.14857e-07
-4.40357e-07
-4.67904e-07
4.02701e-07
4.37271e-07
-1.51532e-07
3.4848e-07
-2.18526e-08
-2.16164e-07
3.64426e-07
2.15255e-07
-5.20037e-07
5.20037e-07
-3.49166e-07
-2.76227e-07
-2.83965e-07
3.4848e-07
2.51671e-07
-6.62776e-07
2.81926e-07
-1.54076e-07
-2.94459e-07
2.86101e-07
-1.32202e-08
5.44243e-07
-8.27129e-07
-1.70702e-07
1.70702e-07
-5.28155e-08
-2.2819e-07
-5.13973e-08
5.13973e-08
-1.02531e-08
1.02531e-08
-2.4701e-07
3.98027e-08
6.12778e-08
-3.47954e-07
5.79772e-07
-2.31818e-07
4.67261e-07
-4.67261e-07
1.54221e-07
1.44884e-07
2.91849e-07
6.12677e-08
-6.79135e-07
2.41214e-07
-2.32371e-08
2.2799e-07
-4.30349e-07
-6.45337e-07
2.78936e-08
1.95202e-08
-1.55191e-07
-4.59332e-08
-1.39765e-07
1.19179e-07
-3.98157e-09
-1.35783e-07
-8.05412e-07
-2.51594e-08
-3.94076e-07
-1.9466e-07
-5.48511e-07
1.46267e-07
-1.0034e-07
7.92218e-08
2.56064e-07
7.82204e-08
-1.46257e-07
-1.36746e-07
1.36746e-07
1.31237e-07
2.57976e-07
-5.22905e-07
-9.73833e-08
-1.37872e-07
1.37872e-07
-7.16746e-07
8.9317e-08
6.53061e-08
5.56174e-08
-7.83955e-08
-6.30496e-07
4.13754e-07
2.16742e-07
-3.59628e-07
1.29438e-07
2.3019e-07
-5.31154e-08
-4.84425e-07
1.6707e-07
-1.01764e-07
-2.12967e-07
-4.68307e-08
4.68307e-08
1.96993e-07
2.01525e-08
-6.23779e-08
-2.95998e-07
-4.6192e-07
-2.359e-08
8.73005e-08
4.43693e-08
-1.62634e-07
-2.88042e-07
-3.42454e-07
-2.06177e-07
2.18087e-07
1.82017e-08
-4.30753e-09
-1.56704e-07
-1.10745e-07
1.72449e-07
-3.2152e-07
9.35836e-08
-2.78936e-08
6.9475e-07
-1.17756e-07
2.53045e-07
1.36998e-07
5.57753e-07
6.90909e-09
2.46136e-07
5.99579e-07
3.34253e-07
2.78378e-07
1.40773e-07
1.80876e-07
1.54841e-08
-2.76579e-07
2.6967e-07
3.12416e-07
-1.02804e-07
1.10338e-07
-1.17321e-07
-3.26761e-08
2.344e-07
-2.00815e-07
7.36577e-07
1.1188e-08
-6.95024e-07
8.57408e-09
1.92989e-07
1.37123e-07
-2.11878e-07
2.90193e-07
1.45251e-07
-2.39639e-07
-1.71605e-09
4.14079e-07
-2.67812e-07
3.77654e-07
1.71426e-07
1.52541e-07
-1.17852e-07
2.70045e-09
-7.90501e-07
1.9581e-08
-1.91578e-07
1.65298e-07
5.27758e-08
2.28066e-07
6.11176e-07
-1.95314e-07
1.18877e-07
-1.81652e-07
2.75236e-07
6.28468e-09
-6.2281e-09
)
;

boundaryField
{
    back
    {
        type            empty;
        value           nonuniform List<scalar> 0();
    }
    front
    {
        type            empty;
        value           nonuniform List<scalar> 0();
    }
    top
    {
        type            calculated;
        value           nonuniform List<scalar> 10(-4.368e-07 -4.752e-07 -3.6e-07 -2.448e-07 -2.448e-07 -3.6e-07 -4.368e-07 -9.12e-08 -9.12e-08 -4.752e-07);
    }
    outer_arc
    {
        type            calculated;
        value           uniform 0;
    }
    bottom
    {
        type            calculated;
        value           nonuniform List<scalar> 10(7.59648e-07 3.30591e-07 -4.75378e-08 -2.19788e-07 -3.60351e-07 1.02745e-06 -2.2343e-07 1.12334e-06 -7.15309e-08 8.9761e-07);
    }
    inner_arc
    {
        type            calculated;
        value           uniform 0;
    }
}


// ************************************************************************* //
