/*--------------------------------*- C++ -*----------------------------------*\
  =========                 |
  \\      /  F ield         | OpenFOAM: The Open Source CFD Toolbox
   \\    /   O peration     | Website:  https://openfoam.org
    \\  /    A nd           | Version:  9
     \\/     M anipulation  |
\*---------------------------------------------------------------------------*/
FoamFile
{
    format      ascii;
    class       volVectorField;
    location    "1.31";
    object      U;
}
// * * * * * * * * * * * * * * * * * * * * * * * * * * * * * * * * * * * * * //

dimensions      [0 1 -1 0 0 0 0];

internalField   nonuniform List<vector> 
942
(
(0.0494752 -0.242101 0)
(0.169283 0.0147982 3.42026e-17)
(0.111071 0.241984 0)
(0.0178634 -0.248536 -1.79018e-17)
(0.107668 0.248377 1.08751e-17)
(0.0850185 -0.0734832 1.91209e-17)
(0.0165811 0.00392227 5.05489e-17)
(0.11543 -0.089906 0)
(0.0308007 -0.150603 -3.93427e-17)
(0.0291605 -0.164594 4.01009e-17)
(0.11552 0.0851021 0)
(0.191649 -0.0686976 0)
(0.0209048 -0.249383 1.67019e-17)
(0.105652 0.0966439 0)
(0.212624 -0.07147 0)
(0.141933 0.00808181 -3.7202e-17)
(0.119202 0.11651 -1.4728e-17)
(0.0358647 -0.237426 0)
(0.0324077 0.028402 -4.42951e-18)
(0.0348721 0.00735711 6.77857e-18)
(0.14796 0.141647 2.49707e-17)
(0.204475 -0.0786291 2.00132e-17)
(-0.00308431 -0.0275432 0)
(0.0509396 0.0496489 -4.02611e-17)
(0.134336 0.0944602 0)
(0.0846515 0.106586 3.00421e-17)
(0.078944 0.206301 0)
(0.00882701 -0.0789885 2.53249e-17)
(0.0667266 0.0819744 0)
(0.0101931 -0.163415 1.58928e-17)
(0.109722 0.16895 2.01325e-17)
(0.068716 0.199044 0)
(0.040889 0.0483092 1.91593e-17)
(0.01405 0.00761793 2.25005e-17)
(0.0883947 0.179154 -2.198e-17)
(-0.02169 -0.00897104 4.1969e-17)
(0.134667 -0.193099 1.39022e-18)
(-0.0153293 -0.123108 0)
(0.128059 -0.200253 -7.09641e-19)
(0.0308047 0.0209458 2.87325e-17)
(0.049784 -0.00655365 -4.01188e-17)
(0.235783 -0.161286 0)
(-0.0155686 -0.0644485 -1.98021e-17)
(0.0143058 -0.0199551 -1.68452e-17)
(0.00510907 -0.00274656 -4.26011e-17)
(0.0370579 0.0383433 9.67223e-18)
(0.0197902 0.0113967 -1.96219e-17)
(-0.0118271 0.00950846 -1.85289e-17)
(-0.0264491 0.00595028 2.0672e-17)
(0.125098 0.109321 2.40111e-17)
(0.0486652 0.0308032 0)
(-0.0566955 0.0685222 0)
(-0.0933879 0.0846529 -2.8082e-17)
(0.040634 0.0045508 2.28226e-17)
(0.0267722 -0.200303 0)
(0.0806632 -0.0493449 -1.4977e-17)
(0.021108 0.000502132 -3.80194e-17)
(0.0285577 -0.214113 -2.67439e-18)
(0.0498847 -0.0065275 4.87126e-17)
(0.19135 0.0258601 2.09433e-17)
(-0.0016679 -0.0989217 -1.98546e-17)
(0.0832139 0.190325 -5.17176e-17)
(0.0820434 -0.00747016 2.40566e-17)
(0.0469213 -0.220332 -1.92923e-17)
(-0.0119493 -0.127656 1.83976e-17)
(0.160435 -0.00782533 1.42483e-17)
(0.073248 0.183405 4.04454e-17)
(0.0394471 0.0188987 -1.85685e-17)
(0.0150746 -0.0084169 1.91131e-17)
(0.0609437 -0.126614 5.18304e-18)
(0.15635 0.0189323 0)
(0.0267523 -0.0886091 0)
(0.0249148 0.0005054 -2.48787e-18)
(0.0112488 -0.190809 4.76477e-18)
(0.0496963 0.0370542 -2.16489e-17)
(0.0692991 0.0239197 8.54296e-22)
(0.0696583 0.0157009 2.49757e-18)
(0.0775976 0.169212 2.23364e-17)
(0.112505 0.182041 -2.40714e-17)
(0.172444 0.00334246 -4.87372e-18)
(0.00788716 -0.0123806 2.9046e-17)
(0.0940528 0.13602 -1.04496e-17)
(0.119067 0.0689194 -2.63358e-18)
(0.137353 -0.00418766 1.07268e-17)
(0.1182 -0.00845304 0)
(0.0605997 0.232639 0)
(0.13433 0.0244722 -2.2016e-17)
(0.140865 -0.0405376 6.0403e-18)
(0.118515 0.112861 0)
(0.137223 0.0757575 3.0057e-17)
(0.240452 -0.148136 -1.50774e-17)
(0.0497465 0.0899876 7.00042e-19)
(0.0236732 -0.230689 3.0056e-18)
(0.124151 -0.0584255 0)
(0.110686 -0.0742791 -5.90238e-18)
(0.157323 0.0549992 1.08994e-17)
(0.213437 -0.161149 1.85823e-17)
(0.111425 -0.0339325 -1.75775e-17)
(0.0592202 -0.0633754 -2.60493e-17)
(-0.0133069 -0.076453 -3.70715e-17)
(0.0306332 -0.0802172 -1.11398e-17)
(0.0159786 -0.23522 1.24224e-17)
(0.0416852 0.031725 0)
(0.0524359 -0.102049 1.42703e-17)
(0.169725 -0.115466 -2.24518e-17)
(-0.0170427 -0.0545414 -3.6419e-17)
(0.0589727 0.0544273 -1.29913e-17)
(0.0428822 0.0447408 0)
(-0.00435282 0.0125078 2.00405e-17)
(0.00358295 0.0100812 0)
(-0.0164257 0.0141693 0)
(-0.0250954 0.0178049 -2.01736e-17)
(0.1045 0.0262564 4.00858e-17)
(0.0317803 -0.112765 0)
(0.131631 0.101422 0)
(0.0263071 0.0472162 2.7313e-18)
(0.187965 0.0459218 -2.15056e-17)
(0.0236706 -0.25203 2.25521e-17)
(-0.0200506 0.0111547 -1.83607e-21)
(0.239659 -0.0371278 -2.59978e-18)
(-0.0385113 0.0380941 8.68826e-18)
(-0.000587539 0.00727708 -2.26054e-17)
(-0.00699142 -0.0795447 0)
(0.0568594 0.0114875 1.9971e-17)
(0.0594332 0.00292248 1.6163e-17)
(0.108571 0.169756 -4.27337e-17)
(-0.0528678 0.0713958 2.24734e-17)
(-0.0128359 -0.0420551 -2.18175e-17)
(-0.00877559 -0.0201923 3.99164e-17)
(-0.089802 0.0723145 2.04968e-17)
(-0.0528292 -0.00864223 -1.06937e-17)
(-0.034018 -0.0176558 -2.47818e-17)
(-0.0680535 -0.0166446 0)
(-0.115694 0.0113617 0)
(-0.103051 0.000877376 -2.21122e-17)
(-0.0264954 -0.0138981 -1.55074e-17)
(-0.118451 0.0750414 1.33646e-18)
(-0.0844802 -0.00621577 0)
(-0.122058 0.0619243 2.73801e-17)
(-0.126028 0.0398232 -9.37675e-18)
(-0.120821 0.0256813 2.20716e-17)
(-0.0239267 -0.0171824 0)
(0.136292 0.0432061 -2.20421e-17)
(0.113083 0.18739 2.37122e-17)
(0.0860077 -0.0650973 -5.53739e-18)
(0.0578581 0.0668724 -1.01544e-17)
(0.0350417 -0.0836789 0)
(0.0328006 -0.112498 -1.32158e-17)
(0.0815142 -0.117967 3.33601e-17)
(0.06972 0.234923 0)
(0.112946 -0.0767435 5.98575e-18)
(0.253468 -0.0122646 6.58021e-18)
(0.0849934 0.144518 0)
(0.0734251 -0.10465 1.24268e-17)
(0.0815786 0.156709 -2.18615e-17)
(0.0988677 -0.176239 0)
(0.120729 -0.00927022 2.44833e-17)
(0.0118734 -0.0137076 0)
(0.210625 0.0407855 0)
(0.138313 0.0420144 9.06321e-18)
(0.149134 -0.0139546 -3.16731e-17)
(0.0700526 -0.134653 0)
(0.00550671 -0.235413 0)
(0.104695 -0.0489652 1.11699e-17)
(0.223959 -0.00575536 0)
(0.0960706 0.109106 -3.33517e-17)
(0.035738 -0.0995151 0)
(0.0790569 -0.141371 0)
(0.0635124 0.0678455 1.97564e-17)
(0.0380429 0.0216947 2.35292e-17)
(0.0379675 0.016409 -1.96083e-17)
(0.0178201 -0.00190008 -2.59897e-18)
(0.0158592 -0.0104157 -5.0158e-21)
(0.00592495 -0.0881629 1.24775e-17)
(0.067979 0.255966 0)
(0.0779445 -0.213511 -2.39895e-17)
(0.128241 0.0487316 -2.30763e-17)
(0.0731487 -0.217498 0)
(0.175917 -0.0912865 7.96191e-19)
(0.0941297 -0.227203 0)
(0.0477601 -0.0758734 -1.4587e-17)
(0.0627832 0.0780384 0)
(0.121114 -0.159979 -2.8384e-17)
(0.0879036 -0.233552 1.53154e-21)
(0.022407 -0.220395 -1.42937e-17)
(0.0881223 0.116621 0)
(0.206947 0.0811815 -1.13969e-17)
(0.115783 0.230939 2.28737e-17)
(0.0800946 0.236336 3.26822e-17)
(0.107353 -0.244154 1.07855e-17)
(0.112301 0.201781 4.4172e-17)
(0.114207 -0.236982 -1.0818e-17)
(0.0261678 -0.152941 -1.37754e-17)
(0.118495 0.182666 -2.1014e-17)
(0.118542 0.224547 1.15788e-17)
(0.0317597 -0.251282 -1.02584e-17)
(0.121375 0.217691 0)
(0.0268969 -0.17941 3.68712e-17)
(0.0236049 0.00380202 -2.71343e-17)
(-0.0147593 -0.0910036 2.04343e-17)
(-0.0125962 -0.00451285 0)
(0.0405416 -0.256181 1.04203e-17)
(0.118832 0.216522 0)
(0.10385 0.107387 -2.46676e-17)
(0.107127 0.0414203 2.33413e-17)
(0.093946 -0.0411911 0)
(0.0801711 -0.0674733 2.31228e-17)
(0.111145 0.230719 -5.06084e-17)
(-0.00885445 -0.106313 -1.97467e-17)
(0.0261786 -0.0104351 1.96558e-17)
(0.118116 0.222903 -1.1237e-17)
(0.0499331 -0.249415 3.10646e-21)
(0.0406358 -0.189068 1.77718e-17)
(0.0925129 0.200263 1.07634e-17)
(0.11919 0.206799 0)
(0.077115 -0.270602 8.19913e-22)
(0.0853053 0.243806 -2.68268e-17)
(0.129137 0.173292 2.25856e-17)
(0.122288 0.21595 2.22743e-17)
(0.125986 0.211931 -2.9072e-21)
(0.0948917 -0.271212 0)
(0.0665988 -0.268186 -2.11595e-17)
(0.128386 -0.249255 0)
(0.062561 -0.26307 0)
(-0.00017413 0.0118604 -2.25245e-17)
(0.0256918 0.0872782 2.25573e-17)
(0.0992023 0.198134 -1.58556e-17)
(0.11522 -0.265802 -2.17363e-17)
(-0.0166385 0.0299171 3.29048e-17)
(0.132308 0.203632 0)
(0.101322 0.140772 -2.06026e-17)
(0.109392 0.225363 -3.95937e-17)
(0.0269001 0.0644789 2.18678e-17)
(-0.00839786 0.0252285 -1.18589e-17)
(0.0909296 -0.273162 -1.09328e-17)
(0.0473572 -0.236715 2.48851e-21)
(0.122607 0.174239 -2.34325e-17)
(0.11065 -0.272489 2.18361e-17)
(0.126711 0.199352 -2.12726e-17)
(0.127884 0.209512 2.20485e-17)
(0.132306 0.206369 0)
(0.0787294 -0.127595 -5.38196e-18)
(0.139624 -0.26609 1.07748e-17)
(0.0689117 -0.179919 -1.226e-17)
(0.0843498 -0.193773 -2.16783e-17)
(0.120949 0.210762 -2.20827e-17)
(0.136779 -0.256231 1.08416e-17)
(0.0746873 -0.267341 -1.17493e-17)
(0.132178 -0.266375 -2.1749e-17)
(0.12512 0.207036 5.43583e-18)
(0.106359 0.20382 -5.57881e-18)
(0.135554 -0.0445404 -2.04189e-17)
(0.111559 0.194002 0)
(0.121502 0.201815 1.64221e-17)
(0.104816 -0.206215 2.15199e-17)
(0.0597852 -0.253262 2.38167e-17)
(0.129894 -0.2653 0)
(0.135493 -0.239931 0)
(0.143573 0.179222 -1.10266e-17)
(0.0670995 -0.165116 1.22133e-17)
(0.0825747 -0.264308 -1.07036e-17)
(0.142889 0.169093 1.08461e-17)
(0.097603 0.188926 -2.72721e-17)
(0.12504 -0.213193 -5.68845e-18)
(0.122029 -0.241725 1.12793e-17)
(0.0383334 -0.156005 0)
(0.0850908 -0.18136 0)
(0.156627 -0.237381 0)
(0.11714 0.17156 2.08371e-17)
(0.155424 -0.256457 1.09644e-17)
(0.159075 -0.242778 2.07315e-17)
(0.0968504 0.227136 -2.03475e-17)
(0.112444 -0.0290652 2.37981e-17)
(0.0944517 0.209773 -1.0725e-17)
(0.114284 0.221691 2.24804e-17)
(0.133277 0.16177 -2.2484e-17)
(-0.017051 -0.0461931 0)
(0.165726 -0.174342 0)
(0.11821 0.207428 -1.10892e-17)
(-0.0705183 0.0823846 -2.28059e-17)
(0.104431 -0.194019 0)
(0.0113822 -0.0262123 -1.89045e-18)
(-0.0124292 -0.00617042 2.33391e-17)
(0.177055 -0.196159 0)
(0.202574 0.156933 4.32708e-17)
(0.249415 0.0414242 -2.15028e-17)
(0.161447 -0.20618 3.23858e-17)
(0.176043 -0.229519 2.14614e-17)
(0.12373 -0.197471 5.57422e-18)
(0.144831 -0.213019 5.54032e-18)
(0.195738 0.164709 -2.19426e-17)
(0.161508 -0.0321066 2.58471e-17)
(0.129632 0.149451 -1.00576e-17)
(0.190302 -0.194832 2.41792e-17)
(0.13093 -0.136748 6.16859e-18)
(0.152979 0.118373 -1.99392e-17)
(0.257972 0.0172372 0)
(0.266299 0.0306586 1.11293e-17)
(0.276365 0.004043 1.03442e-17)
(0.258749 0.0548693 0)
(0.245902 0.097035 0)
(0.155113 -0.187816 -1.10773e-17)
(0.293784 -0.0464167 -4.99141e-18)
(0.284171 -0.0914042 -3.46457e-17)
(0.233748 0.106114 -3.46679e-17)
(0.15228 -0.261573 1.07486e-17)
(0.268116 -0.135611 -3.42977e-17)
(0.012081 0.00327331 0)
(0.0276917 0.0113569 -1.01716e-17)
(0.025759 0.0396859 2.136e-17)
(-0.0153655 0.0207549 1.71836e-17)
(0.0172529 0.00961784 -1.86295e-21)
(-0.00606987 0.000385912 -3.05094e-18)
(0.0271825 0.0117972 -2.12682e-17)
(0.231888 -0.19937 2.1715e-21)
(0.0202541 0.0207785 3.43684e-17)
(-0.013742 0.015166 -2.324e-17)
(0.0214849 0.00127329 2.67848e-21)
(0.0132729 0.00616969 -6.04026e-18)
(0.0125841 0.000421975 0)
(0.0107925 -0.00511346 -6.24314e-18)
(0.019324 0.0236106 0)
(-0.0203615 0.0212909 2.43479e-17)
(0.0149534 -0.00275406 -4.36912e-17)
(0.149614 -0.021626 -2.71971e-17)
(0.147556 0.156688 -2.23206e-17)
(0.0207149 0.015927 0)
(0.208121 -0.215961 -1.11135e-17)
(0.254174 -0.181466 0)
(-0.00508561 0.00368038 0)
(0.197932 0.147558 -4.33924e-17)
(0.182718 -0.229845 -1.89617e-17)
(0.215203 -0.179333 1.08264e-17)
(0.289546 -0.0595404 -1.95789e-17)
(0.186756 -0.15607 0)
(0.205685 0.140618 2.17027e-17)
(0.277697 -0.105792 1.23506e-17)
(0.132772 0.0893461 -6.43397e-19)
(0.161672 0.113891 0)
(-0.10872 0.0816414 -2.15372e-17)
(0.202828 0.0979019 3.1928e-17)
(0.203664 0.067553 -2.18464e-17)
(0.262574 -0.14906 -5.61764e-18)
(0.204218 0.120063 -5.42061e-17)
(0.279091 0.054234 -2.20529e-17)
(0.170571 0.139718 0)
(0.271235 0.0763926 2.24402e-17)
(0.245705 -0.194499 2.15189e-17)
(0.172281 -0.24165 2.14478e-17)
(0.286714 0.0311961 -1.0843e-17)
(0.194392 0.126533 2.17263e-17)
(0.293277 0.00661647 3.56938e-21)
(0.224396 -0.212622 -5.47107e-17)
(0.300337 -0.0183825 -1.13723e-17)
(0.143942 0.0880324 -1.94815e-17)
(0.168631 -0.153188 0)
(0.262222 0.0971239 2.20719e-17)
(0.201948 -0.229245 0)
(0.25249 0.11569 1.08261e-17)
(0.228671 0.0783148 2.18357e-17)
(0.302152 -0.0442996 2.7687e-17)
(0.223153 -0.126071 0)
(0.213761 -0.0561856 -3.06124e-18)
(0.175907 -0.241337 1.83026e-17)
(0.295565 -0.0880178 -2.18594e-17)
(0.239573 -0.0472018 1.14792e-17)
(0.201064 -0.0965209 -1.10586e-17)
(-0.0646635 -0.0338314 5.08092e-17)
(0.281088 -0.131838 3.25105e-17)
(0.197674 0.0567963 -5.68939e-18)
(0.194129 -0.0214379 0)
(0.188798 0.103824 2.14993e-17)
(-0.0762401 -0.0228636 -1.10245e-17)
(0.262938 -0.174258 -2.0863e-17)
(0.229798 0.125862 1.09482e-17)
(0.287551 0.0426876 1.08548e-17)
(0.23911 0.116821 1.09604e-17)
(0.279434 0.0648502 2.24867e-17)
(0.18593 -0.247662 1.05783e-17)
(0.295441 0.0185229 1.0805e-17)
(-0.020603 -0.059272 2.49385e-17)
(-0.040586 0.0501331 0)
(-0.101113 0.0011374 2.20816e-17)
(-0.0983199 0.0679969 0)
(-0.052057 -0.0362262 5.53072e-18)
(0.301442 -0.00596479 3.40879e-17)
(0.301193 -0.0747058 4.30897e-17)
(0.254228 -0.0729537 3.34184e-18)
(0.269884 0.0858961 -4.48367e-17)
(0.303118 -0.031537 -4.56154e-17)
(-0.0827955 -0.0169167 -1.12538e-17)
(-0.106007 0.0412814 -5.58535e-18)
(0.167005 -0.132647 0)
(0.252044 -0.0234768 2.23962e-17)
(-0.109237 0.0142687 5.88815e-18)
(0.218155 -0.156404 0)
(0.237498 -0.108437 2.14054e-17)
(-0.0920502 -0.00653572 5.75826e-18)
(-0.0400648 -0.0404992 1.14537e-17)
(-0.104079 0.0567958 -1.42566e-18)
(-0.110099 0.0266459 -9.85725e-18)
(0.247151 -0.197759 -3.20418e-17)
(0.206905 -0.0483971 0)
(0.196303 -0.105899 1.02808e-17)
(0.288037 -0.118179 0)
(0.223886 0.143362 0)
(0.0546918 -0.103561 0)
(0.258982 0.104472 0)
(0.272868 -0.162419 1.07071e-17)
(-0.0690953 0.0726116 3.29134e-17)
(-0.0389971 -0.042275 -2.39041e-17)
(0.271527 -0.0570754 1.08428e-17)
(0.249823 -0.136706 0)
(0.301625 -0.0566172 3.24576e-17)
(0.29797 -0.0991491 0)
(0.196584 -0.240394 -1.07908e-17)
(0.208581 -0.233616 1.08086e-17)
(0.25295 -0.161884 1.07045e-17)
(0.214123 0.156051 2.17425e-17)
(0.259639 -0.176253 1.06928e-17)
(0.212505 -0.131474 2.25766e-17)
(0.284744 -0.14138 -4.31091e-17)
(0.18579 -0.134834 0)
(0.223382 -0.19735 -1.06752e-17)
(0.291832 -0.11177 2.15484e-17)
(0.299744 -0.0697092 -2.16055e-17)
(0.231757 0.134029 0)
(0.185672 0.0667363 2.28261e-17)
(0.286657 -0.0383727 2.17967e-17)
(0.213138 -0.018226 -4.05241e-17)
(0.164481 -0.0388804 0)
(0.296535 -0.0278654 2.17801e-17)
(0.234796 -0.0382301 0)
(0.212831 0.0881759 0)
(0.00873266 -0.033337 0)
(0.232382 -0.152068 0)
(0.296537 0.0185934 3.24668e-17)
(0.231535 -0.175994 0)
(0.275049 -0.152892 1.08117e-17)
(0.26014 -0.0320159 -2.28616e-17)
(0.246924 -0.185022 1.06688e-17)
(0.241198 -0.0985967 -1.98353e-17)
(0.282424 0.063111 -2.17953e-17)
(0.270285 -0.0140717 0)
(0.192301 -0.230734 -2.15013e-17)
(0.288371 -0.0495456 -3.24951e-17)
(0.246281 0.12016 0)
(0.228531 0.111155 0)
(0.26475 -0.152643 0)
(0.229142 -0.21681 2.14471e-17)
(0.25922 0.0994475 5.05378e-21)
(0.196116 0.0952172 -4.56866e-21)
(0.190794 0.0766214 -2.25564e-17)
(0.234028 -0.205955 0)
(0.2436 0.112691 0)
(0.221196 0.147573 0)
(0.240334 0.130815 0)
(0.214234 0.0166999 0)
(0.216599 -0.224381 -1.07439e-17)
(0.212849 0.0986224 -2.21758e-17)
(0.298587 -0.00501971 3.25436e-17)
(0.290685 0.0416312 -1.08614e-17)
(0.0963111 0.127176 2.20291e-17)
(0.245975 0.100979 -1.08293e-17)
(0.188049 0.175063 1.10477e-17)
(0.230304 0.0902707 -1.08861e-17)
(0.186269 -0.179838 0)
(0.292857 -0.0166438 -2.17612e-17)
(0.294136 0.00545322 -4.32016e-17)
(0.19329 0.14041 0)
(0.290647 0.0280432 -2.16499e-17)
(0.268969 0.0458921 -2.2066e-17)
(0.283404 0.0496342 0)
(0.293355 -0.0772017 0)
(0.207464 0.155863 5.67969e-21)
(0.136344 0.147598 9.97774e-18)
(0.278267 -0.129383 0)
(0.246166 0.0783316 -3.26212e-17)
(0.289597 -0.0887704 0)
(0.194892 0.168389 0)
(0.162877 -0.258864 -2.13029e-17)
(0.200485 0.162951 -2.17553e-17)
(0.272008 0.0825894 0)
(0.206797 0.146228 -2.17419e-17)
(0.286588 -0.118413 -1.07816e-17)
(0.225052 0.141135 2.16972e-17)
(0.27492 -0.0692658 -2.218e-17)
(0.273519 0.0694139 2.17698e-17)
(0.259429 -0.127251 0)
(0.186857 0.146307 -1.08867e-17)
(0.168737 0.11976 -3.8583e-17)
(0.225105 0.12141 0)
(0.185123 0.127464 0)
(0.261001 0.0867426 3.25103e-17)
(0.174538 -0.252903 -2.09533e-17)
(0.149965 0.167165 0)
(0.21296 0.138354 2.17394e-17)
(0.127602 0.163764 4.608e-17)
(0.230846 0.131748 -2.16897e-17)
(0.209951 -0.215795 0)
(0.195438 0.104041 4.63511e-17)
(0.190376 0.158679 1.08682e-17)
(0.207024 -0.200086 0)
(0.166388 0.171979 2.17947e-17)
(0.217172 0.0558977 -1.19508e-17)
(0.150947 0.186039 0)
(0.259389 0.0632084 0)
(0.229437 0.0279982 0)
(0.169769 0.180762 1.91637e-17)
(0.230293 0.0129912 -1.05137e-17)
(0.266006 -0.104239 -2.6346e-17)
(0.183266 0.164018 0)
(0.153144 0.153804 1.12201e-17)
(0.182235 0.173217 -2.17572e-17)
(0.163021 0.125038 3.6833e-17)
(0.193565 -0.216777 0)
(0.147646 0.139968 -9.48285e-18)
(0.164777 0.160445 0)
(0.261054 0.0324686 0)
(0.159098 0.17928 0)
(0.2492 -0.0801298 0)
(0.242819 0.0653531 1.09239e-17)
(0.274192 0.02643 0)
(0.171978 0.156926 0)
(0.26329 0.0135876 -1.09548e-17)
(0.260089 -0.0054775 -1.07706e-17)
(0.205177 0.125545 0)
(0.157801 0.183772 0)
(0.209438 0.117076 0)
(0.274679 0.00623371 4.32746e-17)
(0.254086 0.0499967 3.29781e-17)
(0.18872 0.120547 0)
(0.269406 -0.0924343 1.86265e-17)
(0.123712 0.205725 -2.20665e-17)
(0.175224 0.178104 2.17633e-17)
(0.14878 0.192911 -2.18543e-17)
(0.127941 0.184415 4.13803e-21)
(0.153817 0.136537 0)
(0.150753 -0.247922 0)
(0.104441 0.187617 2.12375e-17)
(0.0661651 -0.229223 0)
(0.172517 0.140023 0)
(0.175948 0.175504 -1.93573e-17)
(0.140619 -0.195697 -2.73262e-17)
(0.155822 0.186797 0)
(0.134899 0.197421 -2.17827e-17)
(0.167518 0.14476 0)
(0.169947 0.183317 -2.17798e-17)
(0.145338 0.194922 -1.09163e-17)
(0.141413 0.199949 4.36705e-17)
(0.163366 0.187449 0)
(0.15931 0.174965 -2.17777e-17)
(0.129948 0.197819 1.09954e-17)
(0.157722 0.190614 0)
(0.107469 0.21126 2.75934e-17)
(0.152324 0.194947 -1.09172e-17)
(0.134807 0.202847 -2.19335e-17)
(0.177366 0.0976554 -2.04325e-17)
(0.101576 0.214416 -1.11047e-17)
(0.174039 0.105336 0)
(0.136869 0.180658 -2.20744e-17)
(0.117417 -0.268569 0)
(0.0660147 -0.25944 3.19237e-17)
(0.142772 0.195226 3.28199e-17)
(0.117657 0.192524 2.2033e-17)
(0.127894 0.175204 4.39891e-17)
(0.142042 0.178459 -1.16109e-17)
(0.112029 0.150649 -2.22347e-17)
(0.117047 0.18425 0)
(0.0472924 -0.191466 0)
(0.124001 0.199 -2.20392e-17)
(0.103458 0.221693 4.59257e-17)
(0.139812 0.185923 0)
(0.140044 0.200342 -3.28343e-17)
(0.0792117 -0.255975 -2.52731e-21)
(0.118459 0.213482 1.11167e-17)
(0.123374 0.183137 0)
(0.130425 0.19028 1.11567e-17)
(0.109496 0.177174 -3.31802e-17)
(0.0923917 0.166444 0)
(0.0449341 -0.260308 2.47331e-17)
(0.110463 0.264134 -4.73659e-17)
(0.00707315 -0.227503 0)
(0.136758 0.189249 0)
(0.10851 -0.263386 -2.15648e-17)
(0.0969571 -0.265405 0)
(0.102736 0.178008 2.20953e-17)
(0.119456 0.252104 6.38529e-19)
(0.0528059 -0.218753 -2.36716e-17)
(0.113342 0.216032 -2.23321e-17)
(0.185122 -0.137907 -1.78381e-17)
(0.0893031 -0.255503 2.16693e-17)
(0.00247919 -0.247365 0)
(0.121678 0.22673 0)
(0.112916 0.174704 7.57322e-17)
(-0.00313822 -0.187378 -4.82851e-17)
(0.0832852 0.0688144 -4.84677e-17)
(0.100174 -0.033922 0)
(0.0970658 0.273817 2.3542e-17)
(0.0638257 -0.240291 -3.38421e-17)
(0.0724852 -0.240641 3.40467e-17)
(-0.00762319 -0.126914 0)
(0.0393762 -0.053293 -2.45332e-17)
(0.0791091 0.289092 -7.2712e-17)
(0.0102864 -0.128883 -2.27375e-17)
(0.12884 0.157766 2.48461e-22)
(0.111751 0.252808 2.05234e-17)
(0.0594359 -0.222166 -2.32626e-17)
(0.111196 0.141131 1.13631e-17)
(0.11951 0.239447 0)
(0.157195 0.156629 -2.58672e-17)
(0.0999465 0.259696 5.3245e-17)
(0.118607 0.209408 -2.54891e-17)
(0.102364 0.145264 -1.5367e-21)
(0.0991879 -0.0411302 3.58342e-17)
(0.199527 -0.0104644 -3.9483e-21)
(0.244489 -0.0501397 4.27732e-17)
(0.210991 0.00361508 1.56355e-17)
(0.0835079 -0.251035 0)
(-0.0124201 -0.159403 2.42893e-17)
(0.0622954 0.0329764 0)
(0.167344 0.0465474 -1.44626e-17)
(0.0842092 0.269158 -7.63018e-19)
(0.0175249 -0.0766552 0)
(0.0797126 0.259857 7.02058e-19)
(0.106563 0.236292 2.45314e-17)
(0.00526392 -0.0473816 -2.88801e-17)
(-0.0208971 -0.0838549 -6.87962e-18)
(-0.00457336 -0.171131 5.77644e-18)
(0.0534459 -0.00733146 3.41663e-17)
(0.161097 0.0375452 2.54211e-17)
(0.162012 0.0866989 -2.70704e-17)
(-0.00924871 0.0241063 2.12407e-17)
(0.101794 -0.238263 0)
(0.124694 -0.0248997 1.27497e-17)
(0.184637 0.0300716 0)
(0.0948407 0.132823 2.04637e-17)
(0.0619008 -0.189848 0)
(0.0405759 0.0396903 -4.89698e-17)
(0.136911 0.0721309 -2.625e-17)
(0.225458 -0.00253913 -2.12876e-17)
(0.00350465 -0.0150575 -1.84211e-17)
(0.18907 -0.0549329 0)
(0.108319 0.0136109 1.2048e-18)
(0.127878 0.0296031 0)
(0.174425 -0.0728623 -3.77148e-17)
(0.124176 -0.0431836 -1.79479e-17)
(0.13509 -0.0520979 -6.3046e-18)
(-0.0233801 0.0281488 4.68235e-17)
(0.0554668 -0.0901053 0)
(0.0572885 -0.193717 1.9912e-17)
(0.145399 0.151257 0)
(0.119292 -0.0614109 -3.42741e-17)
(0.0138938 -0.210203 -2.56823e-17)
(0.210121 0.0622574 2.41411e-17)
(0.215061 0.031433 0)
(0.210892 0.0451335 -6.29417e-18)
(0.0877079 0.213083 0)
(0.0520038 0.0613035 2.42286e-17)
(-0.00274367 -0.207745 7.59282e-19)
(0.0144069 -0.158013 5.08902e-17)
(0.101919 -0.254709 0)
(0.000938754 -0.239048 2.2004e-17)
(-0.0047993 -0.209182 2.35387e-17)
(0.0158342 -0.242553 1.23864e-17)
(0.0463415 -0.108914 1.06009e-21)
(0.130991 0.000163152 -3.32563e-17)
(0.0998054 0.234353 0)
(0.189388 -0.176828 0)
(0.0430426 0.165519 -1.22377e-17)
(0.188714 0.0655765 2.47991e-17)
(0.0454855 0.146896 0)
(0.0106371 0.000988845 1.19916e-17)
(0.0482689 0.131437 -2.04312e-17)
(-0.00218704 0.00650443 0)
(0.0326987 -0.242835 0)
(0.0253393 0.103587 -1.85843e-22)
(0.0283331 0.0782259 2.12332e-17)
(-0.00337621 0.0194786 1.17167e-17)
(0.0377794 -0.215587 -1.21053e-17)
(0.258193 -0.105246 0)
(0.114081 0.166493 2.39753e-17)
(0.165306 -0.206603 -1.2118e-17)
(0.0470848 0.0477561 -1.21118e-17)
(0.0481908 0.0433136 0)
(0.0514819 0.0304019 0)
(0.0563219 0.0263281 1.08257e-17)
(0.0498309 0.0779845 -2.32609e-17)
(0.0172119 0.0149693 0)
(0.0519745 0.0355109 2.02866e-17)
(0.0227049 -0.0137446 0)
(0.0445021 0.0530163 1.19814e-17)
(0.00354763 -0.00611313 -2.30488e-17)
(0.0484355 0.0250544 3.09467e-18)
(0.0474588 0.0261705 1.85796e-17)
(0.0467754 0.0659149 -2.46314e-17)
(0.0447482 0.0577801 -2.4893e-17)
(0.00688006 0.0055797 0)
(0.0513034 0.0395511 2.26898e-17)
(0.0191099 0.0180194 0)
(0.0159512 0.00724178 -2.92202e-18)
(0.0210834 0.0116147 0)
(0.0224584 0.0294992 0)
(0.0184018 0.0202652 -1.20385e-17)
(-0.00337224 0.000870007 -1.78378e-21)
(-0.0196222 0.0154342 0)
(0.0199079 0.0138046 -1.91328e-17)
(0.258238 -0.0278454 -1.27123e-17)
(0.146212 0.125087 -2.35365e-17)
(0.108902 0.0551608 0)
(0.00447122 -0.185568 -3.90174e-21)
(0.118339 0.155722 -3.84287e-17)
(0.0877719 0.105077 -2.79393e-17)
(-0.0118156 -0.160772 0)
(0.02172 -0.0105946 -4.69415e-17)
(0.107473 0.167035 -1.1712e-17)
(0.0890826 0.223614 0)
(0.157226 0.107786 2.37745e-17)
(0.0362474 -0.259227 -1.31469e-17)
(0.0962116 0.154908 2.66959e-17)
(-0.0076873 0.0037236 2.3792e-17)
(0.164641 0.144894 1.26706e-17)
(0.173337 0.167619 3.7065e-17)
(0.0237213 0.0190776 1.34369e-17)
(0.163507 -0.113512 0)
(0.0263397 -0.0141419 -4.6812e-17)
(0.031849 -0.0177153 -5.7206e-18)
(0.0789682 -0.100997 3.55697e-17)
(-0.000124045 -0.226143 -2.44463e-17)
(0.268426 -0.0615195 -3.99046e-17)
(0.0377245 0.038037 2.00202e-17)
(0.11543 0.240573 -3.24536e-17)
(0.00362234 -0.226038 6.21753e-18)
(0.244838 0.0637946 2.40647e-17)
(0.239853 0.0852604 -3.61767e-17)
(0.17796 0.0836056 5.05156e-17)
(0.0120319 -0.0198795 0)
(0.0544528 -0.26426 -2.5443e-17)
(0.0499915 0.1021 4.10434e-17)
(0.080717 -0.0899935 -2.3657e-17)
(0.0426995 -0.26216 1.38627e-17)
(0.106584 0.0943915 -6.29998e-18)
(0.0220675 0.12296 0)
(0.22682 0.0437299 -1.21877e-17)
(0.143081 -0.22804 -2.55323e-17)
(0.1143 -0.131423 2.38779e-17)
(0.0400169 -0.251335 1.53977e-17)
(0.0277629 0.0570698 -2.65167e-17)
(0.0548033 -0.15809 1.3816e-17)
(0.217635 0.0171664 -1.94703e-17)
(0.0448968 -0.166078 0)
(0.112577 0.121422 4.50628e-17)
(0.161921 -0.0321331 -2.45551e-17)
(0.189763 -0.0219329 3.12333e-17)
(-0.00260537 -0.00158051 2.98784e-17)
(0.286416 -0.0346085 6.19337e-18)
(0.273639 -0.00826901 -1.31977e-17)
(0.038983 -0.0070997 -2.78393e-17)
(0.0515012 0.000214885 2.64987e-17)
(0.148061 0.166844 0)
(0.0447849 0.0439531 0)
(0.00795466 -0.236641 -2.68555e-17)
(-0.00331271 -0.0116187 -1.33368e-17)
(-0.00547353 -0.104792 -2.68529e-17)
(0.00770148 -0.247895 -3.18049e-21)
(0.0533051 -0.0758282 1.21697e-17)
(0.0188728 -0.0158655 -2.47466e-17)
(-0.003834 -0.045414 0)
(-0.00101046 -0.131442 0)
(0.0972898 -0.102452 4.46054e-17)
(0.00925078 0.146072 -4.44658e-17)
(-0.0209202 0.0124982 -1.2533e-17)
(0.105824 0.123819 1.44935e-17)
(-0.00414513 0.00954258 2.52526e-17)
(0.0621344 0.214601 2.89068e-17)
(0.147966 0.0609962 0)
(0.15009 0.119333 0)
(0.120661 0.0536452 -1.29259e-17)
(0.0381062 0.243554 1.50694e-17)
(0.131059 0.136447 -1.17775e-17)
(0.00115584 0.0117738 -1.93207e-17)
(0.038904 -0.108401 1.28008e-17)
(0.112718 0.013341 -3.19921e-18)
(0.108344 0.0163421 -4.40702e-17)
(0.0959156 0.253663 -3.08971e-17)
(0.103681 -0.091856 7.4311e-18)
(0.114383 0.14437 3.18239e-17)
(-0.00622697 -0.009686 -1.18909e-21)
(0.213865 -0.180346 2.19226e-17)
(0.0285244 -0.014979 2.61821e-17)
(0.137158 0.0832235 -1.25186e-17)
(0.073169 0.218151 -4.21343e-17)
(0.0222651 -0.109016 2.71069e-17)
(0.0384579 -0.00480341 -1.29006e-17)
(0.0256762 -0.0142354 -2.57945e-17)
(0.116641 -0.118141 2.2123e-17)
(0.0872601 0.132119 -3.05907e-18)
(-0.019375 0.0130041 6.30938e-18)
(0.0483145 0.114006 5.65676e-18)
(0.0354286 0.0084802 0)
(0.0442596 0.00717564 8.62259e-18)
(0.100447 0.247301 1.37873e-17)
(0.0714234 -0.0771425 3.00499e-17)
(0.119185 0.210288 0)
(0.118864 -0.0292151 -5.33699e-18)
(0.252743 -0.1188 3.00617e-17)
(0.216963 -0.067379 1.6797e-17)
(0.0967418 0.142088 0)
(0.00208495 -0.00179824 -2.64291e-17)
(0.167358 -0.190678 1.37063e-17)
(-0.000324921 -0.00666727 -3.56412e-18)
(0.120274 0.225876 -1.83219e-18)
(0.11216 0.128149 6.72533e-18)
(0.0032552 -0.0129661 2.89462e-17)
(0.0667169 0.0586822 0)
(0.205296 -0.0955325 0)
(0.164675 -0.154963 0)
(0.10839 0.125042 -1.48782e-17)
(0.135624 0.132245 0)
(0.124731 0.103738 2.46708e-17)
(0.0395159 -0.232685 -1.41401e-17)
(0.00270355 -0.0447854 -1.47398e-17)
(0.092834 0.122263 0)
(0.239881 -0.0786333 -7.42522e-18)
(0.108824 0.0862427 0)
(0.0998598 0.0746948 8.43955e-19)
(-0.0231918 -0.121167 1.42869e-17)
(-0.0195536 -0.0237472 2.08518e-17)
(0.0467487 -0.172147 0)
(0.0264532 -0.0658872 2.68864e-17)
(0.111048 0.177833 0)
(0.107292 0.157932 0)
(0.000538253 -0.198683 1.77853e-18)
(0.21177 -0.0523188 -2.61435e-17)
(-0.003673 0.00318601 -1.54157e-18)
(0.0858794 -0.0554375 0)
(0.113148 0.0662626 5.17073e-17)
(0.0839872 0.110534 1.47581e-18)
(0.0403116 0.188691 -1.31421e-17)
(0.0165351 -0.0174707 0)
(0.159613 0.100189 -1.15599e-17)
(0.0353494 -0.137159 -3.10641e-17)
(0.107557 -0.0661882 2.8821e-17)
(0.118531 0.141651 1.38399e-17)
(0.0548256 -0.148834 1.26067e-17)
(0.1815 0.16142 -1.36645e-17)
(0.00329567 -0.0084875 -2.78296e-17)
(0.17734 -0.111659 -2.60197e-17)
(0.115348 0.0720005 0)
(0.178945 -0.085747 1.83699e-17)
(0.0642471 -0.208542 6.28682e-18)
(0.264483 -0.0778477 2.44697e-17)
(0.0827869 0.226724 6.68606e-18)
(0.0957159 0.240039 0)
(0.187905 -0.111578 2.41141e-17)
(0.225016 -0.127716 3.89621e-17)
(0.201182 0.00407745 0)
(0.0995663 -0.19819 3.99376e-18)
(-0.0165333 0.0282256 -1.82108e-17)
(0.184229 -0.011234 0)
(-0.0076703 -0.188057 -1.69699e-18)
(0.187076 0.0828788 -2.46606e-17)
(0.174211 0.0742973 -4.2487e-21)
(0.253852 0.0764619 6.53157e-21)
(0.0831307 -0.215245 -6.47435e-18)
(0.0808799 -0.0842015 -2.96027e-17)
(0.138346 0.0226752 3.28048e-17)
(0.119233 0.214367 5.83668e-17)
(0.162426 0.0796922 -3.00564e-17)
(-0.00967772 -0.00371293 4.38913e-17)
(0.138333 0.00673695 6.22426e-18)
(0.0226605 -0.0712914 1.44996e-17)
(0.118621 0.237774 2.86816e-17)
(0.115406 -0.156678 0)
(0.155423 -0.0936183 -4.03794e-17)
(0.0586932 -0.0749505 -2.53586e-17)
(0.0995793 0.0976925 7.0772e-18)
(0.154052 -0.1316 0)
(0.11852 0.224729 -3.08269e-17)
(0.10765 -0.13751 -2.95792e-17)
(0.136257 0.056824 0)
(0.0215419 -0.0585786 1.61854e-17)
(0.0204709 -0.243348 1.7979e-17)
(0.120349 -0.226254 -1.47469e-17)
(0.128811 -0.152226 1.80657e-18)
(0.0495572 -0.163739 0)
(0.00249856 -0.243305 1.6857e-21)
(0.111331 0.15616 0)
(0.00414453 -0.00261248 2.62572e-17)
(0.0983199 -0.141831 -3.68144e-18)
(0.0906682 0.115192 1.52235e-17)
(-0.0153394 -0.0984906 0)
(0.0283218 -0.0898444 3.26337e-17)
(0.097694 -0.00625362 3.00918e-17)
(0.134409 -0.118859 -7.46002e-18)
(0.105795 -0.0912441 -2.4457e-17)
(0.00767897 -0.0465048 -5.1237e-17)
(0.116767 0.232614 0)
(0.203308 -0.0300993 0)
(0.0999192 0.129871 -3.14447e-17)
(0.0885927 0.11921 4.08342e-17)
(0.237143 -0.0921164 1.27456e-17)
(0.294354 -0.0193302 1.45622e-17)
(0.104855 -0.1556 1.05494e-17)
(0.0180415 -0.0980459 -1.6009e-17)
(0.0873496 0.251076 0)
(0.0982911 0.14176 0)
(0.14598 -0.168351 0)
(0.0559607 -0.266568 -1.05042e-18)
(-0.00369618 -0.00859168 1.69053e-17)
(0.189166 0.0404004 7.92949e-18)
(0.0675241 0.275998 4.18659e-17)
(0.0549843 -0.151158 1.7103e-21)
(0.193742 -0.0677675 3.1358e-17)
(0.161468 -0.0882067 7.86323e-18)
(0.0368388 0.210893 -9.71497e-23)
(0.130032 0.151185 0)
(0.136949 -0.146158 -2.70177e-17)
(0.11522 0.189947 0)
(0.114708 0.195824 -2.77489e-17)
(0.174032 0.0308046 0)
(0.080131 -0.0491504 2.35457e-17)
(0.114326 0.0554539 -7.72079e-18)
(0.0388853 -0.0940408 -1.73667e-17)
(0.0494422 0.0487211 0)
(0.0557109 0.250804 2.3459e-17)
(0.116622 -0.0620193 7.76033e-18)
(0.0899581 0.109513 3.19733e-17)
(0.00864509 -0.21856 0)
(0.0794306 -0.189789 -3.07557e-17)
(0.137108 0.0642568 7.5596e-18)
(0.0206591 -0.0840107 -3.01572e-17)
(0.061853 -0.0844063 -3.26514e-17)
(0.0623199 -0.0663077 0)
(0.00928806 -0.228999 -8.85563e-18)
(0.205888 -0.086616 -2.10808e-17)
(0.231959 -0.1154 -2.03663e-17)
(0.0409535 -0.112307 3.95429e-17)
(0.0164602 -0.0282112 3.37503e-17)
(0.0927007 0.0792614 0)
(0.0175155 -0.227368 -1.11751e-17)
(0.0236369 -0.239885 -3.4252e-17)
)
;

boundaryField
{
    back
    {
        type            empty;
    }
    front
    {
        type            empty;
    }
    top
    {
        type            codedFixedValue;
        value           nonuniform List<vector> 10((0 -0.220183 0) (0 -0.23954 0) (0 -0.181469 0) (0 -0.123399 0) (0 -0.123399 0) (0 -0.181469 0) (0 -0.220183 0) (0 -0.0459722 0) (0 -0.0459722 0) (0 -0.23954 0));
        name            ParabolicTimeDependentU_max;
        code            #{
		const vectorField& Cf = patch().Cf();
		vectorField& field = *this;

		const scalar r = 12.0*1e-3;
		const scalar Umax = 0.4;
		const scalar Umin = 0.02;

		scalar 	Uvar = 0.08;
		scalar 	t = this->db().time().value();
		scalar	tau = fmod(t,1);
		
		if (tau > 0 && tau <= 0.35)
		{
			Uvar = 0.08+Umax*(1-(pow(tau-0.175,2)/(0.175*0.175)));
		}
		if (tau > 0.35 && tau <= 0.6)
		{
			Uvar = 0.08+Umin*(-1+(pow(tau-0.475,2)/(0.125*0.125)));
		}
		if (tau > 0.6 && tau <= 1)
		{
			Uvar = 0.08;
		}
		
		forAll(Cf, faceI)
		{
			const scalar x = Cf[faceI][0];
			const scalar y = Cf[faceI][1];
			field[faceI] = vector(0, Uvar*(-1+(pow(x+(0.02+r),2))/(r*r)), 0);
		}
	#};
    }
    outer_arc
    {
        type            noSlip;
    }
    bottom
    {
        type            zeroGradient;
    }
    inner_arc
    {
        type            noSlip;
    }
}


// ************************************************************************* //
