/*--------------------------------*- C++ -*----------------------------------*\
  =========                 |
  \\      /  F ield         | OpenFOAM: The Open Source CFD Toolbox
   \\    /   O peration     | Website:  https://openfoam.org
    \\  /    A nd           | Version:  9
     \\/     M anipulation  |
\*---------------------------------------------------------------------------*/
FoamFile
{
    format      ascii;
    class       volVectorField;
    location    "2.24";
    object      U;
}
// * * * * * * * * * * * * * * * * * * * * * * * * * * * * * * * * * * * * * //

dimensions      [0 1 -1 0 0 0 0];

internalField   nonuniform List<vector> 
1655
(
(0.164368 -0.105488 -5.1643e-18)
(0.0330396 -0.0538167 3.43253e-17)
(0.288207 0.0504362 2.74723e-17)
(0.109982 -0.0229133 -1.66115e-17)
(0.162561 0.214463 0)
(0.167415 0.107821 1.03998e-17)
(0.259518 0.0346302 0)
(0.0670959 0.285419 -1.85192e-17)
(0.0994988 0.415016 0)
(0.162335 0.203461 -8.99912e-18)
(0.208174 -0.0947095 4.12102e-17)
(0.204416 -0.100343 -4.06074e-17)
(0.0499228 0.176717 -3.69505e-21)
(0.0241544 -0.156115 -2.14383e-17)
(0.0799011 0.0642917 2.141e-17)
(0.0848527 -0.110953 0)
(0.0391284 -0.013599 3.73269e-17)
(0.170192 0.303278 1.09357e-17)
(0.140022 0.0486085 -4.16307e-17)
(0.0188891 -0.113213 -1.19358e-17)
(0.0652185 -0.172603 4.82348e-18)
(0.0866381 0.429681 0)
(0.126731 0.259007 -2.2256e-17)
(0.117979 0.24199 1.03373e-17)
(0.17993 -0.112106 -6.47135e-18)
(0.0430943 -0.0184087 -4.42324e-17)
(0.0530935 -0.0821204 -1.91754e-17)
(0.0793029 0.397218 -2.20272e-17)
(0.0725964 0.381632 2.96245e-17)
(0.0102176 -0.152814 -2.12929e-17)
(0.199802 0.00542589 5.3725e-17)
(0.341692 0.0634219 -5.647e-18)
(0.0330012 -0.381678 -7.74875e-18)
(0.289066 0.108659 0)
(0.173875 0.300784 0)
(0.28816 0.121109 0)
(0.180771 0.119779 -2.783e-17)
(0.0509773 -0.0842562 0)
(0.0261198 -0.369649 -1.05869e-17)
(0.0587269 -0.0842176 -3.70569e-17)
(0.0470354 -0.123044 2.07653e-17)
(0.136157 0.244773 1.79961e-17)
(0.0250505 -0.33573 -1.11216e-17)
(0.128472 0.0360144 3.29947e-17)
(0.0588348 -0.141106 0)
(0.162758 -0.0367302 0)
(0.155286 -0.0224564 5.16529e-17)
(0.048768 -0.107921 0)
(0.180295 0.164131 2.00602e-17)
(0.02742 -0.318859 2.70644e-18)
(0.181877 0.107654 3.09287e-17)
(0.323788 0.0485855 -2.03543e-17)
(0.0119051 -0.0798723 -2.29791e-17)
(0.103426 0.403745 1.96796e-17)
(0.163481 0.322743 -2.54279e-17)
(0.170528 0.172855 0)
(0.0098881 -0.0271271 -1.01254e-17)
(0.184443 -0.0806197 0)
(0.225619 -0.0587527 0)
(0.103753 0.097951 2.19739e-17)
(0.179299 0.00774213 -5.35934e-17)
(0.152336 0.0685953 0)
(0.173075 -0.118144 0)
(0.0878137 0.330867 -5.09618e-18)
(0.15693 0.03663 0)
(0.248834 0.00677014 0)
(0.198746 0.0215661 4.79695e-17)
(0.206303 -0.0782865 -2.37069e-17)
(0.171385 0.29901 0)
(0.123972 0.230063 -2.05772e-17)
(0.18069 -0.073084 2.63238e-17)
(0.271609 0.0205751 -1.25337e-18)
(0.0504586 -0.222497 -1.32111e-18)
(0.125176 0.118739 1.95693e-17)
(0.205003 0.058067 -2.4708e-17)
(0.0468459 -0.139131 1.17119e-17)
(0.0690874 0.353605 -6.73938e-18)
(0.171099 0.288105 0)
(0.0368809 -0.0867463 0)
(0.0207159 -0.156872 0)
(0.158214 0.0353195 2.64119e-17)
(0.0384197 -0.114937 -1.19083e-17)
(0.165093 0.322746 2.59739e-17)
(0.14113 0.0376525 1.32789e-17)
(0.0332347 -0.24559 0)
(0.208321 0.227431 0)
(0.227912 0.0606589 -1.48604e-17)
(0.0489194 -0.191637 0)
(0.116233 -0.13283 -1.03407e-17)
(0.213664 0.218306 0)
(0.218348 0.232272 0)
(0.285994 0.0596953 1.27833e-17)
(0.152786 0.0485118 2.54194e-17)
(0.16662 0.148209 0)
(0.00975207 -0.0452521 0)
(0.155805 0.0543207 4.23413e-17)
(0.167646 0.0167375 -4.07718e-17)
(0.20575 -0.0603573 0)
(0.336894 0.0769215 -1.20632e-17)
(0.0441462 -0.419008 2.53279e-17)
(0.267153 0.0640912 -8.14283e-17)
(0.135412 0.0222912 -2.68972e-17)
(0.176146 0.170188 -2.61688e-17)
(0.153498 0.0268395 2.82623e-17)
(0.166234 0.313002 0)
(0.167052 0.0768696 -1.62327e-18)
(0.124024 0.336889 -2.24365e-17)
(0.00124333 -0.109904 0)
(0.0305348 -0.417555 0)
(0.198603 0.193761 -2.26728e-17)
(0.0170783 -0.423462 1.78604e-17)
(0.183815 -0.0939804 2.1029e-17)
(0.201092 0.190267 1.37624e-17)
(0.0433998 -0.283471 2.35132e-17)
(0.138042 0.309485 2.13542e-17)
(0.215402 0.241824 -1.33958e-17)
(0.126784 0.325372 -2.28053e-17)
(0.217796 -0.0494458 0)
(0.124662 -0.135753 2.04897e-17)
(0.165271 0.313423 -4.50015e-17)
(0.192685 0.169292 -3.93201e-17)
(0.218327 0.0781218 4.0064e-17)
(0.204821 0.0294101 -3.17813e-17)
(0.264218 0.012883 2.96714e-17)
(0.173745 0.025896 1.04559e-17)
(0.110304 0.298738 0)
(0.0225577 -0.27899 -2.56328e-17)
(0.0226704 -0.10712 2.34398e-17)
(0.0850903 -0.0974434 -3.22007e-18)
(0.021932 -0.334038 -3.04907e-18)
(0.201543 0.144633 5.92338e-18)
(0.016542 -0.427813 3.14633e-17)
(0.101215 0.3378 1.97001e-17)
(0.112664 0.28435 2.07521e-17)
(-0.0021297 -0.02845 0)
(0.0994421 -0.139333 0)
(0.154701 0.226104 -1.20913e-17)
(0.0235887 -0.0199676 2.09211e-17)
(0.00173125 -0.00580512 1.10552e-17)
(0.19682 0.0123011 -1.0861e-17)
(0.0636202 0.0531743 1.43669e-17)
(0.0165292 -0.0221991 1.98202e-17)
(0.0130324 -0.0166672 0)
(0.169294 0.0805687 0)
(0.0500872 -0.0150093 -1.23582e-17)
(0.16119 0.0567706 0)
(0.15874 0.0939198 -4.24963e-17)
(0.130387 0.117895 3.42364e-17)
(0.14183 0.109647 2.20553e-17)
(0.0989803 -0.00500695 0)
(0.119771 0.00673171 2.10583e-17)
(0.0727747 -0.0108581 -1.1387e-17)
(0.158154 0.0378263 2.19588e-17)
(0.148845 0.0229348 1.91497e-17)
(0.209709 0.235364 0)
(0.0183723 -0.262146 4.1249e-17)
(0.132189 0.0298167 2.68733e-18)
(0.239948 0.136386 1.11347e-17)
(0.13684 0.319626 0)
(0.133512 0.0266238 -2.86699e-17)
(0.213416 0.130593 3.19601e-17)
(0.187093 -0.183632 0)
(0.118808 0.395898 -2.04202e-21)
(0.240792 0.12423 0)
(0.21701 0.101285 0)
(0.216453 -0.0694624 -1.0977e-17)
(0.0920225 0.395126 0)
(0.130328 0.303076 -4.30798e-17)
(0.142392 0.0191957 6.62487e-18)
(0.143917 0.246239 0)
(0.112236 -0.0583222 0)
(0.161789 0.322738 0)
(0.202469 0.147204 1.3146e-17)
(0.130703 0.354072 2.26493e-17)
(0.0324772 -0.209966 1.38e-18)
(0.133255 0.340927 2.25714e-17)
(0.195776 0.152233 5.94484e-18)
(0.136869 0.220691 0)
(0.0653614 -0.343185 -2.43107e-17)
(0.0149427 -0.115202 1.94984e-17)
(0.184668 0.1917 2.78841e-17)
(0.164624 0.317383 1.76111e-17)
(0.162337 0.0923936 -3.78533e-17)
(0.251447 0.0110664 -6.4858e-18)
(0.0712214 -0.136641 -1.25056e-17)
(0.0914596 -0.372909 0)
(0.0534784 -0.133428 0)
(0.0740751 -0.367295 0)
(0.172209 0.300387 0)
(0.165306 0.315533 -1.71293e-17)
(0.0665996 -0.136566 -2.24884e-17)
(0.163953 0.0671526 0)
(0.174631 0.298197 -2.29095e-17)
(0.32977 0.0347157 2.86852e-17)
(0.11677 -0.393938 0)
(-0.000655256 -0.0554398 -1.41173e-17)
(0.171707 0.302407 0)
(0.0995783 -0.390936 0)
(0.0937361 -0.105242 2.69245e-17)
(0.168663 0.311347 0)
(0.2299 -0.0118511 1.48284e-17)
(0.202489 -0.00999934 -6.67037e-18)
(0.223417 0.0478684 2.42678e-17)
(0.215741 0.0261032 5.41897e-17)
(0.235982 0.240302 -2.03852e-17)
(0.0897556 -0.189755 1.6285e-17)
(0.0625189 -0.381646 0)
(0.179407 0.290628 0)
(0.0294933 -0.357922 7.20033e-17)
(0.267512 0.0921919 0)
(0.384734 0.0465024 3.84875e-17)
(0.357446 0.034403 -1.06288e-17)
(0.0873587 -0.130452 0)
(0.119 0.307114 2.25114e-17)
(0.0220327 -0.140313 -2.30987e-18)
(0.227415 0.0124354 5.04829e-17)
(0.267892 0.119488 -1.2541e-17)
(0.160199 -0.162004 0)
(0.38178 0.0174623 2.19036e-17)
(0.170844 0.307382 0)
(0.0440461 -0.110121 0)
(0.0677751 -0.205314 -4.6964e-17)
(0.0424372 -0.373407 3.27343e-17)
(0.170845 0.303274 2.29086e-17)
(0.0523848 -0.387149 -2.35888e-17)
(0.139047 -0.405212 2.26722e-17)
(0.150705 -0.396022 -2.2607e-17)
(0.229454 0.24289 0)
(0.378258 -0.0135161 2.77954e-17)
(0.382993 -0.0306561 2.22744e-17)
(0.104354 -0.310815 0)
(0.371219 -0.0798221 -2.78649e-17)
(0.376627 -0.0984545 2.78328e-17)
(0.184431 0.295806 -4.40411e-17)
(0.0740573 -0.393672 -2.32955e-17)
(0.102336 -0.326996 2.29357e-17)
(0.123239 -0.405169 0)
(0.18298 0.286158 0)
(0.144346 -0.38373 2.81835e-17)
(0.363346 -0.150274 2.22711e-17)
(0.185412 0.194673 -2.14519e-17)
(0.0587569 -0.112076 4.12052e-17)
(0.366917 -0.168642 -2.78251e-17)
(0.00476557 -0.0433235 1.97439e-17)
(0.176165 0.297392 5.73515e-18)
(0.0331007 -0.13569 -2.90764e-17)
(0.162175 -0.0194308 1.73455e-17)
(0.123624 0.380305 0)
(0.126687 -0.380845 -5.64901e-18)
(0.168809 0.307871 0)
(0.145135 0.0398457 -1.8847e-17)
(0.018288 -0.115503 4.66705e-18)
(0.242684 0.240042 -2.25201e-17)
(0.369166 0.0485434 -1.60794e-17)
(0.0838634 -0.386915 2.29188e-17)
(0.387931 0.0311546 -2.74686e-17)
(0.0657463 -0.410995 -2.34006e-17)
(0.179098 0.291039 -5.71247e-18)
(0.0909943 0.147113 3.08434e-17)
(0.0448025 -0.347259 2.16814e-17)
(0.212285 -0.234371 1.69545e-17)
(0.0709872 -0.320961 2.33032e-17)
(0.16636 -0.395268 2.25306e-17)
(0.364396 0.0189274 2.21073e-17)
(0.235265 0.245684 2.25861e-17)
(0.147817 0.296957 2.27943e-17)
(0.0529034 -0.338951 0)
(0.0191985 -0.206316 -3.21509e-17)
(0.0508713 -0.403873 1.22902e-17)
(0.0284367 -0.218533 0)
(-0.00432662 -0.0829334 -2.46443e-17)
(0.185512 0.294803 1.7324e-17)
(0.0541915 -0.112353 1.20952e-17)
(0.0892852 -0.328814 0)
(0.184044 0.281704 2.76538e-21)
(0.190202 0.290031 -1.74386e-17)
(0.165496 -0.0251624 0)
(0.185505 0.283193 2.85844e-17)
(0.166627 0.311527 -2.86628e-17)
(0.266146 -0.284953 5.53802e-18)
(0.167714 0.31253 2.33588e-17)
(0.156016 0.287829 5.72109e-18)
(0.19694 0.286514 2.31455e-17)
(0.0249209 -0.0162251 2.08379e-17)
(0.115687 0.103356 -3.88436e-17)
(0.186378 0.28612 -2.3217e-17)
(0.173823 0.302216 2.30504e-17)
(0.0442129 -0.422413 2.0414e-17)
(0.0631457 -0.357495 0)
(0.179448 0.298199 0)
(0.180671 0.290147 2.27077e-17)
(0.0282783 -0.103568 2.23685e-17)
(0.0419766 -0.281308 4.79291e-17)
(0.160056 0.324659 0)
(0.182085 0.289019 -2.30395e-17)
(0.107319 -0.413086 5.73181e-18)
(0.0393479 0.17876 0)
(0.385766 0.00113141 -3.8758e-17)
(0.00206806 -0.0117858 -2.29197e-17)
(0.0515086 -0.379668 -5.6437e-17)
(0.0667688 -0.423228 -2.37398e-17)
(0.117746 0.110209 0)
(0.0691378 0.0585853 3.55407e-17)
(0.131838 -0.408904 -5.70016e-18)
(0.178761 -0.385259 -4.5038e-17)
(0.168038 0.308976 -2.45093e-17)
(0.0911591 -0.421122 -5.76246e-18)
(0.117832 -0.361415 5.64469e-18)
(0.191583 0.276235 -5.74148e-18)
(0.193894 -0.383549 -2.24148e-17)
(0.196249 0.277262 0)
(0.109043 -0.0387941 1.23629e-17)
(0.0991898 -0.355415 -5.68199e-18)
(0.236077 -0.252649 -5.64651e-18)
(0.147316 0.305251 0)
(0.18588 0.283996 0)
(0.012312 -0.0313844 -2.29106e-17)
(0.165294 0.316836 -2.29968e-17)
(0.206912 -0.372924 6.36949e-21)
(0.071581 -0.418807 2.47964e-17)
(0.16968 0.309224 0)
(0.0386449 -0.239975 -2.42291e-17)
(0.0572123 -0.421733 3.13444e-18)
(0.118838 -0.407566 -5.71646e-18)
(0.0802415 -0.421793 -2.31373e-17)
(0.150449 -0.0431553 3.30086e-17)
(0.082914 -0.0285867 1.13211e-17)
(0.155114 0.295024 -2.88122e-17)
(0.0741692 -0.400227 0)
(0.255527 0.225649 -2.24874e-17)
(0.082785 -0.364499 0)
(0.176973 0.297371 2.29978e-17)
(0.00767375 -0.0256775 1.04825e-17)
(0.126217 -0.344117 -2.27671e-17)
(0.192461 0.27515 2.29752e-17)
(0.154928 -0.370278 -1.69644e-17)
(0.246719 0.228487 1.68994e-17)
(0.0523564 -0.307127 -2.39532e-17)
(0.169546 -0.400208 0)
(0.18843 0.279752 0)
(0.0622336 -0.424196 2.44669e-17)
(0.156556 -0.401848 2.26744e-17)
(0.196456 0.286042 0)
(0.3747 -0.0459936 -2.77706e-17)
(0.0349309 0.0106027 0)
(0.142743 -0.402286 -3.97828e-17)
(0.0294516 -0.205984 0)
(0.104995 -0.419048 5.73859e-18)
(0.086356 -0.419542 0)
(0.0949962 -0.307312 0)
(0.0522775 0.140555 0)
(0.241478 0.244074 2.23521e-17)
(0.38 -0.0639064 0)
(0.0834511 -0.414282 2.30978e-17)
(0.153972 0.344779 0)
(0.220994 -0.369958 0)
(0.156216 -0.405678 0)
(0.182016 -0.395267 -6.22959e-21)
(0.194563 0.27269 -2.28624e-17)
(0.213744 -0.346753 2.80721e-17)
(0.0698473 0.0478239 -1.98642e-17)
(0.0706815 -0.348813 0)
(0.143872 0.363077 -6.1098e-18)
(0.296772 -0.296032 2.21983e-17)
(0.00388655 -0.0188393 2.39895e-17)
(0.138334 0.143172 -1.99631e-17)
(0.0669954 -0.383975 5.93765e-18)
(0.0544154 0.125766 -2.27901e-17)
(0.175578 0.300955 0)
(0.142222 -0.360609 0)
(0.0192324 -0.0307731 0)
(0.0725643 -0.408746 2.31186e-17)
(0.0116854 -0.0268711 0)
(0.207184 -0.382408 0)
(0.0603747 0.11133 0)
(0.195975 0.271274 5.71808e-18)
(0.269412 0.198711 1.68571e-17)
(0.118174 0.319875 -2.48718e-21)
(0.11907 -0.324848 5.68747e-18)
(0.142962 -0.409478 -2.2704e-17)
(0.0935155 -0.274026 -5.86187e-18)
(0.293026 -0.281777 0)
(0.140718 0.291008 -2.36744e-17)
(0.284549 -0.306502 -2.77124e-17)
(0.116705 -0.416448 -5.70442e-18)
(0.15431 0.336195 0)
(0.221497 -0.374911 0)
(0.188197 0.280958 -3.21819e-21)
(0.200772 0.280025 0)
(0.172839 -0.372682 -5.62822e-18)
(0.0633886 -0.109565 2.16525e-17)
(0.25057 0.23972 -2.23819e-17)
(0.260154 0.20269 -2.24939e-17)
(0.160063 0.32073 0)
(0.166499 -0.393967 0)
(0.230948 -0.367055 -2.22724e-17)
(0.234459 -0.358873 2.22776e-17)
(0.190051 0.280732 0)
(0.136356 0.368507 0)
(0.248768 0.157188 0)
(0.195935 -0.388735 -2.2433e-17)
(0.0662809 -0.250349 4.78657e-17)
(0.303522 -0.27088 5.54447e-18)
(0.162861 0.286018 -2.85648e-17)
(0.275726 0.219955 -5.59967e-18)
(0.0959086 -0.39603 -2.29885e-17)
(0.163853 0.315074 2.3052e-17)
(0.257945 0.234967 -2.80626e-17)
(0.0159329 -0.0329407 0)
(0.276182 0.204709 0)
(0.0695528 0.0887441 0)
(0.326 -0.257404 5.53739e-18)
(0.284145 -0.319192 5.56079e-18)
(0.270902 0.21433 0)
(0.105194 -0.388078 0)
(0.344729 -0.237203 -2.21351e-17)
(0.164709 0.312056 0)
(0.367685 -0.11479 0)
(0.27066 -0.329019 -1.67105e-17)
(0.245413 -0.358707 2.22504e-17)
(0.246021 0.147118 2.2554e-17)
(0.316378 -0.270395 -5.53598e-18)
(0.304523 0.150045 5.62664e-18)
(0.246852 -0.35439 0)
(0.245256 -0.345643 2.22965e-17)
(0.180338 -0.0461843 -1.44075e-17)
(0.372506 -0.13365 0)
(0.18095 -0.391969 1.69165e-17)
(0.145875 -0.350297 2.27243e-17)
(0.362167 0.130847 2.78428e-17)
(0.112306 -0.413302 0)
(0.333734 0.162093 -6.35829e-21)
(0.252441 -0.349242 0)
(0.161096 0.186039 -7.41083e-18)
(0.336005 -0.25179 1.66073e-17)
(0.31488 -0.217527 -1.66841e-17)
(0.145559 -0.345817 2.2692e-17)
(0.240887 0.233049 9.6556e-18)
(0.0676752 0.076459 0)
(0.340022 -0.227085 0)
(-0.00123851 -0.00226987 1.99995e-17)
(0.306865 -0.29616 0)
(0.26812 0.229926 2.802e-17)
(0.260503 -0.342883 0)
(0.290756 -0.316695 0)
(0.326675 -0.231502 -2.77392e-17)
(0.348943 0.155923 2.22765e-17)
(0.261413 0.21725 0)
(0.355997 0.147742 -5.51392e-21)
(0.250898 0.237619 2.24058e-17)
(0.369836 0.129807 -5.56729e-18)
(0.354508 -0.0923172 -2.2328e-17)
(0.379231 0.115497 -5.55227e-18)
(0.306468 -0.294526 5.53378e-18)
(0.374197 0.119693 -4.44901e-17)
(0.324524 -0.274902 2.76591e-17)
(0.266157 0.153786 0)
(0.283989 -0.324679 0)
(0.356566 0.139053 0)
(0.316852 0.163276 0)
(0.267224 -0.258285 -5.56455e-18)
(0.318997 -0.281748 -5.53317e-18)
(0.277387 -0.276554 5.55598e-18)
(0.333701 -0.0872997 -2.24023e-17)
(0.234529 0.144986 -2.25897e-17)
(0.132979 0.293612 4.55064e-17)
(0.303584 -0.304285 -5.53483e-18)
(0.27049 -0.336702 0)
(0.338867 -0.249184 5.57737e-18)
(0.276465 -0.249471 0)
(0.261855 -0.230053 -2.23371e-17)
(0.119719 -0.307148 1.70258e-17)
(0.317965 -0.281787 5.53605e-18)
(0.267767 0.227916 5.60211e-18)
(0.357825 -0.0655505 2.23579e-17)
(0.268685 -0.221017 -5.58054e-18)
(0.250099 -0.201145 -3.91638e-17)
(0.302208 -0.189866 -1.67315e-17)
(0.359362 -0.202313 1.67085e-17)
(0.328263 0.139139 -1.06916e-17)
(0.230576 -0.347058 -2.79963e-17)
(0.28613 0.201336 0)
(0.349029 -0.233411 -5.53008e-18)
(0.373734 0.120326 5.55956e-18)
(0.277871 -0.199039 -5.58209e-18)
(0.335365 -0.260372 -1.65899e-17)
(0.339163 0.150351 -2.21373e-17)
(0.353509 0.127377 0)
(0.285183 0.216055 0)
(0.203672 -0.358061 -5.62049e-18)
(0.367401 -0.0511058 -5.03832e-17)
(0.349006 0.163356 -2.22512e-17)
(0.351943 -0.227374 5.53278e-18)
(0.329886 0.0785973 -5.59673e-18)
(0.295844 -0.0909515 -2.24615e-17)
(0.29586 -0.216302 5.56853e-18)
(0.237322 -0.0432427 -3.18575e-19)
(0.332882 0.12646 0)
(0.319208 -0.204652 1.66794e-17)
(0.344729 0.0837909 2.79302e-17)
(0.295915 -0.0368981 0)
(0.254278 -0.192118 2.23753e-17)
(0.30862 0.137556 1.12524e-17)
(0.326742 -0.0507649 2.8051e-17)
(0.24079 -0.0732914 0)
(0.293493 -0.0588253 1.68659e-17)
(0.371778 0.11229 -2.22733e-17)
(0.304839 -0.0480283 -5.63053e-18)
(0.319497 -0.0978636 8.65166e-22)
(0.359431 0.136133 -1.66905e-17)
(0.213752 0.204038 1.70244e-17)
(0.288456 -0.0794895 -2.808e-17)
(0.309821 0.109166 -5.60487e-18)
(0.280573 -0.187891 -5.58416e-18)
(0.357891 0.114545 0)
(0.326625 0.0698608 2.23842e-17)
(0.324755 -0.0748646 0)
(0.336821 -0.141413 1.67188e-17)
(0.258071 -0.030073 2.02602e-17)
(0.266447 -0.00571266 0)
(0.394665 -0.0496674 -2.23091e-17)
(0.387065 -0.11677 0)
(0.237893 -0.217737 4.49258e-17)
(0.33689 -0.0626925 0)
(0.240653 -0.0176219 -2.16331e-17)
(0.371685 -0.182284 2.77054e-17)
(0.275507 -0.0545663 -1.70053e-17)
(0.301708 -0.0701821 -1.05884e-21)
(0.315918 -0.131593 5.59137e-18)
(0.396592 0.0126947 -2.77893e-17)
(0.278426 -0.0342465 2.27086e-17)
(0.355335 0.153118 2.22532e-17)
(0.045968 -0.0429154 -1.27049e-17)
(0.0786668 -0.000315995 2.15924e-17)
(0.0667853 0.0366132 1.43105e-18)
(0.0336296 -0.0438968 2.71605e-18)
(0.0757363 0.0739416 -5.17351e-22)
(0.0713671 -0.0389803 -4.63563e-17)
(0.0451273 0.00644263 0)
(0.0910604 -0.0267556 -2.00688e-17)
(0.0529528 0.017435 -3.37201e-17)
(0.31195 0.0199218 -5.84571e-17)
(0.0606103 0.0259573 -2.28729e-17)
(0.0855561 -0.00805615 0)
(0.0420289 -0.0462446 3.34161e-17)
(0.0693151 0.0496166 2.29833e-17)
(0.0556115 -0.0420034 2.4884e-17)
(0.0706769 0.00229605 0)
(0.281998 -0.162576 1.67882e-17)
(0.043663 0.0094542 -3.55506e-17)
(0.0661761 -0.0282528 0)
(0.286656 -0.1095 -5.61214e-18)
(0.00988593 -0.00146638 0)
(0.269607 -0.0735682 -1.68986e-17)
(0.310455 -0.118856 5.59353e-18)
(0.260916 -0.060423 0)
(0.0958682 0.0337492 0)
(0.258832 -0.170712 5.60048e-18)
(0.30866 0.0656417 -2.24381e-17)
(0.369117 0.132042 -5.55949e-18)
(0.365624 -0.0789147 1.67689e-17)
(0.275056 0.0649399 -3.9388e-17)
(0.364534 -0.198643 5.57682e-18)
(0.388732 0.0586269 -1.65204e-17)
(0.247006 0.129485 0)
(0.303897 -0.00814488 -4.01975e-21)
(0.360406 -0.106272 2.79058e-17)
(0.266662 -0.34011 -5.55022e-18)
(0.375764 0.0994556 5.3192e-21)
(0.395802 0.0287495 -1.65889e-17)
(0.223926 -0.189055 -5.66783e-18)
(0.382575 0.103624 4.44578e-17)
(0.107049 0.0505766 2.07309e-17)
(0.298812 0.0997332 5.04962e-17)
(0.394248 0.0556276 -2.76684e-17)
(0.34758 -0.117956 -1.67292e-17)
(0.280494 -0.0981786 2.80661e-17)
(0.276196 0.224111 -4.48069e-17)
(0.29868 -0.0370236 2.24473e-17)
(0.29519 -0.255315 -2.77772e-17)
(0.265061 -0.0631528 2.25966e-17)
(0.269576 -0.0442841 -1.16099e-21)
(0.25854 0.160047 0)
(0.32449 0.0068309 3.79192e-17)
(0.294199 0.0690599 1.68387e-17)
(0.270827 -0.0245144 2.29598e-17)
(0.36956 0.0887468 4.38673e-17)
(0.388202 -0.115057 2.22812e-17)
(0.325632 0.0321099 5.60763e-18)
(0.380636 -0.146881 -1.66933e-17)
(0.258955 -0.160222 -2.24074e-17)
(0.393352 -0.0825396 5.57616e-18)
(0.396439 -0.0502293 0)
(0.39753 -0.0190029 -5.57893e-18)
(0.370354 -0.176954 -5.55116e-18)
(0.317385 -0.0229152 -2.24226e-17)
(0.218801 -0.196321 4.49143e-17)
(0.0821494 0.0654179 -2.1073e-17)
(0.396529 0.0104976 -1.67242e-17)
(0.384563 0.0963258 -2.22327e-17)
(0.39312 0.0374012 -1.67018e-17)
(0.0475916 -0.00400963 5.70282e-18)
(0.363982 0.0628862 1.61654e-17)
(0.354403 0.147892 2.22594e-17)
(0.0320922 -0.00453616 1.12303e-17)
(0.0104693 -0.0017575 0)
(0.0933367 0.0207991 -1.21126e-17)
(0.0750987 0.0657868 -3.87814e-17)
(-0.00280784 0.00613981 4.61718e-17)
(0.0905451 0.0106986 5.27799e-18)
(0.297357 -0.13689 -2.23715e-17)
(0.269106 -0.113996 5.61379e-18)
(-0.00656629 0.00232957 0)
(0.0667303 0.00194171 -4.69574e-17)
(0.0855088 0.0531866 0)
(0.387118 0.0609882 -2.78353e-17)
(0.296455 -0.0676248 2.24161e-17)
(0.257637 -0.0802567 2.25197e-17)
(0.35988 -0.211683 -2.21314e-17)
(0.351559 0.00414683 2.77851e-17)
(0.313462 -0.0533902 -2.2419e-17)
(0.38331 -0.130825 0)
(0.296921 -0.101074 -4.47594e-17)
(0.373242 0.0752801 -2.67124e-17)
(0.37417 -0.16101 2.7794e-17)
(0.257883 0.0647102 2.25299e-17)
(0.38963 -0.0992269 -1.67075e-17)
(0.393433 -0.0672685 0)
(0.395032 -0.035814 5.58265e-18)
(0.319024 0.0198579 -1.12139e-17)
(0.346117 -0.212603 -5.54522e-18)
(0.343787 0.0347497 1.67744e-17)
(0.394368 -0.00575132 0)
(0.250473 -0.0168209 2.48946e-17)
(0.26126 -0.0905582 -2.81477e-17)
(0.391352 0.0221437 5.0099e-17)
(0.253839 -0.058888 0)
(0.235438 -0.0785456 1.12471e-17)
(0.273654 -0.125084 0)
(0.351585 -0.132131 5.57499e-18)
(0.235125 -0.106351 -2.81461e-17)
(0.31578 0.111526 -1.92179e-17)
(0.31947 -0.244568 1.66449e-17)
(0.246959 -0.074308 0)
(0.250652 -0.104453 -2.96637e-17)
(0.228542 0.134818 2.26051e-17)
(0.280345 -0.151028 -5.5965e-18)
(0.257657 -0.0244186 -2.47015e-17)
(0.355217 0.0695944 -2.23204e-17)
(0.148462 -0.0797182 -5.70599e-18)
(0.385919 0.0470736 0)
(0.233105 -0.173072 0)
(0.36618 -0.154571 -5.56089e-18)
(0.322108 -0.161623 0)
(0.303416 -0.177443 2.78873e-17)
(0.212451 -0.136476 0)
(0.354288 -0.165004 5.56136e-18)
(0.382683 0.0982023 0)
(0.383037 -0.0967072 1.67244e-17)
(0.341932 -0.0585833 0)
(0.30096 -0.149293 2.23715e-17)
(0.390997 0.065324 5.55217e-18)
(0.303935 0.0564565 3.92612e-17)
(0.339005 -0.155426 -2.78672e-17)
(0.356924 -0.204113 0)
(0.387323 0.0829808 0)
(0.226116 0.0299762 2.21474e-17)
(0.248439 -0.0949173 3.47794e-17)
(0.243999 -0.0654606 0)
(0.237627 -0.143418 0)
(0.394948 0.0406129 3.87851e-17)
(0.386506 -0.00751697 2.23244e-17)
(0.248049 0.0443443 -5.73018e-18)
(0.340159 0.143501 0)
(0.270395 0.0572195 2.25039e-17)
(0.299889 0.0182045 1.12428e-17)
(0.358878 0.122551 -5.57156e-18)
(0.191973 0.0509196 0)
(0.386041 0.0729712 5.53504e-18)
(0.206853 0.0370078 -1.01608e-17)
(0.372212 0.112792 0)
(0.384316 0.0861676 0)
(0.312348 0.0397628 -1.12113e-17)
(0.361861 -0.18869 5.54693e-18)
(0.335949 0.0542497 -1.11848e-17)
(0.312108 -0.0866285 5.59365e-18)
(0.237807 -0.0880253 1.12186e-17)
(0.252902 0.230704 1.04734e-17)
(0.378654 0.0807119 0)
(0.3782 0.0684596 1.11312e-17)
(0.34007 0.0650188 -2.00473e-21)
(0.284383 0.0528535 5.62321e-18)
(0.272478 0.120789 0)
(0.367006 0.0635163 5.57891e-17)
(0.25699 -0.137268 2.80732e-17)
(0.374812 0.10261 -5.56656e-18)
(0.230887 0.0391335 -1.6811e-17)
(0.390027 0.0790004 0)
(0.236879 -0.134862 -2.9178e-17)
(0.235419 -0.115166 3.96873e-17)
(0.35276 -0.179889 -5.55696e-18)
(0.253859 -0.126496 5.61593e-18)
(0.208759 -0.162032 2.39451e-17)
(0.317955 0.050729 -3.36443e-17)
(0.332565 0.159921 0)
(0.313869 0.159945 -2.79675e-17)
(0.252077 0.0527687 0)
(0.376187 -0.126473 -2.22697e-17)
(0.368028 0.0961146 5.01516e-17)
(0.361438 0.146722 -5.41264e-21)
(0.313176 -0.122392 2.23352e-17)
(0.361847 0.00196061 2.79698e-17)
(0.262082 -0.0917341 0)
(0.366214 -0.139329 -5.56437e-18)
(0.37465 -0.111255 1.66995e-17)
(0.292376 0.207014 0)
(0.213773 0.0528948 5.95571e-18)
(0.327775 0.109818 2.23762e-17)
(0.335709 -0.201273 -1.6673e-17)
(0.133905 -0.0872525 0)
(0.375436 0.0429891 0)
(0.357135 0.0801194 0)
(0.199839 0.271349 0)
(0.338667 -0.187163 2.22317e-17)
(0.164485 0.278399 2.85044e-17)
(0.314526 -0.160173 -2.23815e-17)
(0.36263 0.114344 -5.57188e-18)
(0.286454 0.0853256 -2.24697e-17)
(0.326815 -0.110606 1.67892e-17)
(0.23682 0.0587434 0)
(0.191462 -0.100474 5.62269e-18)
(0.238645 0.0886982 5.08108e-17)
(0.346949 0.137126 0)
(0.364282 0.0511091 -2.78941e-17)
(0.248314 0.105433 -5.63892e-18)
(0.301291 0.0964868 -1.68309e-17)
(0.340816 0.153657 0)
(0.286973 0.0258642 -1.33482e-21)
(0.345723 0.0922054 -4.46913e-17)
(0.261603 0.0403614 -5.73473e-18)
(0.337927 -0.128032 0)
(0.233512 0.12678 0)
(0.211511 -0.145048 -1.86013e-17)
(0.301857 -0.175887 -5.04527e-22)
(0.368468 0.0857902 -2.22871e-17)
(0.348703 0.0471822 -1.67776e-17)
(0.34801 0.121303 -2.23197e-17)
(0.234436 -0.16418 0)
(0.207903 0.0444431 2.64681e-17)
(0.292646 0.0368618 1.1352e-17)
(0.343092 0.127641 -4.06436e-21)
(0.233386 0.0529884 -5.74931e-18)
(0.312077 0.193579 0)
(0.163308 -0.117338 -3.925e-17)
(0.203587 -0.09002 -4.53952e-17)
(0.192574 0.0531936 0)
(0.266693 0.0808847 2.2521e-17)
(0.340786 0.112839 2.23409e-17)
(0.290245 -0.227523 0)
(0.26436 0.110028 -2.25154e-17)
(0.26804 -0.127089 -2.23436e-17)
(0.245897 -0.104473 2.30799e-17)
(0.322797 0.155119 1.67766e-17)
(0.222083 0.0639873 0)
(0.26677 0.199167 -2.20477e-17)
(0.317048 0.101558 -2.24007e-17)
(0.279393 0.0432406 5.72906e-18)
(0.299484 -0.137394 0)
(0.329261 0.139149 0)
(0.367169 0.136626 -1.66846e-17)
(0.25461 -0.141116 2.23451e-17)
(0.286202 0.0879663 -5.61825e-18)
(0.24581 0.0713457 0)
(0.272276 0.188758 0)
(0.37983 -0.081888 -3.90225e-17)
(0.377751 0.00403826 -5.57955e-18)
(0.205043 -0.168391 6.02647e-18)
(0.355404 0.106848 2.78933e-17)
(0.355912 0.025865 1.67779e-17)
(0.350178 0.012197 -3.91456e-17)
(0.324044 0.11448 -2.79726e-17)
(0.325277 0.128785 -2.23665e-17)
(0.321633 0.144126 2.79602e-17)
(0.331171 0.123892 5.03163e-17)
(0.382145 0.0191365 1.67387e-17)
(0.371916 0.0290355 -1.67297e-17)
(0.222078 0.0791682 -5.75749e-18)
(0.322563 -0.17504 0)
(0.343399 0.106578 -4.46762e-17)
(0.381228 -0.0233001 -2.23283e-17)
(0.219368 0.0602221 -2.26193e-17)
(0.217818 -0.127005 2.24155e-17)
(0.356881 0.0985938 -2.2306e-17)
(0.337644 0.172832 0)
(0.284414 0.152851 0)
(0.0952549 -0.409731 0)
(0.386974 -0.0663237 2.23321e-17)
(0.28706 0.218006 0)
(0.235494 0.0945449 -1.69366e-17)
(0.267119 0.0774077 0)
(0.218449 0.0927328 0)
(0.252412 0.13996 0)
(0.271089 0.137236 -5.62453e-18)
(0.244882 0.06971 0)
(0.30348 -0.24417 2.22144e-17)
(0.388132 -0.0362937 -5.58437e-18)
(0.303517 0.153957 0)
(0.21577 0.134801 -2.8597e-17)
(0.262909 -0.182864 -2.23864e-17)
(0.244048 0.111987 0)
(0.381974 -0.0522484 5.58501e-18)
(0.202364 -0.262445 0)
(0.247195 -0.259875 1.68614e-17)
(0.252691 0.122479 0)
(0.298532 0.197052 0)
(0.2795 -0.208916 -2.23925e-17)
(0.282765 0.142021 0)
(0.310053 0.138343 -2.24062e-17)
(0.266334 0.126528 5.62603e-18)
(0.206432 -0.140318 0)
(0.331135 0.0104825 1.68296e-17)
(0.286087 0.126116 5.61485e-18)
(0.290166 0.187452 0)
(0.206237 0.124908 -1.53727e-17)
(0.337007 -0.0377283 -2.80804e-17)
(0.275181 -0.167706 -1.42661e-22)
(0.290364 0.190766 -2.24158e-17)
(0.291998 0.206959 2.23612e-17)
(0.302158 0.142833 -2.2416e-17)
(0.261269 0.0695635 0)
(0.295308 0.211054 -1.67721e-17)
(0.27609 0.158048 0)
(0.305775 -0.0251279 -2.25401e-17)
(0.305996 0.127525 0)
(0.303869 0.0900988 5.61111e-18)
(0.272802 0.188658 5.61554e-18)
(0.305212 0.113026 0)
(0.312878 0.171201 5.59637e-18)
(0.202939 0.076136 1.98048e-17)
(0.290396 0.136994 1.68377e-17)
(0.176834 0.294885 0)
(0.298189 0.0759115 -1.68423e-17)
(0.232431 -0.170837 0)
(0.216805 0.100224 0)
(0.200894 0.0827175 -2.03957e-17)
(0.294638 0.158432 0)
(0.221924 -0.186107 0)
(0.213842 0.0558165 -5.90147e-18)
(0.175673 -0.212019 2.8291e-17)
(0.284541 0.173827 -2.24434e-17)
(0.332545 0.0993738 -2.23685e-17)
(0.115118 -0.316874 2.33009e-17)
(0.278089 0.210005 2.27241e-17)
(0.300405 0.186814 0)
(0.292594 0.12145 -5.61503e-18)
(0.224808 0.116671 0)
(0.132378 -0.158437 -1.17295e-17)
(0.293938 0.169516 4.62647e-21)
(0.330813 0.170392 0)
(0.278314 -0.0139263 -2.86753e-17)
(0.228704 0.10929 0)
(0.313878 0.196753 -5.58637e-18)
(0.271813 0.219794 1.77521e-17)
(0.267921 -0.225069 2.2373e-17)
(0.282301 0.184552 2.2448e-17)
(0.302848 0.0859509 1.68278e-17)
(0.209737 0.11653 -9.47412e-18)
(0.33264 0.0931216 4.47329e-17)
(0.303161 0.175672 2.23964e-17)
(0.30543 0.204352 -5.58676e-18)
(0.302103 0.202228 0)
(0.249549 0.185852 0)
(0.158583 0.272639 2.28022e-17)
(0.318385 0.0971878 1.67996e-17)
(0.295953 -0.0148318 2.86376e-17)
(0.159059 -0.187375 -5.61716e-18)
(0.312458 0.123247 0)
(0.137489 -0.179346 0)
(0.365971 -0.0238836 0)
(0.149249 -0.166804 -2.25042e-17)
(0.258849 0.230852 0)
(0.151163 0.274085 -2.31794e-17)
(0.157302 -0.130583 3.97344e-17)
(0.338684 0.168852 4.45125e-17)
(0.257 0.0942691 -2.25458e-17)
(0.326141 -0.0263553 0)
(0.260199 0.0897573 -2.25413e-17)
(0.318122 0.0871935 0)
(0.308037 0.192347 0)
(0.250817 0.176373 0)
(0.212546 0.186696 1.70925e-17)
(0.184469 0.287057 0)
(0.090373 -0.403321 0)
(0.281919 0.0755654 0)
(0.201813 0.177691 0)
(0.211214 -0.368448 -5.60701e-18)
(0.198752 0.266659 0)
(0.357854 -0.0386328 2.79846e-17)
(0.265284 0.18381 -5.62631e-18)
(0.178697 0.29533 0)
(0.265575 0.0834209 -2.25254e-17)
(0.315852 0.0807773 -5.60229e-18)
(0.126249 -0.17523 5.85263e-18)
(0.264026 0.143323 0)
(0.197572 0.168425 -2.20199e-17)
(0.253858 0.198421 -2.25709e-17)
(0.239814 0.0650495 5.75236e-18)
(0.210672 0.17777 -1.70437e-17)
(0.223483 0.0661976 2.88253e-17)
(0.164463 -0.211413 -2.25546e-17)
(0.25665 0.189054 0)
(0.242176 -0.216315 0)
(0.181653 -0.185661 0)
(0.150037 0.281737 0)
(0.206511 0.203595 -1.70619e-17)
(0.234434 0.22846 -5.65859e-18)
(0.245436 0.203712 2.25877e-17)
(0.0709427 -0.0578995 1.35951e-17)
(0.244823 0.075677 -5.69394e-18)
(0.123463 -0.155417 2.36296e-17)
(0.331166 0.181189 0)
(0.192806 0.210236 -1.80854e-17)
(0.289966 0.10667 5.61848e-18)
(0.355067 -0.0124959 0)
(0.275723 0.168566 -2.2493e-17)
(0.284989 0.110753 5.61807e-18)
(0.188982 0.276069 -2.8527e-17)
(0.178926 -0.236797 0)
(0.24203 0.212363 -4.52652e-17)
(0.160698 0.264475 0)
(0.217935 0.230259 0)
(0.091328 -0.253471 5.85124e-18)
(0.206966 0.245341 0)
(0.198937 0.220003 -1.71032e-17)
(0.206119 0.19464 -5.68935e-18)
(0.139704 -0.200624 -2.84022e-17)
(0.284847 0.0798745 5.62075e-18)
(0.265583 0.0751539 0)
(0.230586 -0.351403 -4.47138e-17)
(0.25851 0.22239 5.45941e-18)
(0.27844 0.0964293 1.68761e-17)
(0.23184 -0.232749 -1.6796e-17)
(0.258689 0.170078 -2.25566e-17)
(0.318943 0.183446 0)
(0.334889 -0.0131141 2.24566e-17)
(0.267092 0.173805 5.06255e-17)
(0.285809 0.149621 -2.91613e-17)
(0.269172 0.104855 2.25173e-17)
(0.135165 -0.318966 -2.27337e-17)
(0.18444 0.225326 -2.04244e-17)
(0.199807 0.211008 -5.70279e-18)
(0.281553 0.0931212 -2.24899e-17)
(0.345519 0.164647 0)
(0.221496 0.253125 0)
(0.330589 -0.253249 -5.58797e-18)
(0.0610191 -0.412399 0)
(0.322847 0.189194 2.79093e-17)
(0.30447 -0.00274241 0)
(0.321652 0.176407 0)
(0.240683 0.235685 2.82401e-17)
(0.210351 0.237508 0)
(0.323568 -0.0025206 -2.24452e-17)
(0.233932 0.217828 -3.75098e-21)
(0.317669 0.18682 -2.23499e-17)
(0.146015 -0.1852 2.25922e-17)
(0.130415 -0.413625 5.68643e-18)
(0.215222 0.257125 2.03847e-17)
(0.292954 0.00642731 -2.79034e-17)
(0.189078 -0.169374 0)
(0.0896455 -0.354098 0)
(0.201775 -0.360521 6.07084e-21)
(0.243287 0.0790419 0)
(0.162978 -0.382981 -5.66499e-18)
(0.217718 0.0593854 2.2533e-17)
(0.155178 0.258747 -1.70845e-17)
(0.185322 0.2172 2.0239e-17)
(0.0571368 -0.296231 -2.3091e-17)
(0.179639 0.250813 0)
(0.242673 0.0675283 0)
(0.22234 0.0742993 -5.7581e-18)
(0.190125 0.235978 0)
(0.217213 0.247414 -2.27778e-17)
(0.118321 -0.395014 -5.71735e-18)
(0.204472 -0.220772 1.68248e-17)
(0.162032 -0.296103 5.65732e-18)
(0.191859 0.226619 0)
(0.295049 0.175972 -2.84465e-17)
(0.230177 0.225798 0)
(0.311305 0.175076 5.5908e-18)
(0.199409 0.253356 2.27907e-17)
(0.135809 -0.240353 0)
(0.25601 0.211835 0)
(0.179171 0.213863 1.05339e-17)
(0.331976 0.179076 -2.22651e-17)
(0.165813 -0.234469 2.8324e-17)
(0.222412 0.231672 0)
(0.196507 -0.238205 -2.24782e-17)
(0.218484 0.239108 2.27002e-17)
(0.24723 0.215884 2.25785e-17)
(0.144058 0.268126 5.18162e-18)
(0.157532 0.251119 -5.25163e-18)
(0.182164 0.241676 -2.41581e-17)
(0.177553 -0.259719 1.70565e-17)
(0.145724 0.259039 -5.12923e-18)
(0.211003 0.245727 -2.27272e-17)
(0.171741 0.254194 -2.34806e-17)
(0.0866219 -0.11615 -2.47852e-17)
(0.195998 0.2677 2.85306e-17)
(0.140831 -0.390649 2.27335e-17)
(0.106659 -0.271058 -2.33436e-17)
(0.160869 -0.352011 5.66397e-18)
(0.165909 0.248521 2.1989e-17)
(0.168857 0.262237 -2.27975e-17)
(0.0799966 -0.273412 -1.79313e-17)
(0.242638 0.224073 0)
(0.14259 0.283152 0)
(0.207048 0.252887 -2.27693e-17)
(0.156288 -0.273924 -5.67247e-18)
(0.162422 -0.335681 -5.65538e-18)
(0.171589 -0.279578 2.27547e-17)
(0.174209 0.28432 -2.28822e-17)
(0.297137 -0.30103 0)
(0.219721 0.251778 1.13978e-17)
(0.172134 0.275087 -2.28412e-17)
(0.177973 -0.339956 -3.98063e-21)
(0.122626 -0.365673 0)
(0.174556 0.2667 2.28046e-17)
(0.0839039 -0.201438 -1.32093e-18)
(0.199787 0.260523 -5.70647e-18)
(0.163041 -0.25576 0)
(0.332962 -0.201427 5.58412e-18)
(0.0490094 -0.337841 2.42723e-17)
(0.169205 -0.224411 -2.26494e-17)
(0.168956 -0.370893 5.65267e-18)
(0.0885486 -0.310501 0)
(0.0683113 -0.318427 -5.77935e-18)
(0.206222 0.273845 0)
(0.220878 0.25495 0)
(0.102863 -0.24948 0)
(0.185597 0.185023 3.11254e-17)
(0.128611 -0.254192 0)
(0.300002 -0.252299 0)
(0.199668 0.0593966 -1.98071e-17)
(0.102233 0.321766 -3.13518e-21)
(0.177297 -0.322056 0)
(0.108602 -0.35519 -2.27831e-17)
(0.0966662 -0.412901 0)
(0.176836 0.27677 -2.28459e-17)
(0.198358 0.269986 -2.29867e-17)
(0.126829 -0.385823 5.69423e-18)
(0.204412 -0.379266 5.61376e-18)
(0.102614 -0.366956 0)
(0.113078 -0.242136 -5.9014e-18)
(0.148237 -0.380036 0)
(0.163244 -0.243846 0)
(0.175267 0.224119 -1.07184e-17)
(0.146395 -0.288564 -5.68068e-18)
(0.185253 0.277343 1.71368e-17)
(0.215268 0.259297 -2.28152e-17)
(0.128175 0.396036 -2.35324e-17)
(0.167608 0.331171 8.79939e-19)
(0.00617929 -0.419034 0)
(0.198423 0.0635311 4.88864e-18)
(0.127432 -0.352385 0)
(0.0636227 -0.0633026 1.5757e-17)
(0.282018 0.162868 4.73111e-17)
(0.133968 -0.299877 2.27624e-17)
(0.127119 0.288496 -2.42854e-17)
(0.212585 0.212742 2.84252e-17)
(0.178332 0.284741 5.71626e-18)
(0.159398 0.30492 0)
(0.149644 -0.309467 2.85023e-17)
(0.11859 -0.264735 -1.7648e-17)
(0.203373 0.229319 -2.87346e-17)
(0.175587 0.291698 -5.72162e-18)
(0.0409018 -0.227577 0)
(0.195979 0.261246 4.56739e-17)
(0.137096 -0.228751 2.26369e-17)
(0.271393 -0.318154 2.23023e-17)
(0.229645 0.235789 5.66969e-18)
(0.20885 0.268096 0)
(0.184104 -0.35902 2.25461e-17)
(0.185301 0.252709 0)
(0.169695 0.297151 -5.72293e-18)
(0.149542 0.34159 0)
(0.133307 -0.250408 0)
(0.167866 0.302548 -1.72328e-17)
(0.205655 0.26772 -2.86542e-17)
(0.162859 0.303944 7.89838e-19)
(0.00774383 -0.396527 2.24674e-17)
(0.227791 0.248251 -2.26806e-17)
(0.107122 -0.260266 -2.3433e-17)
(0.184185 0.270113 3.18503e-21)
(0.188521 0.269526 5.71803e-18)
(0.219359 0.249158 2.276e-17)
(0.194965 0.253931 3.25521e-21)
(0.139426 0.354188 -2.3518e-17)
(0.227363 0.179667 -2.27076e-17)
(0.155904 0.29365 0)
(0.0983325 -0.186096 0)
(0.209396 0.262656 5.71553e-18)
(0.212049 0.143378 5.81366e-18)
(0.162256 0.311067 -5.78593e-18)
(0.214762 0.256427 0)
(0.196307 0.268757 0)
(0.162989 0.30668 5.7604e-18)
(0.228887 0.152977 -2.26418e-17)
(0.109031 -0.235354 0)
(0.157236 0.322283 0)
(0.12063 -0.230036 0)
(0.167601 0.289053 2.86155e-17)
(0.230206 -0.224639 -2.22454e-17)
(0.193165 0.245819 1.72345e-17)
(0.188307 -0.358444 -1.6909e-17)
(0.217763 0.151924 1.66204e-17)
(0.0536022 -0.241999 -2.42893e-17)
(0.184162 -0.372106 -5.63844e-18)
(0.208578 0.229158 3.24591e-21)
(0.213426 0.261794 -2.02676e-17)
(0.157286 0.316527 0)
(0.201596 -0.237333 -1.70018e-17)
(0.189556 -0.38266 5.61823e-18)
(0.247914 -0.273665 5.58201e-18)
(0.107474 0.432005 -2.35306e-17)
(0.144056 0.332743 5.76618e-18)
(0.151597 0.162577 6.33793e-18)
(0.221137 0.222311 -3.461e-21)
(0.39352 -0.0323227 0)
(0.395352 -0.000844976 1.66227e-17)
(0.182573 0.261502 0)
(0.187299 0.26184 -2.28411e-17)
(0.00486391 -0.305662 0)
(0.226166 -0.363785 0)
(0.0523539 -0.257368 2.44694e-17)
(0.150291 0.331732 0)
(0.234585 0.247591 -2.27089e-17)
(0.192682 -0.324546 -2.25706e-17)
(0.159999 0.29889 0)
(0.359222 -0.0114445 -2.78335e-17)
(0.202127 0.26492 -5.72455e-18)
(0.241666 0.192121 1.69883e-17)
(0.355053 -0.0432308 -1.67323e-17)
(0.121145 -0.295615 2.30663e-17)
(0.213821 0.25474 2.28187e-17)
(0.165963 0.295481 -5.74064e-18)
(0.22077 0.187409 -2.94838e-21)
(0.210053 0.253383 0)
(0.241891 0.164339 5.66686e-18)
(0.080086 0.136068 5.62274e-22)
(0.386688 -0.0991689 -5.57151e-18)
(0.390698 -0.0652916 2.22432e-17)
(0.195801 0.236995 5.74532e-18)
(0.209317 0.261165 0)
(0.220628 -0.340958 -4.26194e-21)
(0.226718 0.245158 1.70274e-17)
(0.198092 0.245524 -2.28053e-17)
(0.228797 0.215682 -5.68749e-18)
(0.0452631 -0.198865 2.78208e-17)
(0.202978 0.265239 0)
(0.00316723 -0.237503 0)
(0.00643144 -0.305805 0)
(0.352149 -0.0768401 5.58125e-18)
(0.34998 -0.11203 0)
(0.208494 0.268101 2.3723e-17)
(0.221985 0.240809 -2.27344e-17)
(0.351795 0.0897761 2.32024e-17)
(0.374135 -0.166885 5.5578e-18)
(0.38135 -0.13334 0)
(0.320932 0.0997666 4.09884e-17)
(0.205366 0.220578 5.71553e-18)
(0.218432 0.213142 2.27297e-17)
(0.23165 0.207343 -1.70322e-17)
(0.207103 0.259798 -1.7148e-17)
(0.347635 -0.148425 0)
(0.1532 0.308873 0)
(0.205502 -0.342791 5.05762e-17)
(0.000839557 -0.152346 0)
(0.234752 0.190117 -2.27034e-17)
(0.31421 -0.198477 -5.59957e-18)
(0.205707 0.237391 0)
(0.216013 0.221416 4.5587e-17)
(0.0852934 -0.324978 0)
(0.232633 0.238927 2.83152e-17)
(0.164755 0.303343 0)
(0.205509 0.259514 0)
(0.154876 -0.333231 0)
(0.259034 -0.309591 0)
(-0.000444766 0.00875167 1.33785e-17)
(0.227332 0.252158 0)
(0.225766 0.205819 -2.84559e-17)
(0.280704 -0.249195 0)
(0.212057 -0.284687 2.26427e-17)
(0.260856 -0.32502 2.23791e-17)
(0.15292 0.316189 2.28882e-17)
(0.149448 -0.285568 5.68486e-18)
(0.175104 -0.339127 0)
(0.0345998 0.00721727 3.92641e-17)
(0.14508 0.322289 -2.87772e-17)
(0.0657005 -0.267411 0)
(0.23224 0.162614 0)
(0.235457 0.181063 -2.27115e-17)
(0.246116 -0.246547 0)
(0.220024 -0.122141 2.82713e-17)
(0.0871824 -0.162514 -4.33256e-17)
(0.189436 -0.305116 -2.2626e-17)
(0.258486 -0.332061 -1.67595e-17)
(0.0731994 0.252335 1.24536e-17)
(0.236359 -0.276402 -1.69161e-17)
(0.142713 -0.305455 0)
(0.00506992 -0.155662 0)
(0.215003 -0.260773 -5.63972e-18)
(0.338771 -0.220416 5.57046e-18)
(0.205304 -0.327609 -5.63133e-18)
(0.230151 -0.302842 0)
(0.306369 -0.270953 0)
(0.184932 -0.322484 2.82326e-17)
(0.172298 -0.295554 -2.83298e-17)
(0.271924 -0.301954 -5.57294e-18)
(0.396292 -0.0176223 5.55459e-18)
(0.239427 0.201022 2.8361e-17)
(0.220653 0.196263 0)
(0.242623 0.173939 1.70207e-17)
(0.0725146 -0.305689 5.77176e-18)
(0.345876 -0.026532 2.2326e-17)
(0.0071876 -0.274574 0)
(0.179056 0.14696 1.14507e-17)
(0.152024 -0.163555 0)
(0.391572 -0.0830153 -5.5566e-18)
(0.357628 -0.185283 5.55955e-18)
(0.00605397 -0.396218 5.14667e-17)
(0.227479 0.197234 5.6865e-18)
(0.219697 -0.324122 0)
(0.21639 0.169556 1.70648e-17)
(0.202072 0.161157 -5.5124e-18)
(0.339467 -0.092452 -5.57286e-18)
(0.212471 0.160183 5.6957e-18)
(0.16249 0.324657 0)
(0.115094 -0.184506 -4.38876e-17)
(0.180286 -0.276974 0)
(0.204297 -0.306019 0)
(0.327522 -0.236706 2.78838e-17)
(0.347389 0.103277 0)
(0.380516 -0.15027 -5.54145e-18)
(0.226013 0.170426 0)
(0.196472 0.185161 0)
(0.265921 -0.301854 -2.23791e-17)
(0.192633 0.201949 -3.18241e-17)
(0.00342236 -0.198877 0)
(0.225657 0.251634 1.75079e-18)
(0.203721 -0.286059 0)
(0.234545 -0.0451043 2.23282e-17)
(0.294137 -0.286445 0)
(0.336185 -0.164767 0)
(0.0791539 -0.254276 -5.90361e-18)
(0.204288 -0.206493 2.26015e-17)
(0.0722009 0.117746 -4.50792e-17)
(0.349708 -0.218709 -2.7791e-17)
(0.302313 -0.214694 4.45712e-17)
(0.112216 0.343941 -2.35379e-17)
(0.0123143 -0.199421 2.31795e-17)
(0.216079 -0.311462 -5.62154e-18)
(0.319026 -0.268854 -2.2246e-17)
(0.269076 -0.26543 5.59802e-18)
(0.284373 -0.315116 0)
(0.247517 -0.299702 2.24239e-17)
(0.243711 -0.298655 5.61832e-18)
(0.198061 -0.285102 -4.53074e-17)
(0.246809 -0.331714 0)
(0.0659151 -0.209147 0)
(0.234204 -0.321045 0)
(0.219145 -0.11395 -2.25609e-17)
(0.213154 -0.268655 -5.64663e-18)
(0.249863 -0.0505911 0)
(0.252419 -0.0339098 0)
(0.243162 -0.333253 -5.58937e-18)
(0.0176158 -0.194976 3.9942e-17)
(0.235942 -0.278995 -5.60293e-18)
(0.012409 -0.408053 -2.6344e-17)
(0.23816 -0.01613 -2.42706e-17)
(0.100704 -0.156111 2.19498e-17)
(0.194058 -0.0681259 1.20192e-17)
(0.114612 -0.163175 2.26383e-17)
(0.235887 -0.315301 5.58297e-18)
(0.248102 0.000250156 0)
(0.19858 0.194436 0)
(0.141662 0.165675 6.71132e-18)
(0.193254 -0.179467 -2.34815e-17)
(0.344116 -0.184935 -5.57183e-18)
(0.278115 -0.286357 2.23305e-17)
(0.311863 -0.236069 -2.78979e-17)
(0.126935 -0.195272 5.81584e-18)
(0.0429386 0.312556 0)
(0.125168 0.410475 2.28351e-17)
(0.125532 -0.214809 0)
(0.0792417 0.419229 1.82324e-17)
(0.205864 -0.0242338 -2.41407e-17)
(0.168626 0.304217 -1.65121e-17)
(0.0197804 -0.2399 0)
(0.157561 0.290029 2.49208e-17)
(0.124384 0.227791 4.83405e-17)
(0.0881585 -0.0785922 -2.57688e-17)
(0.165805 0.0443803 -2.08704e-17)
(0.168033 -0.186246 0)
(0.202453 0.0999354 0)
(0.170043 0.227428 0)
(0.164028 0.235828 2.64204e-17)
(0.17774 -0.151711 -2.18295e-17)
(0.141134 0.191999 0)
(0.142195 0.376919 6.19833e-18)
(0.120965 0.266939 6.6305e-18)
(0.212391 0.164038 -1.71938e-17)
(0.0180838 -0.275244 0)
(0.10123 0.145917 0)
(0.25789 -0.042153 0)
(0.08541 -0.0580366 0)
(0.0574668 0.289356 0)
(0.240711 0.0164629 -3.82004e-17)
(0.0762117 0.407502 0)
(0.255448 -0.00698987 0)
(0.190104 -0.144598 1.21905e-17)
(0.0413082 0.33145 0)
(0.274699 0.00535793 -1.78073e-17)
(0.133328 0.411405 2.45546e-17)
(0.195889 -0.210542 -1.69387e-17)
(0.155184 -0.0150496 -1.76772e-17)
(0.244019 0.0265439 1.13744e-17)
(0.268204 0.023398 0)
(0.0327873 0.18628 0)
(0.160667 0.242899 2.57337e-17)
(0.165095 0.318053 1.80769e-21)
(0.0128386 -0.379011 -3.95403e-17)
(0.189977 0.0501321 0)
(0.16409 0.337628 -2.63726e-17)
(0.0091422 -0.331049 1.35686e-17)
(0.133452 -0.0333761 0)
(0.126597 0.237694 -4.75625e-17)
(0.0908766 0.0303951 1.17674e-17)
(0.0816383 0.0209189 2.45355e-17)
(0.123116 -0.0671542 2.39746e-17)
(0.111894 0.0616874 2.25815e-17)
(0.117797 0.072216 0)
(0.0890663 0.017855 2.02198e-17)
(0.135966 -0.0669278 1.95439e-17)
(0.0951669 0.0371772 -6.03884e-18)
(0.106737 0.0534486 0)
(0.118101 0.0832161 0)
(0.101132 0.043578 4.85567e-17)
(0.1081 -0.0747022 -2.42189e-17)
(0.0863809 0.0200365 -3.22537e-17)
(0.130906 -0.0563102 0)
(0.0468251 0.0133639 -2.33793e-17)
(0.0451368 0.0107655 0)
(0.0687511 -0.041453 4.5806e-17)
(0.0605255 0.0305931 -2.41082e-17)
(0.0716407 0.0442796 0)
(0.0550158 0.0103794 3.89703e-17)
(0.0651057 -0.0454238 2.25348e-17)
(0.0909105 -0.0429038 0)
(0.0527267 0.0205882 -1.80964e-17)
(0.259043 0.172813 -1.733e-19)
(0.106298 0.00770059 2.48756e-18)
(0.180147 -0.00596675 -3.64169e-17)
(0.0598907 -0.290496 2.33148e-17)
(0.0846446 0.186718 3.88454e-17)
(0.0890098 0.174047 -2.58434e-17)
(0.0605081 0.00648552 2.39208e-17)
(0.139602 -0.222229 -5.9162e-18)
(0.0401131 -0.311176 -2.30671e-17)
(0.0857092 -0.247698 4.82927e-17)
(0.027522 -0.262654 -2.63673e-17)
(0.0111753 -0.378425 -2.66795e-17)
(0.198742 -0.0603846 1.23197e-17)
(0.227169 0.207713 -7.31978e-18)
(0.0893902 -0.0737201 2.63261e-17)
(0.0974843 -0.0729912 3.24209e-18)
(0.0972566 0.382867 0)
(0.0364608 -0.323676 -2.45642e-17)
(0.0700849 -0.182922 -9.87417e-18)
(0.180034 -0.0200607 2.17199e-17)
(0.0988719 -0.124582 -3.14225e-17)
(0.0526017 0.1012 2.86055e-17)
(0.110503 -0.114284 2.26714e-17)
(0.0617091 -0.186135 2.36596e-17)
(0.114099 0.376591 0)
(0.00991018 -0.333821 3.14906e-18)
(0.0448849 -0.396956 2.46847e-17)
(0.200214 -0.124488 5.0136e-17)
(0.198142 0.108784 1.01216e-17)
(0.0915036 -0.169335 0)
(0.148957 0.375843 -2.5922e-17)
(0.0504305 -0.0416286 -3.18026e-18)
(0.173588 -0.157993 0)
(0.0243075 -0.377917 -7.44415e-17)
(0.00371745 -0.418034 0)
(0.120636 -0.0246446 0)
(0.0119051 -0.0516248 2.64809e-17)
(0.177214 0.0526074 -1.2361e-17)
(0.0246961 0.00405565 -2.86441e-17)
(0.107219 0.245824 2.00183e-17)
(0.0098698 -0.032494 -2.25916e-17)
(0.11722 0.362313 0)
(0.0870116 -0.176837 0)
(0.149242 0.366127 0)
(0.0789955 -0.18421 1.54956e-18)
(0.129147 -0.110177 -4.8434e-17)
(0.0852185 0.0252607 1.22114e-17)
(0.117905 -0.0717708 -2.35728e-17)
(0.0316125 0.0182819 2.93363e-17)
(0.139237 0.267762 -7.75423e-19)
(0.0371451 -0.417049 -4.38803e-17)
(0.148089 -0.106861 2.51038e-17)
(0.107665 0.356516 0)
(0.121542 -0.112771 0)
(0.063713 -0.263429 -1.74661e-17)
(0.0311297 -0.394835 4.93198e-17)
(0.188244 0.0834054 0)
(0.127912 0.277634 1.49377e-17)
(0.0525437 -0.185934 -1.28934e-17)
(0.196305 0.127347 2.87115e-17)
(0.132586 -0.0518127 0)
(0.127451 -0.0466014 -3.01666e-17)
(0.0400403 -0.139461 1.27701e-17)
(0.00285049 -0.0150275 1.26366e-17)
(0.0481767 -0.423246 2.6077e-17)
(0.0986858 0.283441 -2.42647e-17)
(0.177061 0.200801 0)
(0.0299074 -0.0566391 0)
(0.0180908 -0.0515394 0)
(0.145098 0.202425 1.60756e-17)
(0.00400414 -0.357972 2.96962e-17)
(0.189855 -0.134947 1.04931e-21)
(0.0797152 -0.0738333 1.97257e-17)
(0.0751576 -0.0749962 -2.29317e-17)
(0.016104 -0.053612 -2.35812e-17)
(0.0182453 -0.0550985 0)
(0.269596 0.0784753 0)
(0.269351 -0.00559493 0)
(0.231914 -0.0243076 -1.40299e-17)
(0.0576841 -0.0713328 2.4411e-17)
(0.167917 0.319454 5.38266e-17)
(0.155393 0.366813 0)
(0.226024 -0.0898953 -2.3201e-17)
(0.0334067 -0.114166 -1.20745e-17)
(0.0437847 -0.179802 -2.66602e-17)
(0.0332553 -0.135396 -1.23346e-17)
(0.257356 0.0302424 0)
(0.16594 0.309144 -1.4241e-17)
(0.0794979 0.365712 1.84163e-17)
(0.0258219 -0.307219 -2.40005e-17)
(0.234781 0.206786 3.63598e-17)
(0.188831 0.0384038 -2.61913e-17)
(0.256315 0.202059 -3.40482e-17)
(0.188639 0.0481796 0)
(0.00285217 -0.0203371 1.38529e-17)
(0.00931987 -0.276681 -1.42391e-17)
(-0.0205703 -0.0999296 -1.33079e-17)
(0.178509 0.229218 2.58314e-17)
(0.0811322 0.0141048 -3.2498e-17)
(0.18502 0.0690931 0)
(0.168893 0.2417 -1.36538e-17)
(0.192967 0.223366 0)
(0.10066 0.261681 -2.62858e-17)
(0.162901 0.116272 -1.50402e-17)
(0.00601918 -0.199115 -1.54073e-17)
(0.115386 0.0892759 0)
(0.207441 0.252866 3.39286e-18)
(0.00067488 -0.0562467 0)
(-0.0134725 -0.109042 0)
(0.0356752 -0.173123 -1.57056e-17)
(0.232265 0.0973698 0)
(-0.00233431 -0.0202844 -1.44672e-17)
(0.0948879 0.151569 0)
(0.0733767 0.227443 2.54728e-17)
(0.0248414 -0.408408 -2.65217e-17)
(0.163283 -0.0013496 -2.75133e-17)
(0.160146 0.00573843 -2.82749e-17)
(0.000610633 -0.0559733 0)
(0.0251785 -0.0559315 0)
(0.140052 -0.0467485 -3.63824e-17)
(0.0735857 0.074912 -3.07336e-17)
(0.0362827 -0.0641876 -1.51171e-17)
(0.143208 0.155031 1.40368e-17)
(0.0436112 -0.360236 1.56865e-18)
(0.165233 0.316302 2.60868e-17)
(0.148201 0.147581 1.32874e-17)
(0.153175 0.207129 3.5023e-17)
(0.0014024 -0.0129825 1.28917e-17)
(0.0576751 0.401058 -5.43078e-17)
(0.0832667 -0.274467 -3.08506e-17)
(0.262477 0.158384 0)
(0.188198 0.210289 1.6621e-17)
(-0.00415148 -0.011856 -1.48191e-17)
(0.182571 0.0612587 5.97554e-18)
(0.0772841 0.206274 0)
(0.0564018 0.0865638 1.37513e-17)
(0.07546 0.189576 -2.79782e-17)
(0.140086 0.177196 0)
(0.163169 0.129944 -4.61173e-22)
(0.101442 0.111372 0)
(0.103888 0.131311 -1.7585e-18)
(0.102463 0.107263 -2.77567e-17)
(0.097512 0.118016 7.14263e-18)
(0.105933 -0.000444043 4.55783e-17)
(0.105737 0.00207494 -1.42897e-17)
(0.083178 0.115619 -3.64489e-17)
(0.0650454 -0.0714341 -5.98796e-17)
(0.137156 0.23268 4.35716e-17)
(0.135667 -0.121925 2.92908e-17)
(0.119644 -0.00525952 -1.49466e-17)
(0.119828 -0.0132368 3.22825e-17)
(0.0149981 0.201574 0)
(0.161821 0.335614 1.36484e-21)
(0.0763857 -0.0290137 2.51892e-17)
(0.115222 0.0975209 -2.43104e-17)
(0.180754 -0.0690034 2.24919e-17)
(0.0258876 -0.415939 -3.32546e-17)
(0.0124944 -0.0451262 -1.15993e-17)
(0.0859642 0.00914818 -3.91406e-17)
(0.152517 -0.142053 -1.41306e-17)
(0.180604 -0.012309 6.67488e-18)
(0.0759755 -0.208721 -1.18731e-17)
(0.161993 0.1758 0)
(0.00525458 -0.358496 0)
(0.0849312 -0.103175 3.72127e-17)
(0.0393019 -0.0393968 6.69681e-18)
(0.00439096 -0.0196539 0)
(0.0042116 -0.42573 0)
(0.157771 0.337172 0)
(0.170035 -0.13383 1.55206e-17)
(0.212789 0.175916 1.55701e-17)
(0.283343 0.0787611 -8.32069e-18)
(0.0336985 -0.0389674 1.32958e-17)
(0.165418 0.320771 0)
(0.00724479 -0.0227895 -2.37132e-17)
(0.216971 0.215262 -8.66748e-18)
(0.170084 0.303093 0)
(-0.0120011 -0.121452 2.74881e-17)
(0.202097 -0.0345017 -4.82709e-17)
(0.0368826 -0.290343 2.91244e-17)
(0.0549228 0.387009 0)
(0.177307 0.131819 2.98196e-17)
(0.130364 0.0385387 -2.79335e-17)
(0.074694 -0.125474 9.71017e-18)
(0.228978 0.223166 -6.77416e-18)
(0.182863 0.189359 -3.19106e-17)
(0.19416 0.136485 -3.75566e-17)
(0.186784 -0.103919 -2.93317e-17)
(0.0123944 -0.40698 1.48468e-17)
(0.0288586 -0.133388 -3.02803e-17)
(0.241115 0.193296 4.30529e-17)
(0.0415892 0.00296858 3.11077e-17)
(0.175027 0.048054 6.09177e-18)
(0.149021 0.22687 0)
(0.0948812 -0.203289 0)
(0.0271016 -0.111126 2.66404e-17)
(0.200146 -0.00770121 0)
(0.0986572 0.360182 -7.65071e-18)
(0.0678343 0.0530088 1.20164e-17)
(0.0249735 -0.14969 3.28141e-17)
(0.0420766 0.132699 1.41445e-17)
(0.051455 -0.408967 -2.4376e-17)
(0.142182 0.0551897 -2.81787e-17)
(0.20411 -0.118858 -5.73063e-17)
(0.158368 0.34344 -2.42975e-17)
(0.0915209 0.303169 2.54136e-17)
(0.0560004 -0.206079 1.29389e-17)
(0.0722915 0.426503 4.85566e-17)
(0.231666 -0.039926 -2.80566e-17)
(0.167872 -0.0974329 -1.45442e-17)
(0.137807 0.276542 -1.38077e-17)
(0.00420892 -0.0455386 3.65074e-17)
(0.125907 -0.131317 2.87019e-17)
(0.154943 0.246911 -1.33204e-17)
(0.154023 -0.116563 3.98502e-18)
(0.189554 0.0922956 0)
(0.0882423 0.371809 3.55584e-18)
(0.0915487 0.1662 1.60307e-17)
(0.0100068 0.223489 0)
(0.00604547 -0.0233283 -1.52825e-17)
(0.269303 0.136339 1.41309e-17)
(0.169107 0.315567 -2.85348e-17)
(0.0923588 -0.152793 -3.23747e-17)
(0.199447 -0.0360571 4.39441e-19)
(0.197706 -0.000429075 2.19308e-17)
(0.0106404 -0.0482069 -1.34361e-17)
(0.00261427 -0.236428 1.64044e-17)
(0.166924 0.308252 3.52883e-17)
(0.16802 0.04303 -7.74329e-18)
(0.0559932 0.084472 0)
(0.0537363 -0.0623076 -5.03291e-17)
(0.233824 0.0793532 -5.91457e-17)
(0.304742 0.0851665 -2.02654e-17)
(0.0381216 -0.425931 -1.31874e-17)
(0.238579 -0.00187393 4.73103e-17)
(0.0229788 0.33998 -1.60693e-17)
(0.225764 -0.0970835 -1.78322e-17)
(0.222146 0.00368866 -4.36349e-17)
(0.00118524 -0.119034 0)
(0.0884605 0.350313 7.65411e-18)
(0.0276326 -0.0134043 -2.72796e-17)
(0.0750641 0.339809 -1.6069e-17)
(0.172353 0.090993 3.09076e-17)
(0.165102 0.307848 1.11351e-17)
(0.10305 0.140542 1.50864e-17)
(0.01223 -0.421813 0)
(0.0322652 -0.398417 1.23975e-17)
(0.167214 0.203359 0)
(0.12153 0.028789 0)
(0.153987 0.0785936 -1.31786e-17)
(0.0403123 -0.406209 -4.62551e-21)
(0.164614 0.186422 -1.84392e-17)
(0.104538 -0.179314 8.06264e-18)
(0.165219 -0.137688 0)
(0.165727 0.316613 2.71498e-17)
(0.213403 0.259066 2.59488e-17)
(0.0105532 -0.0567347 1.55084e-17)
(0.124316 0.12325 4.09142e-17)
(0.0358827 -0.186748 1.66064e-17)
(0.0506537 0.0581779 -6.37939e-18)
(0.0209284 -0.00328812 -1.67408e-17)
(0.190673 0.0433423 -3.94263e-17)
(0.0225746 -0.0302202 3.54466e-17)
(0.244406 0.170643 -1.67301e-17)
(0.0263048 -0.189414 2.35143e-18)
(0.251262 0.215304 8.69639e-18)
(0.0422144 0.103347 0)
(0.187385 0.201723 3.30638e-17)
(0.00544374 -0.120915 0)
(0.176292 0.238377 1.49763e-17)
(0.0631799 -0.00865647 -4.9474e-17)
(0.243202 -0.0334099 1.72552e-17)
(0.048672 -0.00304955 2.26249e-18)
(0.0507389 0.0512057 0)
(0.314624 0.0762908 2.97215e-17)
(0.143193 -0.119877 0)
(0.140256 0.0326557 0)
(0.113082 -0.108184 0)
(0.0130991 -0.116377 2.8959e-17)
(0.133905 -0.105858 -3.75317e-17)
(0.0467443 0.29641 8.84039e-18)
(0.00834021 -0.142579 -3.96015e-17)
(0.147078 -0.145511 1.70141e-17)
(0.10768 0.149135 -3.32994e-17)
(0.0190246 -0.111449 -3.27713e-17)
(0.114606 0.207421 -1.89863e-17)
(0.122598 -0.122845 -3.28565e-17)
(0.226394 0.194346 0)
(0.0222328 -0.404746 -3.62887e-17)
(0.218863 0.14864 1.05526e-21)
(0.165942 0.309557 5.90768e-22)
(0.0247705 -0.423601 0)
(0.237609 0.176085 -9.98523e-18)
(0.0259481 -0.425782 -4.75686e-17)
(0.121607 0.201887 0)
(0.166725 0.307425 2.27139e-17)
)
;

boundaryField
{
    back
    {
        type            empty;
    }
    front
    {
        type            empty;
    }
    top
    {
        type            codedFixedValue;
        value           nonuniform List<vector> 
15
(
(0 -0.417264 0)
(0 -0.394607 0)
(0 -0.30398 0)
(0 -0.236009 0)
(0 -0.30398 0)
(0 -0.152934 0)
(0 -0.152934 0)
(0 -0.394607 0)
(0 -0.417264 0)
(0 -0.356846 0)
(0 -0.0547541 0)
(0 -0.0547541 0)
(0 -0.356846 0)
(0 -0.424816 0)
(0 -0.236009 0)
)
;
        name            ParabolicTimeDependentU_max;
        code            #{
		const vectorField& Cf = patch().Cf();
		vectorField& field = *this;

		const scalar r = 18.0*1e-3;
		const scalar Umax = 0.4;
		const scalar Umin = 0.02;

		scalar 	Uvar = 0.08;
		scalar 	t = this->db().time().value();
		scalar	tau = fmod(t,1);
		
		if (tau > 0 && tau <= 0.35)
		{
			Uvar = 0.08+Umax*(1-(pow(tau-0.175,2)/(0.175*0.175)));
		}
		if (tau > 0.35 && tau <= 0.6)
		{
			Uvar = 0.08+Umin*(-1+(pow(tau-0.475,2)/(0.125*0.125)));
		}
		if (tau > 0.6 && tau <= 1)
		{
			Uvar = 0.08;
		}
		
		forAll(Cf, faceI)
		{
			const scalar x = Cf[faceI][0];
			const scalar y = Cf[faceI][1];
			field[faceI] = vector(0, Uvar*(-1+(pow(x+(0.02+r),2))/(r*r)), 0);
		}
	#};
    }
    outer_arc
    {
        type            noSlip;
    }
    bottom
    {
        type            zeroGradient;
    }
    inner_arc
    {
        type            noSlip;
    }
}


// ************************************************************************* //
