/*--------------------------------*- C++ -*----------------------------------*\
  =========                 |
  \\      /  F ield         | OpenFOAM: The Open Source CFD Toolbox
   \\    /   O peration     | Website:  https://openfoam.org
    \\  /    A nd           | Version:  9
     \\/     M anipulation  |
\*---------------------------------------------------------------------------*/
FoamFile
{
    format      ascii;
    class       volVectorField;
    location    "2.27";
    object      U;
}
// * * * * * * * * * * * * * * * * * * * * * * * * * * * * * * * * * * * * * //

dimensions      [0 1 -1 0 0 0 0];

internalField   nonuniform List<vector> 
1655
(
(0.127989 -0.0830585 -5.11644e-18)
(0.0178399 -0.0285941 3.39651e-17)
(0.209491 0.0445881 2.73523e-17)
(0.0850144 -0.0177168 -1.6448e-17)
(0.147243 0.18806 0)
(0.126471 0.0773385 1.03295e-17)
(0.175773 0.0303999 0)
(0.0637965 0.25926 -1.8366e-17)
(0.116262 0.367015 0)
(0.145059 0.175874 -8.92832e-18)
(0.169607 -0.0798153 4.08413e-17)
(0.16771 -0.0849943 -4.024e-17)
(0.0458814 0.157491 -2.5314e-21)
(0.0253461 -0.130555 -2.11883e-17)
(0.0332561 -0.013492 2.13686e-17)
(0.0461684 -0.0761722 0)
(-0.0352202 0.0208768 3.69216e-17)
(0.175678 0.27615 1.08446e-17)
(0.103793 0.0417279 -4.12766e-17)
(0.0196053 -0.0908496 -1.17927e-17)
(0.0358772 -0.141444 4.77575e-18)
(0.109489 0.392043 0)
(0.117517 0.238041 -2.20674e-17)
(0.10769 0.219455 1.02511e-17)
(0.14315 -0.0911563 -6.41807e-18)
(-0.0208438 0.0188477 -4.37652e-17)
(0.0156552 -0.0436167 -1.90114e-17)
(0.0879488 0.367739 -2.18616e-17)
(0.0778024 0.35856 2.9423e-17)
(-0.00228469 -0.128652 -2.1091e-17)
(0.107847 0.0118613 5.34849e-17)
(0.274742 0.056486 -5.61799e-18)
(0.0297384 -0.326612 -7.6775e-18)
(0.211951 0.0876871 0)
(0.177726 0.266146 0)
(0.211752 0.0958029 0)
(0.140606 0.0867427 -2.76825e-17)
(0.0299111 -0.0523933 0)
(0.0248049 -0.315513 -1.04898e-17)
(0.0358682 -0.0502272 -3.66697e-17)
(0.0199209 -0.0907683 2.05667e-17)
(0.126121 0.223992 1.78428e-17)
(0.0241268 -0.286428 -1.10121e-17)
(0.107603 0.0377192 3.26747e-17)
(0.0458507 -0.111029 0)
(0.128416 -0.0301879 0)
(0.122431 -0.0168308 5.11504e-17)
(0.0356672 -0.0752971 0)
(0.151322 0.129354 1.99136e-17)
(0.0276714 -0.272574 2.67997e-18)
(0.139547 0.0780203 3.07067e-17)
(0.251791 0.042553 -2.0252e-17)
(-0.0163305 -0.134986 -2.2693e-17)
(0.112696 0.360025 1.95624e-17)
(0.154177 0.310775 -2.52049e-17)
(0.10446 0.0910142 0)
(-0.0194764 0.0149644 -9.996e-18)
(0.145182 -0.0653016 0)
(0.192542 -0.0544703 0)
(0.0329885 0.00943301 2.19173e-17)
(0.0829944 0.0122491 -5.33567e-17)
(0.108586 0.0497258 0)
(0.138905 -0.0958244 0)
(0.0838307 0.30113 -5.05699e-18)
(0.157309 0.0438845 0)
(0.167583 0.00954997 0)
(0.192647 0.013948 4.74448e-17)
(0.168628 -0.066766 -2.34865e-17)
(0.176194 0.249022 0)
(0.113205 0.2083 -2.04037e-17)
(0.141877 -0.0592565 2.60924e-17)
(0.19228 0.0206097 -1.2472e-18)
(0.0265599 -0.191081 -1.30871e-18)
(0.0823011 0.0145615 1.95535e-17)
(0.105939 0.0368094 -2.46343e-17)
(0.0385574 -0.109122 1.15831e-17)
(0.0710874 0.328441 -6.69121e-18)
(0.169545 0.222682 0)
(0.00817922 -0.04984 0)
(0.0041108 -0.131569 0)
(0.160451 0.0399404 2.6102e-17)
(0.0288635 -0.0844105 -1.17777e-17)
(0.154486 0.315836 2.57477e-17)
(0.124784 0.0433445 1.31568e-17)
(0.0145075 -0.21137 0)
(0.158143 0.150273 0)
(0.1318 0.0438419 -1.48535e-17)
(0.0243515 -0.161194 0)
(0.0912117 -0.105442 -1.02394e-17)
(0.162461 0.147668 0)
(0.172969 0.16825 0)
(0.204367 0.0508724 1.27676e-17)
(0.119759 0.0472033 2.52246e-17)
(0.135892 0.115183 0)
(0.00485989 -0.0192544 0)
(0.117183 0.0458927 4.20011e-17)
(0.163412 0.012777 -4.03016e-17)
(0.170575 -0.0529911 0)
(0.268285 0.0674976 -1.20056e-17)
(0.0328573 -0.359339 2.51479e-17)
(0.181909 0.0527145 -8.10789e-17)
(0.136358 0.0221699 -2.65843e-17)
(0.148475 0.136724 -2.59826e-17)
(0.157563 0.0287992 2.79313e-17)
(0.163667 0.296047 0)
(0.122648 0.0552833 -1.61258e-18)
(0.113795 0.310157 -2.22649e-17)
(-0.00784543 -0.0910679 0)
(0.0220817 -0.356713 0)
(0.135334 0.119227 -2.2724e-17)
(0.0137409 -0.362796 1.76923e-17)
(0.143496 -0.0754223 2.08336e-17)
(0.136992 0.120055 1.37797e-17)
(0.0228778 -0.244595 2.33059e-17)
(0.12568 0.291045 2.11759e-17)
(0.172605 0.173645 -1.33603e-17)
(0.115455 0.302077 -2.263e-17)
(0.186147 -0.0455416 0)
(0.0986223 -0.108543 2.02878e-17)
(0.163717 0.293841 -4.46574e-17)
(0.121098 0.0946406 -3.91732e-17)
(0.122948 0.0462073 3.99598e-17)
(0.107269 0.0195478 -3.1649e-17)
(0.246019 0.000203872 2.93792e-17)
(0.17601 0.0238319 1.03366e-17)
(0.101935 0.273257 0)
(0.0238152 -0.238722 -2.53671e-17)
(0.0194484 -0.0800594 2.31619e-17)
(0.0411 -0.0601618 -3.20205e-18)
(0.0113741 -0.285398 -3.0222e-18)
(0.168259 0.110616 5.8815e-18)
(0.0133133 -0.366444 3.11791e-17)
(0.0956086 0.307298 1.9553e-17)
(0.104223 0.260911 2.05853e-17)
(-0.00609445 -0.0171846 0)
(0.0787803 -0.109867 0)
(0.142755 0.203571 -1.19919e-17)
(0.00131161 -0.0852924 2.0613e-17)
(-0.0131723 0.0180118 1.09279e-17)
(0.186643 0.00469537 -1.07427e-17)
(0.0185387 -0.0116764 1.43356e-17)
(-0.0244303 0.0214524 1.95451e-17)
(-0.0415237 0.0295401 0)
(0.0701896 0.0344125 0)
(-0.0344328 0.0223102 -1.2199e-17)
(0.0569029 0.0257021 0)
(0.0624793 0.035358 -4.24087e-17)
(0.0499566 0.0364215 3.4118e-17)
(0.0560178 0.0402059 2.20186e-17)
(0.00432606 0.00805904 0)
(0.021769 0.013863 2.09476e-17)
(-0.0146025 0.0133597 -1.12775e-17)
(0.0499034 0.0167757 2.18995e-17)
(0.0455342 0.0149998 1.90773e-17)
(0.159756 0.155323 0)
(0.0202132 -0.223534 4.08366e-17)
(0.126886 0.0340999 2.65741e-18)
(0.156939 0.0914949 1.1124e-17)
(0.123534 0.299479 0)
(0.133708 0.0287349 -2.8338e-17)
(0.128911 0.0768451 3.18814e-17)
(0.166733 -0.163851 0)
(0.122226 0.34985 -1.78699e-21)
(0.156676 0.0841486 0)
(0.125054 0.0593623 0)
(0.180567 -0.0614951 -1.0873e-17)
(0.100394 0.356809 0)
(0.120134 0.284896 -4.2712e-17)
(0.143886 0.0198194 6.54727e-18)
(0.140286 0.160094 0)
(0.0483982 -0.0251124 0)
(0.150534 0.309094 0)
(0.122756 0.0836744 1.31183e-17)
(0.120169 0.323896 2.24837e-17)
(0.0122752 -0.179502 1.3672e-18)
(0.120464 0.315513 2.24043e-17)
(0.163374 0.116943 5.90348e-18)
(0.123434 0.116513 0)
(0.0431512 -0.297496 -2.41105e-17)
(0.0168803 -0.0953785 1.92679e-17)
(0.125205 0.113301 2.79555e-17)
(0.15659 0.298435 1.74742e-17)
(0.118923 0.0641115 -3.75945e-17)
(0.236298 -0.000201803 -6.42036e-18)
(0.0533113 -0.106424 -1.23744e-17)
(0.0667777 -0.325331 0)
(0.0432635 -0.102773 0)
(0.0516223 -0.318694 0)
(0.172917 0.275478 0)
(0.157759 0.292004 -1.69936e-17)
(0.0523396 -0.106611 -2.22477e-17)
(0.121352 0.0525588 0)
(0.173447 0.272103 -2.27377e-17)
(0.260969 0.0313841 2.85254e-17)
(0.090891 -0.345851 0)
(-0.00862521 -0.0386629 -1.39771e-17)
(0.171139 0.276266 0)
(0.0752329 -0.341429 0)
(0.0659113 -0.0743566 2.66641e-17)
(0.163817 0.282571 0)
(0.211876 -0.0175084 1.46679e-17)
(0.182228 -0.0150538 -6.60043e-18)
(0.129315 0.0374384 2.42097e-17)
(0.121983 0.0231085 5.40102e-17)
(0.202689 0.193385 -2.02738e-17)
(0.0576002 -0.158234 1.6135e-17)
(0.0559401 -0.329797 0)
(0.178016 0.266438 0)
(0.0170962 -0.306416 7.14425e-17)
(0.182995 0.069825 0)
(0.332956 0.0411221 3.82116e-17)
(0.295764 0.0299503 -1.05577e-17)
(0.0666776 -0.100102 0)
(0.109733 0.285125 2.23307e-17)
(0.0246975 -0.118808 -2.28325e-18)
(0.214309 0.00264441 4.99584e-17)
(0.18759 0.0889632 -1.25044e-17)
(0.137778 -0.139528 0)
(0.329456 0.0134125 2.17425e-17)
(0.16575 0.276621 0)
(0.0324812 -0.0791007 0)
(0.0399427 -0.174227 -4.65375e-17)
(0.0386029 -0.320868 3.24425e-17)
(0.164353 0.271076 2.2744e-17)
(0.0466848 -0.333676 -2.33814e-17)
(0.113128 -0.357861 2.24735e-17)
(0.122389 -0.350981 -2.24045e-17)
(0.193641 0.189855 0)
(0.326569 -0.0156709 2.75874e-17)
(0.334857 -0.0321205 2.21052e-17)
(0.0936451 -0.273551 0)
(0.323265 -0.0773716 -2.76292e-17)
(0.332314 -0.0956013 2.75951e-17)
(0.178849 0.236898 -4.38584e-17)
(0.0647976 -0.341204 -2.30903e-17)
(0.091918 -0.287672 2.27036e-17)
(0.0982553 -0.356008 0)
(0.180804 0.262589 0)
(0.114948 -0.339839 2.79329e-17)
(0.320617 -0.143162 2.2075e-17)
(0.124287 0.109882 -2.14461e-17)
(0.0408765 -0.0801498 4.07936e-17)
(0.327329 -0.161163 -2.75782e-17)
(-0.00835308 -0.0174798 1.95336e-17)
(0.171048 0.2633 5.69541e-18)
(0.0120285 -0.107019 -2.88046e-17)
(0.0719071 -0.00258789 1.73757e-17)
(0.120425 0.341443 0)
(0.098317 -0.335491 -5.59919e-18)
(0.162193 0.277964 0)
(0.120647 0.0429404 -1.86618e-17)
(0.00242062 -0.0893945 4.62112e-18)
(0.230844 0.223717 -2.23279e-17)
(0.311111 0.0434935 -1.59792e-17)
(0.0737672 -0.336684 2.27153e-17)
(0.338749 0.0265355 -2.72707e-17)
(0.049186 -0.354778 -2.32233e-17)
(0.173593 0.256835 -5.67282e-18)
(0.0754523 0.0237383 3.08005e-17)
(0.0422437 -0.299091 2.14708e-17)
(0.193061 -0.214224 1.6777e-17)
(0.0462741 -0.278881 2.30991e-17)
(0.137538 -0.352096 2.23271e-17)
(0.305941 0.0160525 2.19664e-17)
(0.222373 0.225886 2.23928e-17)
(0.137072 0.277864 2.26036e-17)
(0.0496048 -0.29289 0)
(0.0210614 -0.175883 -3.17983e-17)
(0.0444392 -0.347633 1.2189e-17)
(0.0302333 -0.1874 0)
(-0.0219037 -0.114635 -2.43345e-17)
(0.181382 0.252269 1.72193e-17)
(0.0387006 -0.0821402 1.19683e-17)
(0.0621581 -0.287327 0)
(0.170521 0.205297 3.57868e-22)
(0.182525 0.249662 -1.73371e-17)
(0.0821386 -0.00666286 0)
(0.180253 0.250521 2.83809e-17)
(0.165441 0.286373 -2.84622e-17)
(0.242635 -0.264698 5.48195e-18)
(0.164855 0.285283 2.31897e-17)
(0.147855 0.263504 5.67531e-18)
(0.1835 0.235917 2.30135e-17)
(-0.00441254 -0.0806482 2.05747e-17)
(0.0662784 0.0145282 -3.87661e-17)
(0.182133 0.257556 -2.30503e-17)
(0.171694 0.273087 2.28844e-17)
(0.0360027 -0.362112 2.02474e-17)
(0.0577628 -0.309759 0)
(0.178855 0.265532 0)
(0.178686 0.264615 2.25391e-17)
(0.00695565 -0.0720299 2.2159e-17)
(0.0415299 -0.242122 4.74504e-17)
(0.145918 0.312177 0)
(0.179445 0.26272 -2.28664e-17)
(0.090442 -0.361566 5.68123e-18)
(0.037693 0.16192 0)
(0.336637 -0.00217832 -3.84741e-17)
(-0.00665134 0.00650479 -2.26874e-17)
(0.0345893 -0.327138 -5.60083e-17)
(0.0541103 -0.365522 -2.35501e-17)
(0.0908589 0.0827774 0)
(0.0489968 0.0396157 3.52428e-17)
(0.111615 -0.360828 -5.64825e-18)
(0.147852 -0.344359 -4.4669e-17)
(0.166641 0.282851 -2.43266e-17)
(0.074081 -0.366217 -5.71413e-18)
(0.088948 -0.317992 5.59557e-18)
(0.187923 0.253945 -5.69585e-18)
(0.162944 -0.344552 -2.22287e-17)
(0.187028 0.246352 0)
(0.0336931 -0.00705655 1.22971e-17)
(0.0720106 -0.310971 -5.63268e-18)
(0.215681 -0.233102 -5.58761e-18)
(0.134637 0.286755 0)
(0.182487 0.258263 0)
(-0.00773378 0.00202808 -2.26538e-17)
(0.159949 0.294497 -2.28147e-17)
(0.174147 -0.336113 4.29816e-21)
(0.055386 -0.361926 2.46073e-17)
(0.166482 0.2806 0)
(0.0391437 -0.206483 -2.39706e-17)
(0.047185 -0.363246 3.11032e-18)
(0.101257 -0.3583 -5.66594e-18)
(0.0660988 -0.365683 -2.29472e-17)
(0.114523 -0.0340197 3.26919e-17)
(0.0558893 -0.0206729 1.12098e-17)
(0.145336 0.272242 -2.85826e-17)
(0.0546215 -0.346557 0)
(0.246489 0.215484 -2.22771e-17)
(0.0742119 -0.317873 0)
(0.174141 0.268453 2.28308e-17)
(0.00658363 -0.0108805 1.03542e-17)
(0.0952154 -0.303441 -2.2563e-17)
(0.188565 0.254236 2.27935e-17)
(0.123366 -0.328945 -1.68104e-17)
(0.239179 0.218718 1.67411e-17)
(0.0500492 -0.265409 -2.37156e-17)
(0.142346 -0.356933 0)
(0.185263 0.257546 0)
(0.0492025 -0.365559 2.42783e-17)
(0.13357 -0.357511 2.24602e-17)
(0.176638 0.217239 0)
(0.32456 -0.0459078 -2.75441e-17)
(-0.00465511 -0.0494197 0)
(0.122174 -0.356528 -3.94194e-17)
(0.0309442 -0.176212 0)
(0.0867313 -0.366177 5.69036e-18)
(0.0683906 -0.364137 0)
(0.0658886 -0.268734 0)
(0.0457996 0.122028 0)
(0.217475 0.208771 2.2191e-17)
(0.33355 -0.0632418 0)
(0.0703731 -0.359761 2.29007e-17)
(0.139675 0.328749 0)
(0.188643 -0.335055 0)
(0.131388 -0.360509 0)
(0.154874 -0.354171 -4.19814e-21)
(0.189618 0.247379 -2.26817e-17)
(0.177876 -0.313015 2.78457e-17)
(0.0113021 -0.0317714 -1.97623e-17)
(0.0645621 -0.30322 0)
(0.133501 0.336837 -6.06694e-18)
(0.269058 -0.276392 2.19835e-17)
(-0.00165669 0.00312861 2.37135e-17)
(0.0779484 0.062115 -1.99372e-17)
(0.0473828 -0.332131 5.89104e-18)
(0.0459202 0.108216 -2.25968e-17)
(0.171775 0.268907 0)
(0.125519 -0.321027 0)
(0.00877633 -0.00576772 0)
(0.0621393 -0.353747 2.29239e-17)
(0.00522978 -0.00320553 0)
(0.17851 -0.345408 0)
(0.0504727 0.0943622 0)
(0.191564 0.24964 5.67164e-18)
(0.26234 0.19455 1.66913e-17)
(0.10921 0.295471 -2.16617e-21)
(0.106339 -0.287457 5.62901e-18)
(0.118479 -0.362113 -2.25011e-17)
(0.0840955 -0.239738 -5.79981e-18)
(0.267374 -0.263601 0)
(0.131192 0.27457 -2.34706e-17)
(0.25701 -0.285003 -2.74442e-17)
(0.0956311 -0.365171 -5.65488e-18)
(0.139432 0.321289 0)
(0.191148 -0.339851 0)
(0.183336 0.251862 -2.79548e-21)
(0.184668 0.235138 0)
(0.140668 -0.332827 -5.58527e-18)
(0.0294961 -0.0730151 2.14822e-17)
(0.22839 0.210722 -2.22222e-17)
(0.253873 0.196568 -2.22722e-17)
(0.146876 0.304349 0)
(0.143527 -0.351938 0)
(0.201484 -0.334127 -2.20741e-17)
(0.200592 -0.326076 2.20915e-17)
(0.184396 0.254246 0)
(0.127404 0.335653 0)
(0.232511 0.141917 0)
(0.166782 -0.349557 -2.22395e-17)
(0.0609537 -0.216444 4.73626e-17)
(0.278057 -0.254472 5.48915e-18)
(0.155538 0.25674 -2.83511e-17)
(0.260581 0.206548 -5.55196e-18)
(0.083197 -0.345835 -2.2779e-17)
(0.153691 0.294603 2.28735e-17)
(0.230868 0.201768 -2.78641e-17)
(-0.000478474 -0.00903134 0)
(0.267056 0.199442 0)
(0.0562998 0.071688 0)
(0.298586 -0.243367 5.48274e-18)
(0.254715 -0.295978 5.50862e-18)
(0.26079 0.206028 0)
(0.091864 -0.340198 0)
(0.315417 -0.225668 -2.19189e-17)
(0.155365 0.287095 0)
(0.322302 -0.110001 0)
(0.241797 -0.3039 -1.65525e-17)
(0.214619 -0.327717 2.20522e-17)
(0.22653 0.13106 2.2354e-17)
(0.28859 -0.254521 -5.48134e-18)
(0.240132 0.123584 5.60375e-18)
(0.213867 -0.323525 0)
(0.218101 -0.316867 2.2087e-17)
(0.105329 -0.0257558 -1.43377e-17)
(0.330545 -0.12852 0)
(0.15586 -0.351503 1.67657e-17)
(0.113629 -0.310699 2.25166e-17)
(0.330122 0.134095 2.76008e-17)
(0.0900306 -0.361828 0)
(0.282725 0.144569 -6.2526e-21)
(0.222921 -0.32029 0)
(0.139977 0.15714 -7.35579e-18)
(0.306128 -0.238378 1.64451e-17)
(0.293039 -0.207157 -1.65077e-17)
(0.129004 -0.308526 2.24647e-17)
(0.20172 0.181994 9.60056e-18)
(0.0527342 0.0598624 0)
(0.313588 -0.216757 0)
(-0.0343028 0.0318301 1.9721e-17)
(0.272121 -0.27555 0)
(0.243538 0.203417 2.78205e-17)
(0.226324 -0.314071 0)
(0.258881 -0.293692 0)
(0.302463 -0.220344 -2.74553e-17)
(0.31961 0.156154 2.20879e-17)
(0.253279 0.209488 0)
(0.323787 0.148174 -5.67166e-21)
(0.235856 0.217817 2.22151e-17)
(0.334354 0.130107 -5.5227e-18)
(0.337759 -0.0952633 -2.20811e-17)
(0.338146 0.112806 -5.50908e-18)
(0.276304 -0.275232 5.48119e-18)
(0.337369 0.119679 -4.41259e-17)
(0.29181 -0.258013 2.74003e-17)
(0.252651 0.148771 0)
(0.25032 -0.299822 0)
(0.326731 0.142715 0)
(0.260991 0.140309 0)
(0.245371 -0.240767 -5.50687e-18)
(0.28392 -0.263173 -5.48335e-18)
(0.253879 -0.257956 5.49987e-18)
(0.320421 -0.090257 -2.2144e-17)
(0.211194 0.123115 -2.24049e-17)
(0.12347 0.276565 4.51197e-17)
(0.271261 -0.283272 -5.48405e-18)
(0.237664 -0.309814 0)
(0.303677 -0.234791 5.52619e-18)
(0.254895 -0.233505 0)
(0.241667 -0.214699 -2.21003e-17)
(0.106837 -0.271782 1.68502e-17)
(0.287772 -0.264424 5.4834e-18)
(0.250713 0.209503 5.5541e-18)
(0.341378 -0.0705557 2.211e-17)
(0.248997 -0.207091 -5.5217e-18)
(0.23107 -0.187178 -3.87449e-17)
(0.283291 -0.181328 -1.65501e-17)
(0.322105 -0.192411 1.65572e-17)
(0.266716 0.120676 -1.06397e-17)
(0.195006 -0.314952 -2.77652e-17)
(0.274572 0.195799 0)
(0.314091 -0.221013 -5.47902e-18)
(0.327533 0.115289 5.51959e-18)
(0.258966 -0.187804 -5.5219e-18)
(0.302765 -0.245456 -1.64347e-17)
(0.285618 0.134939 -2.20084e-17)
(0.296422 0.115426 0)
(0.266386 0.200706 0)
(0.180159 -0.324458 -5.56678e-18)
(0.349024 -0.0568694 -4.98206e-17)
(0.31012 0.155116 -2.2089e-17)
(0.320031 -0.216501 5.47935e-18)
(0.299264 0.0753022 -5.54761e-18)
(0.282624 -0.0916362 -2.22058e-17)
(0.275593 -0.204881 5.50976e-18)
(0.164928 -0.0304799 -3.16836e-19)
(0.269969 0.110909 0)
(0.298337 -0.195807 1.6503e-17)
(0.314175 0.0823983 2.76845e-17)
(0.27891 -0.0453171 0)
(0.235802 -0.179411 2.21364e-17)
(0.241751 0.114307 1.12042e-17)
(0.314299 -0.0570846 2.77289e-17)
(0.174922 -0.0570396 0)
(0.278254 -0.0639154 1.66736e-17)
(0.319927 0.104841 -2.21259e-17)
(0.290688 -0.0543473 -5.56647e-18)
(0.306587 -0.0994052 1.85261e-21)
(0.309093 0.126821 -1.6583e-17)
(0.198902 0.172759 1.68819e-17)
(0.273781 -0.0813717 -2.77627e-17)
(0.282889 0.125018 -5.55075e-18)
(0.262471 -0.177952 -5.52411e-18)
(0.300264 0.104657 0)
(0.297815 0.0637971 2.21858e-17)
(0.312446 -0.0788621 0)
(0.319443 -0.13949 1.65351e-17)
(0.185246 -0.0202796 2.01514e-17)
(0.19068 -0.000118613 0)
(0.355451 -0.0521938 -2.2105e-17)
(0.350679 -0.115153 0)
(0.218622 -0.201364 4.44532e-17)
(0.324239 -0.0678207 0)
(0.163202 -0.00878681 -2.15256e-17)
(0.338731 -0.175839 2.744e-17)
(0.253895 -0.0592669 -1.68217e-17)
(0.288724 -0.0736253 -2.08665e-21)
(0.300838 -0.129518 5.52828e-18)
(0.356325 0.00766064 -2.7564e-17)
(0.255729 -0.0428606 2.24617e-17)
(0.313709 0.145872 2.2091e-17)
(0.0227791 -0.0224704 -1.25778e-17)
(0.060561 0.000883555 2.13684e-17)
(0.038138 0.0192992 1.41945e-18)
(0.0178667 -0.0197458 2.6877e-18)
(0.0568062 0.0557363 2.14388e-22)
(0.0437729 -0.0249461 -4.59056e-17)
(0.0357414 0.00507512 0)
(0.0643424 -0.0202801 -1.98717e-17)
(0.0295137 0.0105558 -3.34172e-17)
(0.240257 0.0181353 -5.81071e-17)
(0.0318139 0.0128533 -2.26819e-17)
(0.0633449 -0.00374944 0)
(0.0208763 -0.0231746 3.3079e-17)
(0.0441767 0.0302061 2.27963e-17)
(0.0300292 -0.0239 2.46389e-17)
(0.0592356 0.00186412 0)
(0.265041 -0.154967 1.66031e-17)
(0.0315656 0.00887344 -3.51885e-17)
(0.0401353 -0.0182651 0)
(0.272302 -0.1074 -5.54914e-18)
(-0.0446924 0.0264777 0)
(0.248757 -0.0743285 -1.67177e-17)
(0.296598 -0.117801 5.53059e-18)
(0.193828 -0.0472771 0)
(0.0182018 0.00927278 0)
(0.240842 -0.160148 5.53984e-18)
(0.28077 0.0576786 -2.22363e-17)
(0.323958 0.126234 -5.52043e-18)
(0.346965 -0.0828849 1.65811e-17)
(0.251904 0.0574172 -3.90185e-17)
(0.330624 -0.190311 5.52255e-18)
(0.340816 0.0534617 -1.64009e-17)
(0.223925 0.117665 0)
(0.23452 -0.00589038 -5.46258e-21)
(0.341551 -0.108061 2.75949e-17)
(0.236185 -0.313089 -5.49959e-18)
(0.324019 0.0931022 6.06271e-21)
(0.352758 0.0234488 -1.64559e-17)
(0.2047 -0.173464 -5.60729e-18)
(0.341174 0.10089 4.41137e-17)
(0.0336099 0.0139382 2.06855e-17)
(0.271135 0.117187 5.00166e-17)
(0.352426 0.0504548 -2.7447e-17)
(0.330499 -0.118557 -1.65452e-17)
(0.265269 -0.0970006 2.77526e-17)
(0.246934 0.195225 -4.44882e-17)
(0.232355 -0.031244 2.23019e-17)
(0.271801 -0.240042 -2.74914e-17)
(0.241238 -0.0655496 2.23547e-17)
(0.245707 -0.0506667 -2.16491e-21)
(0.245265 0.150304 0)
(0.257042 0.00716809 3.77072e-17)
(0.26723 0.0626891 1.66883e-17)
(0.247574 -0.0344117 2.27289e-17)
(0.312467 0.0810824 4.35964e-17)
(0.356364 -0.114779 2.20584e-17)
(0.303229 0.0207107 5.55555e-18)
(0.350037 -0.144224 -1.65245e-17)
(0.241449 -0.150706 -2.2166e-17)
(0.360425 -0.084441 5.52081e-18)
(0.36265 -0.0539999 0)
(0.363204 -0.0241303 -5.52892e-18)
(0.341084 -0.171791 -5.49515e-18)
(0.252359 -0.0193816 -2.22887e-17)
(0.199293 -0.179592 4.4439e-17)
(0.0187926 0.0124319 -2.10306e-17)
(0.36219 0.00467506 -1.65766e-17)
(0.33857 0.0915093 -2.20696e-17)
(0.359412 0.0318207 -1.65545e-17)
(-0.0375199 0.00706309 5.66791e-18)
(0.303579 0.0562805 1.60639e-17)
(0.305851 0.137069 2.21154e-17)
(-0.0436192 0.0165693 1.11327e-17)
(-0.0503767 0.0274803 0)
(0.0141303 0.00352944 -1.20799e-17)
(0.0189294 0.00403814 -3.87099e-17)
(-0.021847 0.0365783 4.55326e-17)
(0.0070851 -0.00220512 5.26286e-18)
(0.282411 -0.13312 -2.21225e-17)
(0.252538 -0.10979 5.55201e-18)
(-0.0400358 0.037027 0)
(-0.0194829 0.00345929 -4.67979e-17)
(0.0160963 0.0108882 0)
(0.354528 0.0566936 -2.75926e-17)
(0.234237 -0.058247 2.22642e-17)
(0.233584 -0.0787467 2.22812e-17)
(0.328719 -0.202699 -2.19185e-17)
(0.290329 0.00267313 2.76024e-17)
(0.251681 -0.0463894 -2.22699e-17)
(0.35438 -0.129803 0)
(0.239422 -0.0889643 -4.4444e-17)
(0.317387 0.0689476 -2.65429e-17)
(0.346318 -0.157549 2.75144e-17)
(0.239284 0.0610357 2.23097e-17)
(0.359733 -0.100466 -1.65406e-17)
(0.362738 -0.0704822 0)
(0.363711 -0.0406107 5.53189e-18)
(0.298626 0.00769972 -1.11049e-17)
(0.320629 -0.204004 -5.48876e-18)
(0.32211 0.0256253 1.6616e-17)
(0.36282 -0.011521 0)
(0.23033 -0.0250194 2.46299e-17)
(0.240279 -0.0877373 -2.78496e-17)
(0.359997 0.0162227 4.96566e-17)
(0.224404 -0.0598694 0)
(0.201348 -0.0721374 1.11383e-17)
(0.25768 -0.120098 0)
(0.332626 -0.131491 5.51334e-18)
(0.208784 -0.0973341 -2.78599e-17)
(0.244945 0.094345 -1.913e-17)
(0.29454 -0.231708 1.64746e-17)
(0.215869 -0.071018 0)
(0.228837 -0.0982287 -2.93543e-17)
(0.201174 0.111893 2.24229e-17)
(0.264172 -0.14445 -5.53514e-18)
(0.234684 -0.0324813 -2.44513e-17)
(0.327292 0.0652612 -2.21194e-17)
(0.0860574 -0.0504308 -5.67549e-18)
(0.355055 0.0419426 0)
(0.213794 -0.159441 0)
(0.342036 -0.152 -5.50194e-18)
(0.304488 -0.157072 0)
(0.285571 -0.170209 2.75849e-17)
(0.188541 -0.122025 0)
(0.332322 -0.161377 5.5025e-18)
(0.346205 0.0967056 0)
(0.357724 -0.0988886 1.65472e-17)
(0.285211 -0.0542879 0)
(0.284974 -0.144496 2.21225e-17)
(0.352827 0.0610553 5.50686e-18)
(0.27831 0.0461131 3.89071e-17)
(0.320016 -0.152213 -2.7561e-17)
(0.32904 -0.196372 0)
(0.342089 0.0784308 0)
(0.21677 0.0191653 2.19121e-17)
(0.223724 -0.0896798 3.44153e-17)
(0.212135 -0.0633681 0)
(0.21778 -0.132101 0)
(0.355275 0.0354271 3.84736e-17)
(0.360593 -0.0140437 2.2109e-17)
(0.234405 0.0325822 -5.67273e-18)
(0.315679 0.150371 0)
(0.249922 0.047035 2.22923e-17)
(0.277488 0.00450381 1.11345e-17)
(0.328447 0.127625 -5.5229e-18)
(0.176646 0.0666537 0)
(0.336388 0.0672394 5.49585e-18)
(0.204421 0.0309695 -1.00458e-17)
(0.338822 0.114373 0)
(0.348237 0.083875 0)
(0.288804 0.0276117 -1.11075e-17)
(0.335157 -0.182679 5.49068e-18)
(0.310476 0.0457775 -1.10838e-17)
(0.254289 -0.0769386 5.55276e-18)
(0.205522 -0.0806047 1.1109e-17)
(0.216575 0.188191 1.04153e-17)
(0.347019 0.0785586 0)
(0.347635 0.0649763 1.10328e-17)
(0.312515 0.0585536 -3.14479e-21)
(0.261538 0.0414687 5.57069e-18)
(0.252092 0.125762 0)
(0.339939 0.0591113 5.52783e-17)
(0.23909 -0.129257 2.77691e-17)
(0.340916 0.103099 -5.51891e-18)
(0.222126 0.028549 -1.66324e-17)
(0.350539 0.0751364 0)
(0.21633 -0.12428 -2.88718e-17)
(0.211306 -0.10534 3.92835e-17)
(0.329318 -0.174739 -5.4981e-18)
(0.235318 -0.119193 5.55539e-18)
(0.187736 -0.145988 2.36965e-17)
(0.292244 0.0400539 -3.33364e-17)
(0.31063 0.16337 0)
(0.297936 0.165515 -2.7696e-17)
(0.236466 0.0423133 0)
(0.351415 -0.126374 -2.20336e-17)
(0.336766 0.0967705 4.97128e-17)
(0.324102 0.143643 -5.68978e-21)
(0.259722 -0.110569 2.2172e-17)
(0.343371 -0.00571468 2.76878e-17)
(0.200626 -0.0760501 0)
(0.343802 -0.138238 -5.50542e-18)
(0.351863 -0.112555 1.65224e-17)
(0.275756 0.196968 0)
(0.210082 0.0555677 5.88867e-18)
(0.297841 0.121434 2.21691e-17)
(0.313039 -0.193503 -1.64966e-17)
(0.0766272 -0.0568587 0)
(0.349633 0.0372115 0)
(0.327849 0.0778674 0)
(0.190346 0.244141 0)
(0.317217 -0.180932 2.19965e-17)
(0.157729 0.248054 2.82894e-17)
(0.265282 -0.146554 -2.22089e-17)
(0.330831 0.118221 -5.52274e-18)
(0.257695 0.100113 -2.22562e-17)
(0.312652 -0.111134 1.6598e-17)
(0.225741 0.0555883 0)
(0.131922 -0.0761807 5.59086e-18)
(0.209353 0.0922031 5.03618e-17)
(0.319661 0.143742 0)
(0.338848 0.0451645 -2.76375e-17)
(0.221764 0.104119 -5.58888e-18)
(0.271994 0.112841 -1.66711e-17)
(0.315614 0.157279 0)
(0.265596 0.0121359 -2.52999e-21)
(0.314348 0.093396 -4.42992e-17)
(0.244434 0.0275282 -5.67844e-18)
(0.288133 -0.118901 0)
(0.206243 0.108618 0)
(0.188343 -0.130133 -1.84096e-17)
(0.253383 -0.160188 8.36331e-22)
(0.337628 0.0847129 -2.20916e-17)
(0.325021 0.0394075 -1.66185e-17)
(0.318528 0.128991 -2.21166e-17)
(0.215296 -0.151493 0)
(0.207424 0.040483 2.61712e-17)
(0.270001 0.0236869 1.12445e-17)
(0.315745 0.136336 -4.25216e-21)
(0.223969 0.0463332 -5.68879e-18)
(0.272083 0.171549 0)
(0.109166 -0.0881322 -3.90005e-17)
(0.140867 -0.0674499 -4.513e-17)
(0.173361 0.0683489 0)
(0.240734 0.101115 2.2299e-17)
(0.310591 0.121346 2.2141e-17)
(0.269249 -0.214618 0)
(0.24122 0.115153 -2.23009e-17)
(0.212224 -0.109818 -2.21914e-17)
(0.186285 -0.0860373 2.29318e-17)
(0.303785 0.161312 1.66138e-17)
(0.199206 0.08244 0)
(0.214443 0.156265 -2.19507e-17)
(0.286136 0.113911 -2.21977e-17)
(0.258516 0.0304721 5.67524e-18)
(0.246726 -0.123321 0)
(0.306606 0.148622 0)
(0.327737 0.133982 -1.65555e-17)
(0.200678 -0.121652 2.219e-17)
(0.257908 0.105451 -5.56497e-18)
(0.222896 0.0917049 0)
(0.215647 0.147794 0)
(0.356751 -0.085334 -3.86101e-17)
(0.354326 -0.00290891 -5.52613e-18)
(0.184123 -0.151461 5.96301e-18)
(0.324335 0.111054 2.76485e-17)
(0.335658 0.0179187 1.66124e-17)
(0.331645 0.00346765 -3.87588e-17)
(0.296088 0.12744 -2.77139e-17)
(0.301392 0.140539 -2.21546e-17)
(0.301938 0.153246 2.76912e-17)
(0.304669 0.135329 4.98394e-17)
(0.356478 0.0125882 1.65803e-17)
(0.347989 0.0222827 -1.65716e-17)
(0.189976 0.0811023 -5.7064e-18)
(0.303603 -0.169173 0)
(0.312008 0.113133 -4.42759e-17)
(0.357876 -0.029731 -2.21128e-17)
(0.204198 0.0780515 -2.23759e-17)
(0.161737 -0.104126 2.22706e-17)
(0.325485 0.100813 -2.21089e-17)
(0.308689 0.168103 0)
(0.271797 0.155925 0)
(0.0811552 -0.357363 0)
(0.36124 -0.0704697 2.20949e-17)
(0.260765 0.195837 0)
(0.205482 0.0921075 -1.67868e-17)
(0.24214 0.0927943 0)
(0.184103 0.082841 0)
(0.232926 0.128912 0)
(0.254307 0.137086 -5.57054e-18)
(0.223546 0.0885497 0)
(0.280585 -0.230537 2.19858e-17)
(0.362166 -0.041948 -5.52995e-18)
(0.289021 0.160636 0)
(0.184618 0.106878 -2.83838e-17)
(0.213844 -0.162585 -2.22225e-17)
(0.217246 0.104825 0)
(0.358691 -0.0574575 5.52601e-18)
(0.182956 -0.238946 0)
(0.204556 -0.234967 1.67319e-17)
(0.22959 0.116215 0)
(0.254565 0.168345 0)
(0.233014 -0.189371 -2.22202e-17)
(0.267852 0.146031 0)
(0.291414 0.148839 -2.21832e-17)
(0.246598 0.12645 5.57269e-18)
(0.153305 -0.115869 0)
(0.313075 6.36885e-05 1.66618e-17)
(0.267337 0.13493 5.55967e-18)
(0.237249 0.153617 0)
(0.170519 0.0954295 -1.52658e-17)
(0.324187 -0.0447179 -2.77708e-17)
(0.224408 -0.149317 -1.59105e-21)
(0.279672 0.188683 -2.21996e-17)
(0.25239 0.177478 2.22279e-17)
(0.28599 0.151617 -2.21933e-17)
(0.240187 0.0702708 0)
(0.264529 0.18785 -1.66507e-17)
(0.264552 0.157418 0)
(0.288908 -0.0344917 -2.23087e-17)
(0.285468 0.140082 0)
(0.272383 0.0998861 5.56103e-18)
(0.265517 0.185845 5.55981e-18)
(0.280522 0.128641 0)
(0.296944 0.17339 5.54166e-18)
(0.1664 0.0694066 1.96463e-17)
(0.274012 0.144606 1.66704e-17)
(0.176878 0.269042 0)
(0.268952 0.0730575 -1.66914e-17)
(0.181858 -0.14779 0)
(0.181595 0.0845872 0)
(0.162607 0.0702381 -2.02345e-17)
(0.282371 0.163186 0)
(0.173826 -0.161648 0)
(0.209312 0.0630419 -5.83535e-18)
(0.15699 -0.189656 2.79955e-17)
(0.27528 0.174648 -2.22179e-17)
(0.300333 0.105577 -2.21716e-17)
(0.0840893 -0.278809 2.30886e-17)
(0.235057 0.173263 2.25937e-17)
(0.286932 0.184901 0)
(0.272163 0.133551 -5.55933e-18)
(0.193188 0.0971832 0)
(0.111099 -0.132877 -1.16104e-17)
(0.282855 0.172271 4.81421e-21)
(0.307384 0.169627 0)
(0.255524 -0.0257095 -2.8396e-17)
(0.197567 0.0949967 0)
(0.282149 0.180076 -5.54374e-18)
(0.233752 0.18361 1.76514e-17)
(0.222822 -0.203705 2.22008e-17)
(0.273695 0.183633 2.22236e-17)
(0.27167 0.0919302 1.66765e-17)
(0.174025 0.0906108 -9.4047e-18)
(0.300408 0.0964404 4.43388e-17)
(0.290229 0.177333 2.2179e-17)
(0.277865 0.187741 -5.5449e-18)
(0.281745 0.191251 0)
(0.240259 0.172464 0)
(0.151843 0.246964 2.26221e-17)
(0.286466 0.106946 1.66475e-17)
(0.276514 -0.0263245 2.83531e-17)
(0.139327 -0.164417 -5.55874e-18)
(0.289434 0.136972 0)
(0.118627 -0.154078 0)
(0.347829 -0.0308849 0)
(0.104679 -0.136302 -2.23462e-17)
(0.245267 0.215363 0)
(0.144345 0.252907 -2.29847e-17)
(0.107199 -0.100599 3.94844e-17)
(0.295577 0.155383 4.42095e-17)
(0.231137 0.104287 -2.23304e-17)
(0.312345 -0.0348916 0)
(0.234183 0.104271 -2.23261e-17)
(0.285882 0.0893223 0)
(0.289871 0.186637 0)
(0.239774 0.162548 0)
(0.192316 0.153431 1.69584e-17)
(0.180344 0.257282 0)
(0.0688203 -0.350969 0)
(0.255248 0.076567 0)
(0.176036 0.141888 0)
(0.185465 -0.334132 -5.55525e-18)
(0.193113 0.241966 0)
(0.341499 -0.0453088 2.76869e-17)
(0.25761 0.178601 -5.57083e-18)
(0.174261 0.263313 0)
(0.239848 0.103425 -2.23033e-17)
(0.284841 0.0793926 -5.55303e-18)
(0.107612 -0.148781 5.79204e-18)
(0.247752 0.138207 0)
(0.169038 0.132628 -2.18624e-17)
(0.247158 0.189519 -2.23536e-17)
(0.225398 0.0716729 5.69256e-18)
(0.187348 0.143723 -1.69119e-17)
(0.197928 0.0824686 2.85396e-17)
(0.14592 -0.187754 -2.23188e-17)
(0.249111 0.180176 0)
(0.196121 -0.192812 0)
(0.136416 -0.157396 0)
(0.142299 0.261684 0)
(0.189081 0.169408 -1.69258e-17)
(0.228189 0.215909 -5.60534e-18)
(0.238513 0.19116 2.23703e-17)
(0.0184593 -0.018246 1.35253e-17)
(0.218594 0.0933748 -5.63893e-18)
(0.102482 -0.128962 2.33888e-17)
(0.29895 0.171073 0)
(0.174255 0.174671 -1.79421e-17)
(0.265915 0.122807 5.5632e-18)
(0.338232 -0.0203785 0)
(0.266088 0.167336 -2.227e-17)
(0.262589 0.12422 5.56318e-18)
(0.183145 0.244214 -2.8322e-17)
(0.160623 -0.213026 0)
(0.235531 0.199908 -4.48394e-17)
(0.153736 0.237905 0)
(0.210091 0.206917 0)
(0.0815051 -0.220715 5.78926e-18)
(0.199492 0.218387 0)
(0.184112 0.184927 -1.69646e-17)
(0.186066 0.159934 -5.64487e-18)
(0.122206 -0.174941 -2.8106e-17)
(0.25644 0.0854056 5.5692e-18)
(0.241715 0.0863801 0)
(0.204498 -0.320881 -4.42927e-17)
(0.217394 0.177891 5.43071e-18)
(0.253364 0.113876 1.67107e-17)
(0.187691 -0.207745 -1.66688e-17)
(0.247727 0.160632 -2.23432e-17)
(0.275039 0.162655 0)
(0.320411 -0.0218394 2.22227e-17)
(0.258054 0.168874 5.01241e-17)
(0.217148 0.117495 -2.90574e-17)
(0.245473 0.114896 2.23027e-17)
(0.120453 -0.283818 -2.24982e-17)
(0.169634 0.191414 -2.02596e-17)
(0.182826 0.175929 -5.65749e-18)
(0.255254 0.112215 -2.22701e-17)
(0.313177 0.160445 0)
(0.210936 0.233623 0)
(0.292846 -0.237171 -5.54008e-18)
(0.0518179 -0.355706 0)
(0.294442 0.178621 2.769e-17)
(0.284317 -0.0149584 0)
(0.301761 0.175429 0)
(0.232514 0.224151 2.79789e-17)
(0.202363 0.210857 0)
(0.306922 -0.0131893 -2.22187e-17)
(0.227027 0.201727 -3.75486e-21)
(0.295807 0.180939 -2.21516e-17)
(0.104386 -0.154677 2.24312e-17)
(0.10856 -0.364469 5.63696e-18)
(0.187655 0.20824 2.02753e-17)
(0.271747 -0.00705902 -2.76356e-17)
(0.140454 -0.141969 0)
(0.0804787 -0.309781 0)
(0.167543 -0.324565 4.09729e-21)
(0.216188 0.0931332 0)
(0.142023 -0.34216 -5.61056e-18)
(0.205721 0.0743909 2.22905e-17)
(0.148207 0.23733 -1.69428e-17)
(0.167977 0.183655 2.00861e-17)
(0.0541812 -0.256354 -2.28595e-17)
(0.170202 0.216045 0)
(0.226027 0.0790644 0)
(0.191971 0.0818365 -5.70673e-18)
(0.177982 0.200342 0)
(0.210946 0.230832 -2.25725e-17)
(0.102377 -0.347573 -5.66423e-18)
(0.160198 -0.193864 1.67e-17)
(0.144744 -0.265859 5.59881e-18)
(0.177853 0.191504 0)
(0.238197 0.144225 -2.83151e-17)
(0.223479 0.209758 0)
(0.258642 0.149741 5.5623e-18)
(0.19211 0.223083 2.25928e-17)
(0.119968 -0.212219 0)
(0.249635 0.204797 0)
(0.161249 0.183168 1.04509e-17)
(0.292231 0.164345 -2.21135e-17)
(0.147853 -0.209468 2.80269e-17)
(0.215338 0.211978 0)
(0.15455 -0.210174 -2.23117e-17)
(0.211635 0.219304 2.24973e-17)
(0.241182 0.206612 2.23602e-17)
(0.137043 0.250545 5.13686e-18)
(0.149048 0.227895 -5.20709e-18)
(0.171077 0.207363 -2.39683e-17)
(0.159405 -0.234035 1.68797e-17)
(0.138199 0.239987 -5.0847e-18)
(0.203982 0.222204 -2.2524e-17)
(0.163218 0.222726 -2.33055e-17)
(0.0639631 -0.0857471 -2.45401e-17)
(0.189977 0.23921 2.82954e-17)
(0.122109 -0.346394 2.25177e-17)
(0.0952125 -0.238181 -2.30948e-17)
(0.142385 -0.315438 5.60772e-18)
(0.157014 0.221061 2.18162e-17)
(0.16147 0.230854 -2.26273e-17)
(0.0728825 -0.238193 -1.77419e-17)
(0.236371 0.214228 0)
(0.134405 0.266124 0)
(0.200419 0.228954 -2.25701e-17)
(0.139288 -0.245101 -5.61336e-18)
(0.144321 -0.301279 -5.59746e-18)
(0.153653 -0.251703 2.25195e-17)
(0.167923 0.248916 -2.27233e-17)
(0.260516 -0.278652 0)
(0.187241 0.196336 1.13523e-17)
(0.165441 0.240744 -2.2678e-17)
(0.158253 -0.306489 -2.43825e-21)
(0.108245 -0.323301 0)
(0.167421 0.232425 2.26399e-17)
(0.0726341 -0.171559 -1.30653e-18)
(0.193226 0.232804 -5.65649e-18)
(0.145476 -0.228961 0)
(0.289836 -0.18804 5.53729e-18)
(0.0298197 -0.291583 2.40696e-17)
(0.127876 -0.194752 -2.24821e-17)
(0.148303 -0.332447 5.5989e-18)
(0.0802729 -0.27175 0)
(0.0633489 -0.276794 -5.72161e-18)
(0.184314 0.219321 0)
(0.20499 0.226291 0)
(0.0911483 -0.217956 0)
(0.160471 0.15043 3.08932e-17)
(0.11393 -0.224561 0)
(0.258366 -0.232815 0)
(0.170963 0.0687262 -1.96284e-17)
(0.0954318 0.294016 -2.72228e-21)
(0.158187 -0.290573 0)
(0.096601 -0.312788 -2.25627e-17)
(0.0757752 -0.359669 0)
(0.170384 0.241259 -2.26854e-17)
(0.192788 0.249259 -2.27954e-17)
(0.110551 -0.340781 5.64123e-18)
(0.177918 -0.342751 5.56281e-18)
(0.0909999 -0.322197 0)
(0.0996504 -0.212063 -5.83813e-18)
(0.129492 -0.338188 0)
(0.124218 -0.213383 0)
(0.14368 0.131589 -1.06957e-17)
(0.130358 -0.257576 -5.62169e-18)
(0.179361 0.242763 1.70162e-17)
(0.197633 0.225389 -2.26432e-17)
(0.129436 0.352118 -2.34059e-17)
(0.156192 0.325654 8.71962e-19)
(0.00430726 -0.358535 0)
(0.166665 0.0680221 4.84437e-18)
(0.112926 -0.312373 0)
(0.0204019 -0.022795 1.56437e-17)
(0.216401 0.127141 4.71474e-17)
(0.119295 -0.266628 2.25248e-17)
(0.118285 0.270045 -2.40789e-17)
(0.199644 0.182037 2.81871e-17)
(0.172311 0.24938 5.67634e-18)
(0.148091 0.281341 0)
(0.13341 -0.276765 2.82079e-17)
(0.105415 -0.233357 -1.7459e-17)
(0.192124 0.196561 -2.84936e-17)
(0.16973 0.256504 -5.68203e-18)
(0.04051 -0.195439 0)
(0.189222 0.230214 4.52843e-17)
(0.099491 -0.197267 2.24661e-17)
(0.23417 -0.291953 2.21151e-17)
(0.223282 0.222835 5.617e-18)
(0.175952 0.196069 0)
(0.15005 -0.321509 2.23659e-17)
(0.176513 0.217446 0)
(0.16262 0.26428 -5.68196e-18)
(0.133957 0.321678 0)
(0.0976208 -0.218267 0)
(0.160223 0.271843 -1.71106e-17)
(0.191877 0.235019 -2.84298e-17)
(0.170439 0.285554 7.83579e-19)
(0.00675656 -0.339714 2.22718e-17)
(0.217697 0.231631 -2.24858e-17)
(0.0750382 -0.226626 -2.32157e-17)
(0.177629 0.234385 2.86571e-21)
(0.182101 0.235781 5.67644e-18)
(0.212948 0.234756 2.2552e-17)
(0.18726 0.220747 2.982e-21)
(0.126874 0.3276 -2.33494e-17)
(0.210423 0.152637 -2.25186e-17)
(0.164438 0.251225 0)
(0.0831324 -0.157497 0)
(0.196253 0.234903 5.6725e-18)
(0.180899 0.112228 5.7711e-18)
(0.150818 0.28868 -5.74123e-18)
(0.20674 0.239201 0)
(0.167713 0.18654 0)
(0.152904 0.280556 5.71584e-18)
(0.205467 0.127081 -2.24573e-17)
(0.07534 -0.202719 0)
(0.141863 0.305873 0)
(0.105674 -0.201274 0)
(0.160547 0.256624 2.84066e-17)
(0.210633 -0.206943 -2.20105e-17)
(0.183694 0.210972 1.70898e-17)
(0.166366 -0.323491 -1.67459e-17)
(0.190552 0.121538 1.64948e-17)
(0.0507221 -0.20846 -2.40319e-17)
(0.161597 -0.334876 -5.58503e-18)
(0.198765 0.199413 3.12499e-21)
(0.184299 0.204737 -2.01741e-17)
(0.143317 0.297441 0)
(0.182432 -0.215859 -1.68241e-17)
(0.164847 -0.344482 5.56705e-18)
(0.226358 -0.253161 5.52487e-18)
(0.129395 0.373414 -2.34212e-17)
(0.128654 0.311523 5.71977e-18)
(0.0941624 0.0707618 6.34361e-18)
(0.212724 0.198854 -3.40208e-21)
(0.350973 -0.035295 0)
(0.352146 -0.00530171 1.64872e-17)
(0.17486 0.22557 0)
(0.18003 0.226878 -2.2669e-17)
(0.00174242 -0.262005 0)
(0.198984 -0.331193 0)
(0.0502899 -0.222305 2.42108e-17)
(0.134443 0.313462 0)
(0.215421 0.218108 -2.25445e-17)
(0.172306 -0.29418 -2.23454e-17)
(0.150436 0.27272 0)
(0.30168 -0.0117972 -2.76495e-17)
(0.197167 0.246338 -5.67329e-18)
(0.232051 0.174768 1.68297e-17)
(0.299518 -0.0410435 -1.66105e-17)
(0.088399 -0.259775 2.28541e-17)
(0.207619 0.239302 2.26129e-17)
(0.158134 0.264711 -5.69899e-18)
(0.203626 0.157601 -3.049e-21)
(0.203797 0.233106 0)
(0.225517 0.144677 5.61682e-18)
(0.0680211 0.0142898 6.92127e-22)
(0.346999 -0.0980799 -5.52012e-18)
(0.34935 -0.066352 2.20396e-17)
(0.184941 0.202656 5.69735e-18)
(0.201228 0.241469 0)
(0.196824 -0.310932 -2.7383e-21)
(0.219428 0.232038 1.68724e-17)
(0.189499 0.213015 -2.26097e-17)
(0.220761 0.195577 -5.63596e-18)
(0.0427029 -0.16898 2.75171e-17)
(0.197023 0.246502 0)
(-9.2972e-05 -0.203795 0)
(0.00664198 -0.262221 0)
(0.299443 -0.0721881 5.53803e-18)
(0.300468 -0.105059 0)
(0.186567 0.220966 2.35832e-17)
(0.215559 0.224612 -2.25245e-17)
(0.288632 0.0807629 2.30795e-17)
(0.338255 -0.161054 5.50531e-18)
(0.343523 -0.129936 0)
(0.250541 0.0862422 4.08168e-17)
(0.192519 0.187787 5.6679e-18)
(0.20751 0.185834 2.25308e-17)
(0.222816 0.186872 -1.68755e-17)
(0.201596 0.242053 -1.69931e-17)
(0.301357 -0.139272 0)
(0.140108 0.288675 0)
(0.182906 -0.311321 5.00845e-17)
(-0.00259936 -0.130865 0)
(0.222899 0.168266 -2.2503e-17)
(0.268669 -0.183055 -5.55331e-18)
(0.196863 0.207517 0)
(0.206277 0.194484 4.51922e-17)
(0.0775068 -0.284172 0)
(0.225581 0.227133 2.80538e-17)
(0.172007 0.275884 0)
(0.199735 0.238762 0)
(0.120754 -0.296016 0)
(0.234146 -0.286169 0)
(-0.0360184 0.0426782 1.31778e-17)
(0.206747 0.217183 0)
(0.215144 0.181422 -2.82067e-17)
(0.237633 -0.227897 0)
(0.191832 -0.260096 2.24106e-17)
(0.234371 -0.299895 2.21654e-17)
(0.13803 0.297383 2.27017e-17)
(0.113419 -0.252142 5.64095e-18)
(0.14018 -0.303059 0)
(0.0256643 -0.094269 3.89904e-17)
(0.130015 0.302948 -2.85451e-17)
(0.0611581 -0.231927 0)
(0.212428 0.137867 0)
(0.221507 0.158424 -2.251e-17)
(0.225826 -0.228435 0)
(0.193664 -0.109307 2.79925e-17)
(0.052223 -0.130509 -4.2962e-17)
(0.16983 -0.276492 -2.23956e-17)
(0.222345 -0.303787 -1.66188e-17)
(0.0674353 0.226189 1.23581e-17)
(0.195244 -0.249763 -1.67832e-17)
(0.108484 -0.270276 0)
(0.00613824 -0.133871 0)
(0.19531 -0.238659 -5.58132e-18)
(0.298351 -0.206764 5.52233e-18)
(0.1683 -0.294961 -5.58701e-18)
(0.207953 -0.277924 0)
(0.266915 -0.25109 0)
(0.148281 -0.288545 2.80135e-17)
(0.135216 -0.263053 -2.81107e-17)
(0.246698 -0.280254 -5.51805e-18)
(0.35624 -0.0216815 5.5087e-18)
(0.231029 0.184142 2.81003e-17)
(0.205916 0.167378 0)
(0.228935 0.155071 1.687e-17)
(0.0669061 -0.266029 5.71407e-18)
(0.286404 -0.0250278 2.21709e-17)
(0.000481957 -0.235323 0)
(0.145808 0.11238 1.13691e-17)
(0.129826 -0.140285 0)
(0.353629 -0.0835859 -5.50507e-18)
(0.317493 -0.17582 5.51012e-18)
(0.00380395 -0.339173 5.11055e-17)
(0.215279 0.172157 5.63664e-18)
(0.197052 -0.296027 0)
(0.19295 0.137519 1.69336e-17)
(0.172637 0.125852 -5.47266e-18)
(0.28609 -0.0856158 -5.5301e-18)
(0.185438 0.127199 5.65345e-18)
(0.150371 0.315704 0)
(0.0780686 -0.153288 -4.35613e-17)
(0.141385 -0.246069 0)
(0.183777 -0.278635 0)
(0.287293 -0.221038 2.76424e-17)
(0.28371 0.0920217 0)
(0.345805 -0.146294 -5.48889e-18)
(0.206073 0.142338 0)
(0.171721 0.149251 0)
(0.226888 -0.276263 -2.21961e-17)
(0.171589 0.166614 -3.1582e-17)
(-0.00374234 -0.170618 0)
(0.197147 0.205802 1.74107e-18)
(0.164272 -0.256363 0)
(0.205482 -0.044743 2.21035e-17)
(0.255385 -0.264567 0)
(0.28988 -0.153511 0)
(0.0714329 -0.220646 -5.84127e-18)
(0.185072 -0.187626 2.23641e-17)
(0.05567 -0.00529409 -4.50369e-17)
(0.312065 -0.206818 -2.75391e-17)
(0.257524 -0.197284 4.42127e-17)
(0.104903 0.31378 -2.33684e-17)
(6.10017e-05 -0.170151 2.2964e-17)
(0.177501 -0.280813 -5.5772e-18)
(0.281535 -0.250753 -2.20501e-17)
(0.227178 -0.242254 5.55351e-18)
(0.248488 -0.29069 0)
(0.207735 -0.272482 2.22466e-17)
(0.221006 -0.275265 5.56197e-18)
(0.178416 -0.259163 -4.48419e-17)
(0.221033 -0.304847 0)
(0.0589775 -0.178289 0)
(0.210707 -0.294452 0)
(0.190211 -0.101279 -2.234e-17)
(0.171986 -0.240554 -5.60318e-18)
(0.220802 -0.0527151 0)
(0.227374 -0.0393472 0)
(0.206212 -0.30327 -5.54352e-18)
(0.0204427 -0.166467 3.95494e-17)
(0.214559 -0.256978 -5.54548e-18)
(0.00820003 -0.349004 -2.61638e-17)
(0.218671 -0.0217668 -2.40112e-17)
(0.0818386 -0.127005 2.17237e-17)
(0.156378 -0.0572662 1.19087e-17)
(0.0747172 -0.131174 2.24738e-17)
(0.197481 -0.286121 5.53837e-18)
(0.231907 -0.0097868 0)
(0.17651 0.158442 0)
(0.12147 0.139543 6.65747e-18)
(0.172915 -0.160718 -2.32374e-17)
(0.30088 -0.173593 -5.52477e-18)
(0.238004 -0.262757 2.21476e-17)
(0.269506 -0.218566 -2.7669e-17)
(0.109602 -0.168294 5.75523e-18)
(0.0455224 0.298175 0)
(0.133102 0.35774 2.2711e-17)
(0.10937 -0.187276 0)
(0.0976622 0.391585 1.81195e-17)
(0.1812 -0.0238906 -2.38999e-17)
(0.172733 0.28087 -1.63688e-17)
(0.00515272 -0.205451 0)
(0.161947 0.231748 2.47231e-17)
(0.118393 0.129019 4.81054e-17)
(0.0348356 -0.0413266 -2.56272e-17)
(0.153938 0.0559005 -2.06464e-17)
(0.148229 -0.164445 0)
(0.163673 0.078229 0)
(0.156276 0.199302 0)
(0.152539 0.210343 2.62112e-17)
(0.153883 -0.13165 -2.16098e-17)
(0.125748 0.168033 0)
(0.135524 0.343549 6.1551e-18)
(0.111148 0.244577 6.57695e-18)
(0.137656 0.101844 -1.72141e-17)
(0.00615012 -0.235291 0)
(0.0880898 0.123553 0)
(0.230835 -0.047387 0)
(0.0194826 -0.019797 0)
(0.0564077 0.267767 0)
(0.227382 0.00502407 -3.7811e-17)
(0.0884007 0.380321 0)
(0.236881 -0.0170281 0)
(0.165441 -0.126528 1.20719e-17)
(0.0450855 0.321538 0)
(0.253733 -0.00787874 -1.76358e-17)
(0.142125 0.358546 2.44383e-17)
(0.176592 -0.190412 -1.67609e-17)
(0.0662947 -0.00266497 -1.7599e-17)
(0.230617 0.0141527 1.12568e-17)
(0.250018 0.010367 0)
(0.032194 0.17274 0)
(0.147011 0.151464 2.56424e-17)
(0.159047 0.299721 1.43168e-21)
(0.012154 -0.324478 -3.92052e-17)
(0.185423 0.0635329 0)
(0.151699 0.331503 -2.61396e-17)
(0.00929781 -0.283314 1.34488e-17)
(0.0530729 -0.0060914 0)
(0.128004 0.152162 -4.73255e-17)
(0.058543 0.0219038 1.1663e-17)
(0.0605755 0.0177801 2.42929e-17)
(0.0841583 -0.0462839 2.37438e-17)
(0.070812 0.0374279 2.24016e-17)
(0.0778132 0.0457735 0)
(0.0782286 0.0164783 2.00055e-17)
(0.0961131 -0.048582 1.93555e-17)
(0.0577466 0.0237915 -5.98564e-18)
(0.0650733 0.0318526 0)
(0.0807685 0.0552228 0)
(0.0610664 0.0263022 4.81602e-17)
(0.0707918 -0.0503564 -2.39879e-17)
(0.0707051 0.019337 -3.19123e-17)
(0.0918468 -0.0393646 0)
(0.0278269 0.00830361 -2.31591e-17)
(0.0303233 0.0083568 0)
(0.041437 -0.02567 4.5361e-17)
(0.0315675 0.0146213 -2.39109e-17)
(0.0439792 0.0255605 0)
(0.0470177 0.0108785 3.85573e-17)
(0.0385646 -0.0280344 2.23151e-17)
(0.0632556 -0.0290252 0)
(0.0264001 0.00971655 -1.79401e-17)
(0.192873 0.126664 -1.72733e-19)
(0.0950991 0.0068246 2.4606e-18)
(0.0899074 0.00747066 -3.65164e-17)
(0.0360943 -0.251826 2.31105e-17)
(0.0733836 0.161986 3.85259e-17)
(0.0766921 0.148606 -2.56301e-17)
(0.0528117 0.00742884 2.36608e-17)
(0.122799 -0.195594 -5.85402e-18)
(0.0221503 -0.268107 -2.28747e-17)
(0.0560328 -0.214014 4.78529e-17)
(0.0288772 -0.225424 -2.61034e-17)
(0.00621791 -0.323831 -2.64856e-17)
(0.128714 -0.0403763 1.22548e-17)
(0.172121 0.145695 -7.31431e-18)
(0.055007 -0.0462639 2.60679e-17)
(0.0617651 -0.0468067 3.21043e-18)
(0.0998499 0.345249 0)
(0.0356728 -0.277943 -2.43394e-17)
(0.059923 -0.152928 -9.76312e-18)
(0.154808 -0.0191571 2.15045e-17)
(0.0754138 -0.0945231 -3.11151e-17)
(0.0445767 0.0835876 2.83601e-17)
(0.0819631 -0.0857311 2.24472e-17)
(0.0537379 -0.155902 2.34008e-17)
(0.112672 0.337876 0)
(0.00402455 -0.285856 3.12482e-18)
(0.0311151 -0.341017 2.45088e-17)
(0.17132 -0.108202 4.96504e-17)
(0.158733 0.0819932 1.00447e-17)
(0.0756444 -0.140484 0)
(0.143534 0.346484 -2.57391e-17)
(0.0257033 -0.0223844 -3.14882e-18)
(0.150272 -0.137486 0)
(0.0149241 -0.322798 -7.38947e-17)
(0.00319663 -0.357197 0)
(0.0350002 -0.00109578 0)
(0.0120069 -0.030785 2.61671e-17)
(0.149289 0.0584947 -1.22435e-17)
(-0.00727178 -0.0839828 -2.83185e-17)
(0.0971509 0.220879 1.98571e-17)
(0.0103526 -0.0238018 -2.23019e-17)
(0.111117 0.328306 0)
(0.0727128 -0.148145 0)
(0.141153 0.34216 0)
(0.0670393 -0.154628 1.53335e-18)
(0.0969992 -0.0828241 -4.79757e-17)
(0.0588124 0.0191672 1.20961e-17)
(0.0793249 -0.0488307 -2.33458e-17)
(0.0289567 -0.0956021 2.88336e-17)
(0.131427 0.250934 -7.68617e-19)
(0.0312173 -0.356632 -4.35811e-17)
(0.111253 -0.0821935 2.4873e-17)
(0.103402 0.323382 0)
(0.0714054 -0.0808245 0)
(0.0381081 -0.227885 -1.73041e-17)
(0.0206536 -0.337699 4.8963e-17)
(0.147154 0.0651826 0)
(0.119272 0.259552 1.4816e-17)
(0.046728 -0.155912 -1.27533e-17)
(0.159162 0.0954036 2.85186e-17)
(0.0602776 -0.02053 0)
(0.0907991 -0.0329255 -2.98872e-17)
(0.0338179 -0.11015 1.26305e-17)
(-0.00118807 0.00238266 1.24848e-17)
(0.0372907 -0.363362 2.58845e-17)
(0.0907962 0.255983 -2.40739e-17)
(0.156476 0.169306 0)
(0.0168342 -0.0232163 0)
(0.00326073 -0.0202521 0)
(0.130435 0.179695 1.59543e-17)
(0.00385578 -0.306086 2.9465e-17)
(0.162881 -0.11676 1.81462e-21)
(0.0471843 -0.0455151 1.95303e-17)
(0.0434024 -0.0443381 -2.27031e-17)
(0.00735092 -0.0235986 -2.33133e-17)
(0.00728533 -0.0234018 0)
(0.183998 0.0597015 0)
(0.247952 -0.0177349 0)
(0.210203 -0.0273824 -1.38899e-17)
(0.0326445 -0.0385553 2.41656e-17)
(0.1582 0.312085 5.33598e-17)
(0.149976 0.343982 0)
(0.190674 -0.0795504 -2.29811e-17)
(0.0258809 -0.0841987 -1.19408e-17)
(0.0401358 -0.150548 -2.63668e-17)
(0.0289749 -0.107043 -1.21968e-17)
(0.241579 0.0173371 0)
(0.166611 0.295745 -1.41235e-17)
(0.0813665 0.337139 1.82774e-17)
(0.0119369 -0.263181 -2.38011e-17)
(0.180781 0.148739 3.64237e-17)
(0.191646 0.0393883 -2.58815e-17)
(0.202553 0.153398 -3.39109e-17)
(0.18649 0.0585318 0)
(0.000705921 -0.0151843 1.37e-17)
(0.0107611 -0.236978 -1.41029e-17)
(-0.00990022 -0.116165 -1.31568e-17)
(0.164605 0.197299 2.56399e-17)
(0.0705509 0.0130697 -3.21569e-17)
(0.146716 0.0602844 0)
(0.158438 0.213419 -1.35538e-17)
(0.148229 0.132163 0)
(0.0916109 0.235265 -2.60744e-17)
(0.125284 0.0840245 -1.49393e-17)
(0.00798001 -0.170414 -1.52411e-17)
(0.0817043 0.061268 0)
(0.167321 0.173148 3.38438e-18)
(-0.00112968 -0.0472229 0)
(-0.000561155 -0.157011 0)
(0.034378 -0.145276 -1.55322e-17)
(0.14086 0.0645649 0)
(-0.00110492 -0.0156878 -1.42765e-17)
(0.0812064 0.127097 0)
(0.0658768 0.200492 2.52666e-17)
(0.0171611 -0.348587 -2.63442e-17)
(0.146745 -0.0051034 -2.72181e-17)
(0.149684 0.00223366 -2.79742e-17)
(0.0012647 -0.0476235 0)
(0.00538248 -0.0235881 0)
(0.102825 -0.0352717 -3.60329e-17)
(0.0235351 -0.0295602 -3.06816e-17)
(0.0188376 -0.0324037 -1.49668e-17)
(0.120284 0.127196 1.39294e-17)
(0.0274111 -0.309974 1.55364e-18)
(0.161543 0.295307 2.58852e-17)
(0.122646 0.11851 1.3183e-17)
(0.125155 0.101882 3.49552e-17)
(-0.00309799 0.00780489 1.27405e-17)
(0.0686843 0.38911 -5.38847e-17)
(0.0548382 -0.23889 -3.05709e-17)
(0.19177 0.116456 0)
(0.136749 0.124112 1.66239e-17)
(-0.00470347 -0.000701121 -1.46316e-17)
(0.14704 0.0584485 5.9262e-18)
(0.0686312 0.180615 0)
(0.0451536 0.0676717 1.36332e-17)
(0.0650395 0.163373 -2.77546e-17)
(0.121522 0.152227 0)
(0.12868 0.0973467 -1.07973e-21)
(0.0813763 0.0877421 0)
(0.0863464 0.107978 -1.74436e-18)
(0.0787082 0.0817877 -2.75436e-17)
(0.0780095 0.0939655 7.08453e-18)
(0.0844084 -0.00114999 4.51275e-17)
(0.0928921 0.000487208 -1.41376e-17)
(0.0616608 -0.0144573 -3.64956e-17)
(0.0374343 -0.0409278 -5.93361e-17)
(0.127081 0.210727 4.32462e-17)
(0.105489 -0.095034 2.90349e-17)
(0.0955712 -0.00471678 -1.47976e-17)
(0.0903389 -0.0105977 3.19774e-17)
(0.0140919 0.19384 0)
(0.15031 0.327545 1.0435e-21)
(0.0495858 -0.019856 2.49424e-17)
(0.0853173 0.0697859 -2.41074e-17)
(0.113539 -0.0462593 2.23582e-17)
(0.022159 -0.355245 -3.3055e-17)
(0.0100952 -0.0205446 -1.14595e-17)
(0.0746498 0.00847617 -3.87243e-17)
(0.126568 -0.118677 -1.39906e-17)
(0.15733 -0.0134468 6.60792e-18)
(0.0669735 -0.178156 -1.17434e-17)
(0.139526 0.145347 0)
(0.00271146 -0.306978 0)
(0.0595085 -0.0726272 3.68646e-17)
(0.0165439 -0.0182061 6.6292e-18)
(-0.00630291 0.00407802 0)
(0.00325935 -0.363813 0)
(0.144761 0.326198 0)
(0.141701 -0.112785 1.53757e-17)
(0.141016 0.108803 1.55723e-17)
(0.201967 0.0624415 -8.295e-18)
(0.0165773 -0.0160043 1.31583e-17)
(0.157647 0.309263 0)
(0.000490482 0.000796599 -2.34449e-17)
(0.164875 0.147991 -8.6795e-18)
(0.171581 0.278956 0)
(-0.0239223 -0.152759 2.71655e-17)
(0.173132 -0.0322512 -4.7787e-17)
(0.0369534 -0.249719 2.88555e-17)
(0.0640902 0.369512 0)
(0.140643 0.0982167 2.96257e-17)
(0.100157 0.035099 -2.76899e-17)
(0.0553119 -0.0948408 9.60915e-18)
(0.181472 0.16233 -6.74808e-18)
(0.158845 0.156071 -3.17029e-17)
(0.158536 0.102755 -3.73133e-17)
(0.149223 -0.0848019 -2.90961e-17)
(0.0102156 -0.348269 1.47342e-17)
(0.027131 -0.10685 -2.99445e-17)
(0.180484 0.140136 4.29285e-17)
(0.0308059 0.00155591 3.07761e-17)
(0.152626 0.058039 6.03373e-18)
(0.137535 0.20471 0)
(0.0822627 -0.174498 0)
(0.0213519 -0.0823804 2.63482e-17)
(0.118223 0.00118372 0)
(0.0966633 0.326081 -7.60052e-18)
(0.0456258 0.0338842 1.19174e-17)
(0.0252972 -0.12401 3.24683e-17)
(0.0376017 0.115395 1.40252e-17)
(0.0372846 -0.351811 -2.41961e-17)
(0.100986 0.0404557 -2.79643e-17)
(0.173493 -0.103439 -5.67776e-17)
(0.145769 0.332401 -2.40888e-17)
(0.0852625 0.274718 2.52179e-17)
(0.0512412 -0.175479 1.27977e-17)
(0.0912288 0.413629 4.81596e-17)
(0.20443 -0.0396177 -2.77895e-17)
(0.127856 -0.0764807 -1.44117e-17)
(0.130154 0.261164 -1.36878e-17)
(0.00443071 -0.0295772 3.60498e-17)
(0.0803491 -0.0992286 2.85246e-17)
(0.145856 0.226712 -1.32079e-17)
(0.12031 -0.0919754 3.95215e-18)
(0.148227 0.0696207 0)
(0.0903532 0.338055 3.53157e-18)
(0.0779966 0.142153 1.59058e-17)
(0.011026 0.220038 0)
(-0.00821111 0.000447459 -1.51166e-17)
(0.192856 0.101879 1.41028e-17)
(0.16116 0.307286 -2.8284e-17)
(0.0740032 -0.12396 -3.20706e-17)
(0.120932 -0.0210187 4.37407e-19)
(0.180767 -0.00630202 2.17046e-17)
(0.00371639 -0.0201994 -1.32845e-17)
(0.00307569 -0.202248 1.62486e-17)
(0.16729 0.28423 3.50387e-17)
(0.161724 0.0547722 -7.66075e-18)
(0.0463667 0.0684904 0)
(0.0262318 -0.0317566 -4.98466e-17)
(0.140789 0.0527411 -5.92134e-17)
(0.229395 0.0711782 -2.01805e-17)
(0.0301091 -0.364405 -1.30909e-17)
(0.22321 -0.0100771 4.68263e-17)
(0.0288508 0.339802 -1.59133e-17)
(0.192323 -0.0857415 -1.76629e-17)
(0.207279 -0.00449005 -4.31869e-17)
(-0.00519832 -0.101075 0)
(0.0865298 0.319158 7.60424e-18)
(0.0250943 -0.121332 -2.68058e-17)
(0.0737544 0.313115 -1.59516e-17)
(0.128471 0.0650491 3.07259e-17)
(0.169788 0.288629 1.10511e-17)
(0.0853355 0.11639 1.49695e-17)
(0.00920705 -0.360772 0)
(0.028462 -0.340938 1.22902e-17)
(0.125743 0.113337 0)
(0.107522 0.0304009 0)
(0.10999 0.0535045 -1.30858e-17)
(0.0350673 -0.3485 -3.83675e-21)
(0.124049 0.0881787 -1.84723e-17)
(0.0885298 -0.15174 7.97861e-18)
(0.138261 -0.115978 0)
(0.161385 0.298675 2.69436e-17)
(0.172784 0.188853 2.5885e-17)
(0.012214 -0.0438507 1.53149e-17)
(0.0791718 0.033655 4.1091e-17)
(0.0359668 -0.158596 1.64255e-17)
(0.0386898 0.0420229 -6.32328e-18)
(-0.0340891 0.0452933 -1.64614e-17)
(0.194612 0.0475688 -3.8961e-17)
(0.00301174 -0.0101701 3.50775e-17)
(0.175589 0.118215 -1.6712e-17)
(0.0281701 -0.161771 2.3252e-18)
(0.203037 0.164208 8.66572e-18)
(0.0362031 0.0862661 0)
(0.165798 0.167945 3.28047e-17)
(0.00827981 -0.103356 0)
(0.164867 0.206422 1.48557e-17)
(0.0421472 -0.00765919 -4.89693e-17)
(0.219689 -0.0359942 1.70694e-17)
(0.0329073 -0.00478621 2.23939e-18)
(0.0368192 0.035319 0)
(0.24066 0.065681 2.96152e-17)
(0.110374 -0.0938137 0)
(0.132663 0.0385694 0)
(0.0810015 -0.079894 0)
(0.0158221 -0.0985435 2.86113e-17)
(0.0977763 -0.0794904 -3.71851e-17)
(0.0474054 0.279345 8.76979e-18)
(0.0117924 -0.121245 -3.9151e-17)
(0.122283 -0.121541 1.68559e-17)
(0.0724151 0.032412 -3.32782e-17)
(0.0179029 -0.0862632 -3.23899e-17)
(0.10199 0.182625 -1.88395e-17)
(0.0934637 -0.0951312 -3.25776e-17)
(0.165753 0.134062 0)
(0.0186598 -0.345117 -3.60624e-17)
(0.137917 0.0940894 -6.54763e-22)
(0.166752 0.287058 5.94534e-22)
(0.0188012 -0.361573 0)
(0.170483 0.120137 -9.98937e-18)
(0.0197275 -0.363737 -4.72653e-17)
(0.109174 0.177858 0)
(0.170266 0.286242 2.25527e-17)
)
;

boundaryField
{
    back
    {
        type            empty;
    }
    front
    {
        type            empty;
    }
    top
    {
        type            codedFixedValue;
        value           nonuniform List<vector> 
15
(
(0 -0.355685 0)
(0 -0.336372 0)
(0 -0.259119 0)
(0 -0.201179 0)
(0 -0.259119 0)
(0 -0.130364 0)
(0 -0.130364 0)
(0 -0.336372 0)
(0 -0.355685 0)
(0 -0.304183 0)
(0 -0.0466736 0)
(0 -0.0466736 0)
(0 -0.304183 0)
(0 -0.362122 0)
(0 -0.201179 0)
)
;
        name            ParabolicTimeDependentU_max;
        code            #{
		const vectorField& Cf = patch().Cf();
		vectorField& field = *this;

		const scalar r = 18.0*1e-3;
		const scalar Umax = 0.4;
		const scalar Umin = 0.02;

		scalar 	Uvar = 0.08;
		scalar 	t = this->db().time().value();
		scalar	tau = fmod(t,1);
		
		if (tau > 0 && tau <= 0.35)
		{
			Uvar = 0.08+Umax*(1-(pow(tau-0.175,2)/(0.175*0.175)));
		}
		if (tau > 0.35 && tau <= 0.6)
		{
			Uvar = 0.08+Umin*(-1+(pow(tau-0.475,2)/(0.125*0.125)));
		}
		if (tau > 0.6 && tau <= 1)
		{
			Uvar = 0.08;
		}
		
		forAll(Cf, faceI)
		{
			const scalar x = Cf[faceI][0];
			const scalar y = Cf[faceI][1];
			field[faceI] = vector(0, Uvar*(-1+(pow(x+(0.02+r),2))/(r*r)), 0);
		}
	#};
    }
    outer_arc
    {
        type            noSlip;
    }
    bottom
    {
        type            zeroGradient;
    }
    inner_arc
    {
        type            noSlip;
    }
}


// ************************************************************************* //
