/*--------------------------------*- C++ -*----------------------------------*\
  =========                 |
  \\      /  F ield         | OpenFOAM: The Open Source CFD Toolbox
   \\    /   O peration     | Website:  https://openfoam.org
    \\  /    A nd           | Version:  9
     \\/     M anipulation  |
\*---------------------------------------------------------------------------*/
FoamFile
{
    format      ascii;
    class       surfaceScalarField;
    location    "2.76";
    object      phi;
}
// * * * * * * * * * * * * * * * * * * * * * * * * * * * * * * * * * * * * * //

dimensions      [0 3 -1 0 0 0 0];

internalField   nonuniform List<scalar> 
2420
(
1.19179e-06
-1.1609e-06
-3.08922e-08
2.30651e-07
-2.30651e-07
3.1919e-07
-2.86698e-07
-3.24913e-08
-2.54153e-07
2.54153e-07
-4.22217e-07
1.72952e-07
2.49265e-07
9.78751e-08
-1.18159e-07
2.02836e-08
1.71167e-07
1.48023e-07
-6.32982e-07
4.1733e-08
5.91249e-07
1.28278e-06
-1.41622e-06
1.33445e-07
-3.35905e-07
-8.63119e-08
-1.21201e-06
3.13287e-07
8.98719e-07
-1.0304e-06
-1.81603e-07
-6.32982e-07
-9.11617e-08
-4.96337e-08
1.40795e-07
-8.86503e-08
-3.37791e-07
4.26441e-07
-1.22036e-07
2.50944e-07
-1.28908e-07
3.3951e-08
1.77073e-07
-2.11024e-07
2.43042e-07
-4.90417e-07
2.47375e-07
5.13353e-08
-8.98054e-08
3.84701e-08
-1.18522e-07
2.73606e-08
1.93019e-08
1.97905e-07
-2.17207e-07
-1.68908e-08
-3.74097e-07
5.33655e-07
-1.59557e-07
-4.76452e-07
1.02355e-07
3.78141e-07
8.13651e-07
-4.36409e-08
7.75919e-08
6.08147e-08
-1.82851e-07
-4.7713e-07
-9.11329e-07
1.38846e-06
-1.09453e-06
6.17397e-07
2.03757e-07
-1.07347e-07
-9.64103e-08
-5.87598e-07
-2.51671e-07
8.39269e-07
-2.54513e-08
4.60571e-07
-4.35119e-07
-4.49852e-07
4.27799e-07
2.2053e-08
-8.06745e-08
1.23665e-07
-4.29903e-08
-2.13527e-07
4.56568e-07
-1.24862e-07
4.41877e-08
2.95022e-08
6.83729e-08
1.45777e-07
8.48735e-08
-4.91005e-08
-4.00752e-07
-2.67041e-08
-2.03947e-07
1.2241e-07
-1.03108e-07
4.53972e-07
4.6874e-08
-5.00846e-07
3.21247e-07
-3.70347e-07
1.33339e-07
-1.64485e-07
3.11453e-08
1.12764e-07
-7.67367e-08
-3.60275e-08
2.81933e-08
-2.82346e-07
9.164e-08
1.62513e-07
1.37255e-07
-2.44907e-08
-1.45679e-07
2.53788e-07
-1.08109e-07
-5.91939e-08
3.80441e-07
-4.03074e-08
-7.78513e-08
-3.1215e-07
-5.67471e-07
4.78821e-07
-8.90506e-07
-5.25716e-07
1.17675e-07
1.21852e-07
-2.39527e-07
2.27393e-07
-1.13583e-07
-1.1381e-07
-3.06481e-08
2.37251e-09
2.82755e-08
6.50663e-07
-3.37376e-07
-4.7546e-07
3.49654e-07
1.25807e-07
3.83706e-07
-1.56314e-07
8.12328e-08
-6.68831e-07
-1.20585e-08
-1.29639e-08
2.50223e-08
-7.11938e-07
-4.48961e-07
-8.42996e-07
8.84729e-07
2.10436e-07
-1.3801e-07
-7.24262e-08
-5.35117e-07
2.83446e-07
-2.72591e-07
2.06161e-07
6.643e-08
-6.22617e-07
5.56472e-07
6.61451e-08
1.65527e-07
-3.79054e-07
-2.24805e-08
2.80454e-08
-3.6395e-07
1.99968e-07
-2.68948e-07
6.89802e-08
-8.4625e-08
-2.53166e-07
3.05273e-07
1.03013e-07
-4.08286e-07
-1.30819e-07
8.53374e-08
4.54815e-08
-1.05175e-06
-4.27745e-08
-1.38197e-07
3.03724e-07
9.17623e-08
9.71407e-08
1.06617e-07
1.66876e-07
4.35595e-08
-9.58544e-08
-3.49645e-08
2.73836e-07
-1.5616e-07
-2.4013e-08
1.57352e-07
1.16613e-07
1.71808e-07
-2.88421e-07
-1.04916e-07
-1.11363e-07
2.16279e-07
4.0666e-07
-1.01388e-07
2.35605e-07
-3.56373e-08
-9.97474e-08
1.48607e-07
-4.88592e-08
-4.06117e-07
1.5709e-07
2.49027e-07
-1.74655e-07
-2.31462e-07
6.17548e-09
-3.86668e-08
-4.93561e-08
1.00691e-07
2.07241e-08
-1.66403e-07
4.08156e-08
-3.81659e-08
-2.6497e-09
-5.75471e-08
-3.22584e-08
-2.40999e-07
-3.15918e-08
-4.65429e-07
-1.00317e-08
2.26671e-07
2.339e-07
-4.67313e-07
1.59498e-07
3.07815e-07
1.31056e-07
-1.24881e-07
-2.18936e-07
2.82788e-07
-6.38523e-08
1.50735e-07
1.03053e-07
-2.38677e-07
1.97406e-08
2.44665e-07
-2.91157e-07
4.64921e-08
-2.20523e-08
9.99387e-09
-9.97862e-07
1.92607e-07
8.05255e-07
-1.87141e-09
-1.05476e-07
-1.85183e-07
-2.8213e-07
1.44573e-07
-2.58156e-07
-2.46117e-09
-3.34274e-07
3.36735e-07
2.66303e-08
-1.05703e-06
3.00169e-07
-1.55596e-07
3.34302e-07
-2.17689e-07
9.16294e-07
-1.31478e-07
-7.84817e-07
-2.79571e-07
-8.42818e-07
-1.55044e-07
3.77847e-07
-2.86547e-07
1.868e-07
2.32318e-07
1.23464e-08
2.25689e-07
7.44808e-08
1.77984e-08
-4.92466e-07
4.74667e-07
1.69078e-08
-5.37716e-07
5.20809e-07
-2.59346e-07
-9.241e-08
3.51756e-07
-2.38662e-07
-2.33669e-09
-7.68381e-07
1.78031e-07
5.90351e-07
-3.25649e-07
2.66456e-07
6.50994e-08
-2.42837e-08
1.39258e-07
1.11686e-07
1.69846e-07
-3.72914e-07
2.03068e-07
3.24287e-07
-1.41421e-07
-1.82865e-07
-3.3798e-07
3.35519e-07
-1.02573e-06
1.82733e-07
-5.07369e-07
-2.61013e-07
-2.97566e-08
2.97566e-08
1.39343e-07
-2.97857e-08
-1.09557e-07
-3.09066e-07
-1.38552e-07
4.47618e-07
-5.67471e-07
2.37251e-09
1.94013e-07
1.21473e-08
3.83706e-07
8.90902e-08
-2.82755e-08
-8.90902e-08
7.95417e-08
9.54856e-09
2.95801e-08
3.88073e-07
-4.17653e-07
1.59503e-07
2.11024e-07
-3.70526e-07
-3.88073e-07
4.05871e-07
-1.98263e-07
4.17653e-07
-2.1939e-07
6.93748e-08
1.56314e-07
-1.50015e-07
-6.93748e-08
2.1939e-07
-6.07025e-07
6.01039e-07
5.98647e-09
6.07025e-07
-5.25793e-07
-6.01039e-07
3.70526e-07
2.30513e-07
-4.05871e-07
5.08885e-07
-5.08885e-07
5.25793e-07
1.03415e-07
-2.14778e-07
-3.05724e-08
-2.95077e-07
7.5265e-08
-2.13275e-07
-2.47626e-07
4.77537e-07
-2.29912e-07
7.34762e-08
-7.18005e-08
-4.45888e-07
4.23872e-07
-5.6738e-07
1.43508e-07
-1.08954e-06
1.9903e-07
3.56901e-07
1.20636e-07
3.86481e-07
8.60414e-08
-5.5147e-07
-1.43704e-06
6.83183e-07
-8.1466e-07
4.41263e-08
1.77914e-08
-1.55988e-07
5.11785e-07
-3.34712e-07
-4.27393e-07
9.56278e-08
3.31765e-07
-3.84073e-07
2.34058e-07
-1.02717e-06
1.37022e-07
8.90152e-07
-8.34567e-07
7.58501e-08
2.48436e-07
-4.92555e-08
6.70469e-08
8.49325e-08
2.95141e-07
-3.80074e-07
-9.92065e-08
-1.93157e-08
4.32798e-08
-2.34197e-07
-1.93196e-07
1.71618e-08
-5.74692e-08
-2.02951e-07
-5.63956e-08
7.14291e-08
2.60693e-08
-9.74984e-08
-4.41999e-07
4.32011e-08
3.98797e-07
-1.13134e-07
1.72791e-08
-3.57066e-07
3.39351e-07
3.41694e-08
-3.7352e-07
-3.94696e-07
1.60499e-07
-6.89094e-08
-7.82722e-09
-6.27326e-08
4.97687e-08
-2.6209e-07
-3.3298e-08
2.95388e-07
-5.39436e-07
2.27287e-07
-4.64601e-07
-1.56221e-08
4.80223e-07
-3.1628e-08
7.72613e-08
-4.214e-07
3.55225e-08
1.13084e-07
-1.46772e-07
-2.47923e-07
-1.61043e-07
7.44613e-08
8.65821e-08
-7.05134e-08
-9.05301e-08
-3.42965e-08
-2.86572e-07
3.20868e-07
-7.2136e-08
2.70041e-07
-4.18794e-07
3.90061e-07
2.87334e-08
2.40008e-07
-2.73306e-07
-2.2973e-07
3.99575e-07
1.90046e-07
-6.63816e-08
6.43556e-07
-1.06798e-06
4.24422e-07
1.25099e-07
-6.64535e-07
1.12639e-07
8.61213e-07
1.59359e-08
-1.15142e-07
1.32646e-07
6.13676e-08
1.05984e-07
-2.30847e-07
2.7128e-08
3.96743e-07
2.65112e-07
7.21228e-07
-9.8634e-07
1.75242e-07
-3.22015e-07
2.41213e-08
1.83984e-08
3.48808e-07
7.89912e-08
-4.63876e-07
3.44411e-07
1.19465e-07
-6.99858e-08
5.5033e-07
-4.73556e-07
-7.67742e-08
8.5334e-08
4.64996e-07
-2.65758e-07
-7.84669e-07
1.33069e-07
6.516e-07
-5.91796e-08
-7.25489e-07
-3.37398e-07
4.42243e-07
-1.04845e-07
-1.57885e-07
4.38335e-08
1.14051e-07
-7.5614e-08
-8.2271e-08
1.86943e-07
1.16781e-07
4.25725e-07
-3.56641e-08
-4.4399e-07
1.06592e-07
-4.89178e-07
2.02224e-07
3.77838e-08
-4.61845e-07
5.47179e-07
4.67175e-07
1.43167e-07
-6.10342e-07
2.59559e-07
1.09446e-07
-3.80169e-08
7.03238e-07
-2.36063e-07
3.48895e-08
-5.13289e-09
-3.31006e-07
-1.3287e-07
-1.41506e-07
1.05869e-07
9.01682e-07
-4.33349e-07
-4.68333e-07
-8.2028e-07
-2.69256e-07
1.8378e-08
5.19653e-07
-8.37141e-08
-8.07705e-08
1.83226e-07
-9.21685e-08
-9.10578e-08
7.68655e-07
-2.20253e-08
4.4775e-07
-8.02866e-07
1.07243e-07
3.79378e-07
-4.86621e-07
-4.47896e-07
1.1689e-07
8.76844e-08
-1.3694e-07
3.71647e-07
-2.92655e-07
-3.63148e-07
-3.86411e-08
4.0179e-07
3.86408e-07
-9.12667e-08
6.11673e-07
-1.46677e-07
5.66933e-08
-2.30453e-08
2.06272e-07
8.02114e-07
-7.72884e-07
-2.92309e-08
3.43426e-07
2.82207e-08
1.7482e-07
-2.05392e-07
3.64743e-07
-4.34728e-07
2.33111e-07
-5.631e-08
-1.76801e-07
4.78821e-07
3.08837e-07
-1.21894e-07
4.05365e-08
3.84363e-08
3.47972e-07
1.73001e-07
-5.62194e-08
1.45959e-07
1.62878e-07
4.29776e-07
4.71906e-07
-8.59756e-08
-3.61921e-07
1.96842e-07
7.65422e-08
-2.73384e-07
4.3767e-07
2.90751e-07
-7.28421e-07
-2.74103e-07
2.31519e-07
4.25845e-08
7.30189e-07
-7.576e-07
2.74111e-08
-5.3705e-08
1.99664e-07
-1.11746e-07
-4.55725e-07
-3.15638e-07
2.03892e-07
-9.55377e-08
2.58415e-07
2.05339e-07
9.00489e-08
4.62859e-07
-3.29383e-07
-1.33477e-07
3.72159e-07
3.34674e-07
-3.68844e-07
2.76038e-09
2.72427e-08
2.70688e-07
-2.97931e-07
6.08996e-07
-5.13368e-07
7.38337e-08
1.2839e-07
4.58915e-07
1.38977e-08
-4.72812e-07
5.91249e-07
-8.53272e-07
-5.13289e-09
4.3678e-07
-2.82359e-07
-1.54421e-07
-3.69743e-07
4.69929e-07
-1.00186e-07
2.1676e-08
-9.51915e-10
2.1676e-08
-5.21085e-07
4.53236e-07
6.78488e-08
4.52598e-07
1.59076e-07
-4.35722e-07
4.7128e-07
-3.55573e-08
-4.37234e-07
4.55612e-07
3.46218e-08
-3.43354e-08
-2.86419e-10
6.60257e-07
-2.07659e-07
-5.97697e-09
-1.50972e-07
1.56949e-07
-5.05117e-07
6.6462e-07
-5.76987e-07
2.13839e-07
1.72979e-08
1.08455e-07
3.83225e-08
4.5704e-07
2.03217e-07
-3.66111e-07
4.73354e-07
-1.83478e-07
2.1072e-07
9.31159e-08
-6.21702e-08
3.4207e-08
-2.92378e-07
2.82346e-07
-2.92378e-07
-4.26944e-08
-7.97139e-08
4.59092e-07
3.67956e-07
-4.04861e-07
3.69044e-08
-4.02461e-07
3.80436e-07
2.18439e-07
-6.10246e-08
6.10246e-08
4.2452e-07
3.10922e-08
-1.45227e-07
1.10892e-07
4.50523e-07
9.66559e-08
3.53573e-07
1.43831e-08
2.98909e-07
-5.90815e-07
4.44137e-07
-1.07444e-07
-4.66297e-07
-5.61739e-07
1.28252e-07
4.33487e-07
1.19296e-07
-4.96525e-07
4.37346e-07
-4.55725e-07
-1.08503e-07
4.85177e-07
4.37797e-07
3.76964e-07
-2.89921e-08
3.6219e-07
-3.6219e-07
-1.24918e-07
-1.61654e-07
-4.52692e-07
-4.22194e-07
4.56401e-07
6.40863e-07
-6.22148e-07
-1.87157e-08
-2.47408e-07
7.04448e-07
-4.62562e-07
6.31203e-07
-1.87065e-07
-4.52287e-09
2.13965e-07
-2.09442e-07
4.72376e-07
-6.52203e-07
1.79827e-07
-7.2019e-08
-3.03023e-08
-1.0742e-07
7.48284e-07
9.98072e-07
-6.17741e-07
-3.80331e-07
-5.50468e-08
5.50468e-08
1.8754e-07
-2.59656e-07
2.59656e-07
-1.03575e-07
3.85782e-07
1.16411e-07
-5.02192e-07
1.48297e-07
-1.48297e-07
-4.57859e-07
-1.47928e-07
1.47928e-07
6.69927e-07
-4.23543e-07
-2.46383e-07
1.79782e-07
-1.79782e-07
-4.80929e-09
6.60825e-07
-1.52935e-07
-5.0789e-07
7.0617e-07
3.45118e-07
9.71256e-08
-5.39337e-07
2.04526e-07
-3.09371e-07
5.21468e-07
4.76604e-07
6.83672e-07
-7.12903e-07
-7.97203e-07
1.79462e-07
1.36893e-08
4.71488e-07
-1.31514e-08
4.22519e-07
1.2799e-07
1.93687e-07
6.09599e-07
-9.10883e-08
5.18586e-08
-1.76776e-07
1.56815e-07
5.0401e-07
-5.74694e-07
6.13254e-08
5.85115e-07
-1.51628e-07
7.27602e-07
-3.05083e-07
4.95076e-07
2.09372e-07
-9.277e-07
-4.88669e-07
-3.02728e-07
7.91396e-07
3.13998e-07
-1.78273e-07
-1.35725e-07
-6.62299e-07
1.18377e-06
-6.84267e-07
-7.33337e-08
3.96684e-08
3.28646e-07
-3.68315e-07
4.31339e-07
1.64107e-08
-4.14195e-07
-2.00365e-07
2.52224e-07
1.45777e-07
4.33871e-07
-5.86806e-07
-9.11022e-08
9.11022e-08
-5.39827e-07
-7.96233e-07
1.33606e-06
-7.20063e-07
-7.71407e-08
4.73539e-07
4.97166e-07
-6.58268e-08
-5.29683e-07
1.2825e-06
-7.52815e-07
1.05458e-07
1.81526e-07
-2.5714e-07
-6.03264e-07
-1.16799e-07
2.56584e-07
4.71018e-07
2.82846e-07
-7.71515e-07
-1.20213e-06
1.14443e-07
-1.11486e-07
-2.95751e-09
7.5166e-07
2.94672e-07
-6.84794e-07
3.90121e-07
-1.55171e-07
7.28205e-07
-5.73034e-07
3.24692e-07
3.9805e-07
5.21176e-07
-7.62966e-07
9.15423e-07
-1.52457e-07
-4.75488e-07
1.18982e-07
-4.65402e-07
3.4642e-07
7.6569e-07
1.41928e-07
3.29815e-08
-1.7491e-07
-1.32592e-06
-1.24876e-06
5.96379e-07
6.52381e-07
-8.02796e-08
4.66061e-07
-5.13632e-08
3.72231e-07
-3.54858e-08
3.54858e-08
6.91255e-07
5.91243e-07
5.76065e-07
2.88059e-07
-8.64124e-07
-9.66057e-08
-1.03759e-07
5.92017e-07
1.59643e-07
-7.66768e-07
6.89628e-07
-5.57505e-07
-8.63898e-07
6.45149e-07
2.18749e-07
6.86781e-08
-1.81545e-07
-6.82353e-07
-2.68945e-07
-9.4537e-07
1.82404e-07
-6.60832e-07
1.47383e-06
-8.12998e-07
7.49283e-07
2.36347e-07
-9.8563e-07
-9.77687e-07
5.97356e-07
-1.96087e-07
-1.1338e-06
6.0477e-07
5.29032e-07
8.42175e-07
-3.63742e-07
-4.78432e-07
-7.54443e-07
-1.23252e-08
7.33878e-07
2.33425e-07
-9.14274e-07
3.72486e-07
5.41788e-07
-5.57738e-07
-1.47701e-06
8.16178e-07
-3.88156e-07
6.71002e-07
-1.30988e-07
-1.62426e-07
4.34441e-07
7.96884e-07
-1.23133e-06
1.07129e-06
-6.98803e-07
3.99564e-07
6.71725e-07
3.91864e-07
-4.67464e-08
2.3204e-07
1.58865e-06
-8.40346e-07
-7.48304e-07
1.11302e-06
-7.13453e-07
5.47568e-07
5.65449e-07
-9.95106e-07
1.88719e-07
8.06386e-07
1.00113e-06
-6.66351e-07
-3.34781e-07
3.27866e-07
-3.95164e-07
6.7298e-08
6.81748e-07
-1.48734e-07
-4.38071e-07
1.24745e-06
-8.13008e-07
-6.15813e-07
8.5216e-07
-1.14644e-06
4.38708e-07
7.07736e-07
-1.37537e-07
1.24406e-07
5.12947e-07
-6.37353e-07
-3.58836e-07
-9.47834e-09
2.85527e-07
-5.31068e-07
2.4554e-07
9.23491e-07
6.65159e-07
-7.2762e-07
1.90046e-07
5.37575e-07
4.94634e-07
1.25347e-07
-6.47367e-07
5.22019e-07
5.50865e-07
8.48939e-07
-1.3998e-06
-5.50065e-07
-6.85695e-07
5.84567e-07
1.01128e-07
-2.70758e-07
-3.42725e-07
-6.49376e-07
7.74724e-07
-4.70169e-07
-5.16168e-07
9.86338e-07
9.86277e-07
-7.16931e-07
-6.75658e-07
1.39259e-06
-5.13046e-07
7.42711e-07
-2.29665e-07
1.1871e-06
-5.3448e-07
-6.52621e-07
2.22911e-07
-8.38724e-07
-9.26145e-07
-1.74782e-07
6.87729e-07
1.55276e-07
5.67889e-07
-7.23165e-07
1.35245e-06
-5.03507e-07
-1.11898e-07
-6.46408e-07
7.58306e-07
8.96455e-07
-4.14442e-07
-1.38663e-07
-5.08704e-07
1.516e-06
-6.99826e-07
2.91614e-08
8.38886e-07
-8.68047e-07
-5.354e-07
-1.50296e-07
5.91826e-07
-3.08379e-07
-7.62462e-07
1.06436e-06
-3.01899e-07
-4.6763e-08
3.96299e-07
-3.49535e-07
8.89977e-07
-2.18251e-07
5.6426e-08
-4.3649e-07
7.49668e-07
-3.13178e-07
-9.30049e-07
3.95569e-07
9.88183e-07
-9.59021e-07
1.32228e-06
-9.07857e-07
-4.14424e-07
-7.59693e-07
2.43524e-07
-5.50192e-07
-1.77428e-07
2.58884e-07
-2.58884e-07
-3.61455e-08
3.61455e-08
8.25973e-08
-8.25973e-08
-2.03947e-07
-9.51915e-10
-5.70076e-07
5.70076e-07
-2.44692e-07
2.44692e-07
1.77034e-07
-1.77034e-07
-1.36663e-07
-1.21053e-07
1.21053e-07
9.164e-08
-5.59892e-08
5.59892e-08
4.5152e-08
-4.5152e-08
5.48021e-07
-5.48021e-07
-1.93374e-07
1.93375e-07
-3.09286e-07
9.84889e-07
-6.75603e-07
-2.41228e-07
2.41228e-07
-2.5933e-07
2.5933e-07
2.79482e-07
1.01505e-06
-1.29453e-06
6.01806e-07
-1.10531e-06
1.26766e-06
7.15209e-08
9.138e-07
-1.73446e-08
3.80775e-07
-5.19438e-07
6.77378e-07
7.25526e-07
6.48749e-08
2.47879e-07
-3.12754e-07
5.64642e-07
-6.48085e-07
1.07251e-06
3.0259e-07
4.19974e-07
-7.22564e-07
-3.86024e-07
7.76448e-08
-1.19396e-06
3.80964e-07
-4.93441e-07
-3.45284e-07
5.19414e-07
-3.39719e-07
9.05168e-07
-6.85284e-07
-3.00346e-07
-6.52265e-07
5.40366e-07
6.27137e-07
-1.27522e-06
-8.52442e-07
-3.4152e-07
-3.84756e-07
-2.51362e-07
1.47602e-07
-4.62278e-07
3.11983e-07
4.84964e-07
-3.28243e-07
-3.64123e-07
5.39447e-07
-5.22688e-07
4.4565e-07
-3.62769e-07
6.06293e-07
-8.35948e-07
3.42508e-07
-5.84164e-07
5.37401e-07
-7.84969e-07
4.22848e-07
3.6212e-07
5.71559e-07
-2.06342e-07
-3.65217e-07
6.04514e-07
-9.51041e-07
5.10478e-07
4.40563e-07
-1.26895e-06
5.06491e-07
-1.45901e-06
5.30188e-07
9.28824e-07
5.95328e-07
1.5434e-07
-3.84633e-07
5.50257e-07
-1.48447e-06
5.76614e-07
-1.03057e-06
-1.38924e-06
6.33437e-07
7.55807e-07
3.33536e-07
4.70006e-08
-1.00602e-06
-1.11968e-06
-1.74854e-07
7.95417e-08
-1.24142e-06
5.51505e-07
6.89912e-07
-4.55321e-07
5.26842e-07
-8.30808e-07
-2.74505e-07
1.05928e-06
-4.65994e-07
-1.43338e-07
-1.26051e-08
-3.60854e-07
6.93318e-07
-3.32464e-07
-5.02413e-07
3.88986e-07
-1.25227e-08
2.60402e-07
-4.1364e-07
-7.58475e-07
-9.52521e-07
-4.04751e-07
-3.80217e-07
-4.61873e-07
1.05312e-06
9.20939e-07
-4.9809e-07
-9.54282e-07
-4.82278e-08
-2.53347e-07
3.01575e-07
-1.21556e-06
-8.12631e-07
-6.84616e-07
3.56373e-07
8.33314e-07
-7.47273e-07
-1.07268e-06
-1.35565e-08
1.15774e-06
-1.17283e-06
1.50889e-08
-3.13748e-07
7.78555e-07
5.58809e-07
9.82884e-07
-6.13923e-07
2.25767e-07
6.30608e-07
3.54281e-07
-4.10996e-07
-2.53474e-07
-6.30309e-07
8.83783e-07
1.40035e-07
3.71749e-07
-6.0798e-07
1.95532e-07
7.90745e-07
-3.49456e-07
7.38442e-07
3.75413e-07
4.79244e-07
-8.54658e-07
1.30783e-07
5.07612e-07
-1.24488e-06
7.37264e-07
3.88803e-07
-7.38259e-07
-1.07695e-06
7.766e-07
-1.09324e-06
6.79605e-07
-2.38318e-07
9.49803e-08
1.17864e-06
-1.5278e-07
-3.66657e-07
5.97402e-07
-5.70094e-07
-4.60473e-07
-1.74009e-08
8.38309e-08
-2.3268e-07
1.11213e-06
5.98912e-07
-1.55319e-06
-7.42065e-08
1.58494e-07
-8.42879e-08
-8.93976e-07
2.19716e-07
6.7426e-07
-2.38715e-07
-7.40392e-08
2.34465e-07
-6.39216e-07
-9.24603e-07
7.72147e-07
1.34713e-07
-1.91054e-07
5.63413e-08
9.16074e-08
-9.39441e-08
-9.90307e-07
7.9422e-07
-3.58778e-07
-7.18168e-07
6.32639e-07
-2.70519e-07
7.51742e-07
7.62179e-07
-2.65982e-07
-4.96197e-07
1.65987e-07
-9.79953e-07
2.0086e-07
-1.09294e-06
7.34165e-07
-4.03031e-07
-3.91495e-07
-3.15265e-07
7.87513e-07
-4.72248e-07
-1.03334e-06
-8.06412e-07
1.16069e-06
-2.13707e-07
3.05714e-07
-8.80167e-08
-1.08481e-06
1.34828e-08
-5.65245e-07
7.60777e-07
-8.64865e-07
5.82266e-07
2.82599e-07
-8.64783e-07
5.08041e-07
3.56742e-07
8.44551e-08
-7.24885e-07
7.1228e-07
-9.68572e-07
7.54865e-07
-8.59781e-07
4.78277e-07
2.15041e-07
8.09528e-07
5.25674e-07
-1.3352e-06
4.10247e-07
-5.07571e-07
-8.55413e-08
4.12885e-08
4.42528e-08
-7.07042e-07
-7.01982e-08
7.7724e-07
7.10392e-07
3.71947e-07
-2.31912e-07
6.08597e-07
-1.21658e-06
2.34407e-07
-5.47499e-08
2.11698e-07
7.23874e-07
5.43272e-08
-7.38594e-07
4.59851e-08
-8.11966e-07
7.65981e-07
-1.30383e-07
5.24681e-07
-1.68577e-08
-5.07823e-07
-9.8064e-08
-3.97546e-07
7.69295e-07
-1.55002e-07
5.38034e-07
-3.83032e-07
-1.60098e-07
-4.24742e-07
-3.9867e-07
-2.47095e-07
6.45766e-07
-5.97799e-07
-5.44661e-08
5.02038e-07
-2.67573e-07
1.20912e-07
6.53811e-07
1.59977e-07
-2.44265e-07
-1.17879e-07
5.96157e-07
-3.11333e-07
-7.734e-07
-4.71476e-07
-8.21201e-07
8.67186e-07
8.78861e-07
-1.06714e-07
1.36088e-08
-1.07553e-07
2.31518e-07
7.18763e-07
1.95033e-07
1.42122e-07
-3.37155e-07
4.3206e-07
-6.01123e-08
4.30903e-07
-8.28449e-07
-6.09775e-09
1.4081e-07
-4.70215e-07
-4.12979e-08
5.11512e-07
-8.13756e-07
-1.26352e-06
-7.13935e-07
-8.4115e-07
5.96926e-07
2.44224e-07
-2.82517e-07
-3.17688e-07
3.1159e-07
1.67373e-07
-1.92547e-07
2.51744e-08
-6.67997e-07
-2.04716e-07
8.78976e-07
-6.08685e-07
8.52909e-07
-3.58986e-07
-6.5551e-08
2.32924e-07
1.40513e-06
1.40844e-06
3.39923e-07
7.45394e-07
-8.75777e-07
-1.11886e-06
6.20768e-07
-5.93185e-07
1.30833e-07
-8.49596e-07
6.44879e-07
5.9646e-07
5.95809e-07
2.42302e-07
-3.97304e-07
-6.83624e-08
-6.17625e-07
-9.35569e-07
-6.71395e-09
-1.8434e-07
1.6061e-07
4.96966e-07
2.59358e-07
-7.56324e-07
-4.28188e-07
8.61122e-07
-4.32934e-07
6.46656e-07
-2.6084e-07
2.90939e-07
3.657e-07
-3.82557e-07
4.15428e-07
-1.24489e-07
-3.51541e-07
-4.28156e-07
-4.01817e-07
8.29974e-07
-1.57015e-06
-3.56535e-07
8.64576e-07
-2.45094e-07
4.7086e-07
7.09548e-07
-3.17078e-08
-6.7784e-07
3.36868e-07
3.08898e-07
-2.50893e-08
-9.87094e-08
1.23799e-07
-7.5192e-08
-4.67692e-07
5.42884e-07
-3.85696e-07
4.31769e-08
1.51856e-07
-1.94407e-07
9.03955e-07
-8.56344e-07
8.68165e-07
-2.71705e-07
5.9267e-07
-9.73402e-07
3.44715e-07
-8.16963e-07
-2.23741e-08
-4.44112e-07
1.99019e-07
5.38105e-07
8.54484e-07
-7.00444e-07
2.62373e-07
-1.81262e-08
1.69982e-07
5.1163e-07
1.1837e-08
2.48565e-07
-2.78966e-07
4.9738e-07
3.37415e-07
6.48923e-07
5.60241e-07
-8.31947e-07
-5.39165e-07
3.13419e-08
-7.46675e-07
2.38786e-07
1.87067e-07
5.71239e-07
8.00587e-07
-4.43845e-07
3.16421e-07
-7.41188e-08
3.923e-07
5.33504e-08
-8.51701e-08
2.29087e-07
1.86341e-07
1.91932e-07
4.31642e-07
3.16929e-07
-4.02099e-07
-2.79653e-08
6.92538e-08
9.79852e-08
9.48206e-08
-1.92806e-07
-8.19809e-07
4.84302e-07
3.35507e-07
-7.05017e-07
6.36655e-07
4.08056e-07
-2.25653e-08
-4.1242e-07
-2.88024e-07
-2.56722e-07
-5.37985e-07
2.26652e-07
-2.10351e-07
1.61492e-07
-3.88167e-07
7.79565e-07
4.5413e-07
1.52163e-07
4.24413e-07
-2.82291e-07
1.25037e-07
-6.16302e-07
4.21895e-07
-5.24164e-07
-1.50008e-08
-2.1746e-07
-5.12057e-08
1.45447e-07
-3.62124e-07
-5.78317e-07
-2.19053e-07
7.9737e-07
6.89221e-07
-6.34893e-07
7.91544e-07
-1.12366e-07
1.30592e-07
-7.80077e-08
-5.2584e-08
-1.51964e-06
5.84074e-07
2.31432e-07
-3.07296e-07
7.58637e-08
6.59105e-07
3.01159e-08
1.57824e-07
-2.17937e-07
5.36466e-07
-6.09636e-07
2.26604e-07
1.18703e-06
-4.67976e-07
-1.4166e-07
-5.7537e-07
-6.50147e-07
-8.28256e-07
2.49939e-07
-4.33006e-07
6.08366e-07
-1.75359e-07
2.36445e-07
3.76918e-08
4.04137e-07
-3.03852e-07
-1.49657e-07
4.53509e-07
-3.54959e-07
6.40487e-07
5.8259e-08
-2.67701e-07
7.82863e-07
-5.44078e-07
4.11088e-07
1.00424e-07
1.00806e-07
-4.11962e-07
-5.6381e-07
7.20625e-07
2.20599e-07
-5.82663e-07
6.20493e-08
2.49541e-07
1.6813e-08
-2.99373e-07
2.44275e-07
-1.28425e-08
6.86516e-07
-4.72581e-07
6.27857e-07
6.01933e-08
-4.89804e-07
4.29611e-07
5.59856e-07
1.60769e-07
-1.18419e-07
1.5432e-07
-3.59007e-08
4.73138e-07
1.08908e-07
5.96719e-07
-3.37361e-07
-1.2518e-07
4.91284e-07
-3.66104e-07
7.44053e-07
-1.72814e-07
-7.51128e-07
8.32887e-07
4.87331e-07
-4.65925e-07
1.04005e-07
-8.2763e-09
6.57123e-07
-9.72669e-08
4.04586e-08
-6.75352e-07
6.8095e-07
-9.61751e-08
-5.84775e-07
2.58468e-07
-5.39418e-08
-5.64636e-07
6.52609e-07
-8.79732e-08
-5.02677e-07
6.41279e-07
-1.38602e-07
1.35784e-07
6.48369e-08
3.59691e-08
3.89136e-07
6.57854e-09
-3.35404e-07
-3.4939e-07
3.25897e-07
-6.4079e-07
-3.74565e-07
-2.88809e-07
-1.3805e-07
-1.99105e-07
4.35901e-07
-1.13168e-07
1.10211e-07
3.11584e-07
-4.53991e-07
-1.38159e-07
5.9215e-07
2.01436e-07
-9.92883e-08
-1.02148e-07
-7.93571e-07
-4.37754e-07
3.14428e-07
5.37501e-07
2.54043e-07
3.3572e-07
2.62516e-07
1.16314e-07
5.38206e-07
1.18916e-07
-1.25205e-07
-1.82091e-07
2.80508e-07
-2.24556e-07
-5.59523e-08
-3.85173e-07
4.62443e-07
-8.2007e-08
-4.48987e-07
3.31478e-07
3.89417e-07
-5.41045e-07
-2.27178e-07
4.2838e-08
-5.36745e-07
5.77204e-07
3.72932e-08
3.30104e-07
-3.11953e-08
-5.35276e-07
6.26501e-07
-9.12255e-08
-6.58262e-08
-5.0312e-07
6.16659e-07
-1.13538e-07
3.35798e-08
3.34467e-07
-3.68046e-07
4.34996e-07
-3.87407e-07
1.05682e-07
1.89326e-07
-2.95008e-07
-9.53748e-08
7.30007e-08
5.984e-07
5.43574e-07
1.09035e-07
1.41768e-07
-1.39499e-07
-2.26938e-09
5.72688e-07
-2.98612e-07
5.65606e-08
5.02225e-07
-2.83639e-07
-1.03768e-07
5.45632e-07
-4.34074e-08
4.75421e-07
-6.24078e-07
6.54194e-07
-5.67939e-07
3.11937e-08
8.13831e-08
-1.45053e-07
2.01614e-07
4.57659e-07
3.05206e-08
5.95981e-07
-1.57794e-07
4.82371e-08
-4.07666e-07
-5.33137e-07
4.24634e-07
2.11722e-07
3.26918e-07
1.39143e-07
-5.37418e-07
-7.93715e-08
1.2993e-07
1.84068e-07
-2.63874e-08
4.99348e-07
-4.16892e-08
2.47451e-07
4.30879e-07
-1.0396e-07
-8.61168e-09
2.56062e-07
-6.28097e-07
-1.05524e-07
7.33622e-07
-2.13446e-07
-6.50678e-07
9.36531e-10
-6.46755e-07
-9.18389e-08
2.25078e-07
2.05801e-07
-5.03208e-07
9.81415e-08
4.05067e-07
-7.26126e-07
-1.29763e-08
-5.28983e-08
6.58746e-08
9.16818e-08
-1.53665e-07
-9.99586e-07
8.48968e-07
1.50618e-07
-1.34919e-07
-2.45155e-07
-4.08844e-07
5.2856e-07
-3.14061e-07
2.99802e-07
8.6486e-08
1.07201e-07
-1.87678e-08
2.20204e-07
1.98745e-07
-1.41267e-07
2.92002e-07
-1.65219e-07
6.73002e-08
9.79191e-08
-8.16402e-07
4.95565e-07
3.20837e-07
2.60225e-07
-1.06838e-08
-3.19559e-07
4.14404e-07
-3.96616e-07
-7.19936e-07
5.61422e-08
-6.01343e-07
-1.78661e-07
1.34418e-08
-2.64005e-07
-1.4484e-07
-3.46512e-08
1.82259e-08
1.64253e-08
-2.27708e-07
6.32414e-07
-5.2841e-07
-2.43323e-07
9.2866e-07
-7.29631e-07
1.13706e-07
-1.47792e-07
2.266e-07
2.44867e-07
1.94398e-07
1.48806e-07
-4.01674e-08
3.31669e-07
-2.00842e-08
-6.38357e-07
7.19696e-07
-1.51807e-07
5.2689e-07
-6.91714e-08
-7.12959e-07
7.8213e-07
-1.30379e-07
7.11473e-07
-5.81094e-07
6.4378e-07
2.17562e-07
-6.84174e-09
6.35256e-07
-3.9605e-07
1.32046e-07
-6.92661e-07
2.96578e-08
6.63003e-07
4.11454e-07
1.8157e-08
-8.46447e-08
1.71131e-07
1.60612e-07
-7.13375e-07
6.22149e-07
5.48415e-07
9.53652e-08
7.90678e-07
-8.03829e-07
-2.74779e-07
-1.21271e-07
6.6788e-07
7.71435e-08
1.34555e-07
1.48516e-07
3.40123e-07
1.77736e-07
2.6813e-07
-1.22334e-07
3.46915e-07
-4.54931e-08
-3.01422e-07
-1.06846e-07
-6.1309e-07
1.91919e-07
-1.58339e-07
7.17067e-07
-6.08032e-07
7.17927e-07
-2.13218e-07
-5.04709e-07
3.41901e-07
1.64614e-07
4.158e-08
-6.1183e-09
-3.54617e-08
-1.6618e-07
3.29439e-07
-5.98709e-07
7.04166e-07
-1.22042e-07
1.98943e-08
2.18102e-07
4.529e-07
-6.83979e-07
7.45304e-07
6.60288e-07
-7.55627e-07
5.37376e-07
-5.97934e-07
-1.1544e-07
-3.25267e-07
5.47541e-07
-1.86367e-07
-8.81715e-08
2.74538e-07
2.03293e-07
6.07158e-07
-7.37537e-07
-2.41756e-07
1.85804e-07
2.01874e-08
-2.31447e-07
-2.86237e-07
-8.74583e-07
5.8525e-08
-8.93092e-07
-1.28098e-07
-7.15392e-07
1.30616e-07
3.38872e-07
-1.2677e-06
-1.03977e-07
1.70142e-07
1.73325e-07
4.46177e-08
3.03529e-07
1.10875e-07
-7.55653e-07
1.85606e-07
9.01434e-08
-9.49527e-08
2.01795e-07
5.95575e-07
1.99027e-07
3.62563e-07
6.98766e-08
5.42568e-07
2.92777e-07
2.50457e-07
5.4094e-07
-3.28593e-08
8.49611e-08
3.14028e-07
-7.54591e-07
-1.46286e-07
-5.49069e-07
1.9968e-07
-2.80673e-07
-7.23472e-07
-5.96475e-07
4.43571e-08
-1.32529e-07
1.38932e-07
1.27735e-07
1.90163e-07
1.53304e-07
2.09032e-07
-3.75019e-07
5.69179e-07
3.9006e-07
-2.4843e-08
-1.54737e-07
-1.59011e-07
6.06921e-07
-7.58728e-07
1.59869e-07
-7.56344e-07
-2.50761e-08
-1.41852e-08
7.99428e-07
9.75632e-08
7.52368e-08
-5.77661e-07
7.79456e-07
-1.324e-07
-3.96068e-07
4.13045e-07
1.0813e-07
-5.3514e-07
5.48959e-07
-1.3819e-08
-4.36409e-08
2.64822e-07
-5.98859e-07
-3.94507e-07
1.56211e-07
-2.5492e-07
-6.51939e-07
8.19615e-07
-4.70693e-07
3.49422e-07
5.73658e-07
-5.48252e-08
-2.53391e-07
9.62657e-08
7.03357e-07
-7.90879e-07
1.26641e-06
-9.60699e-07
1.78953e-07
3.66937e-07
-5.33018e-07
-3.16437e-07
-3.16546e-07
-6.71453e-08
-4.00546e-07
8.04988e-08
9.23012e-08
-1.07648e-07
-2.98821e-07
1.14779e-06
-4.18706e-07
5.98533e-07
4.07704e-07
-2.51493e-07
-4.99927e-07
9.95492e-07
1.54952e-07
5.04374e-07
-1.80597e-07
3.09073e-07
-9.05527e-08
-2.59419e-07
-9.02414e-07
2.31964e-07
2.13902e-07
-3.1363e-07
5.1331e-07
-3.84015e-07
-1.98648e-07
-1.63525e-07
4.53617e-07
3.10999e-07
3.59534e-07
5.33068e-08
-1.09239e-06
3.12242e-07
-5.35338e-07
5.64996e-07
-4.48027e-07
8.19231e-08
2.25298e-07
-1.4478e-07
5.04314e-07
1.73782e-07
2.04064e-07
-7.13372e-07
7.51796e-07
-1.25303e-07
-3.00038e-08
7.71555e-07
9.87987e-07
1.28888e-07
4.53753e-07
1.48377e-07
-6.02483e-07
3.93885e-07
-2.61817e-07
4.22359e-09
-1.29527e-07
5.30155e-07
-1.66032e-07
-2.44964e-07
1.4873e-07
1.60866e-07
1.39543e-08
4.58564e-07
-1.78885e-07
4.5434e-08
6.72048e-08
5.00213e-09
2.38453e-08
-2.26796e-07
1.50537e-07
-8.60822e-09
6.93765e-07
8.14031e-08
1.17069e-06
-5.5329e-07
5.40775e-08
7.22616e-08
-7.45309e-08
-7.3205e-07
7.15159e-07
-5.72721e-08
1.81088e-07
-1.23815e-07
3.79362e-07
-1.31987e-07
-1.59533e-07
-2.1444e-07
-7.10272e-08
3.03872e-08
3.23283e-08
-3.71786e-07
2.95312e-07
-1.08971e-07
4.08592e-07
-2.3564e-07
9.95259e-08
-4.21583e-07
7.61506e-07
2.62552e-07
-1.32869e-08
1.86529e-08
3.63547e-07
1.70108e-07
-2.93836e-07
-9.0237e-08
1.4954e-07
-1.24e-07
2.01816e-07
-7.78153e-08
5.96064e-07
-4.81514e-09
7.62501e-08
6.56408e-07
3.2542e-07
9.20437e-07
-1.5966e-07
5.08173e-07
6.62514e-07
-4.77583e-07
-5.70037e-07
-4.27363e-07
1.60081e-07
8.41836e-08
5.96064e-07
1.08275e-08
-2.01205e-07
-2.23016e-07
3.17245e-09
3.96656e-08
3.20546e-07
-2.0684e-07
-1.80184e-07
-6.60288e-07
1.94011e-07
-1.69772e-08
-2.25156e-07
-1.60715e-08
-6.58753e-07
8.86766e-08
9.60309e-08
-1.34335e-08
-6.54355e-08
-3.16493e-07
5.96706e-07
-1.38564e-07
-9.60309e-08
6.54355e-08
1.38564e-07
-1.75103e-08
6.89645e-07
-1.41623e-07
3.16493e-07
-5.96706e-07
1.94011e-07
-2.25156e-07
-6.58753e-07
6.89645e-07
2.70079e-07
-3.71554e-08
-2.24966e-07
4.11907e-07
2.43036e-07
-1.57301e-07
1.57301e-07
-2.24966e-07
-3.52608e-07
-2.83024e-07
2.10145e-07
4.17514e-07
-2.03611e-07
4.9854e-07
2.07506e-07
-3.63102e-07
4.11161e-07
-1.52276e-07
-4.11161e-07
-1.36861e-07
-8.56058e-07
-5.80986e-07
8.77855e-08
-3.56192e-08
-6.16706e-08
4.39846e-09
-4.8886e-08
1.4317e-07
4.36298e-08
8.9561e-08
-1.12531e-06
-1.99589e-07
-4.61165e-07
1.78806e-07
1.1154e-06
1.9951e-08
-5.2055e-07
-4.94872e-08
2.72182e-07
1.87784e-07
1.37193e-07
-3.36641e-08
-6.00399e-08
3.67852e-07
-3.08623e-07
-5.92288e-08
4.5084e-07
-8.72933e-08
5.29798e-08
-5.29798e-08
-2.35162e-07
-4.32889e-08
-5.01897e-07
2.98471e-08
-5.40852e-07
3.88576e-07
-9.9314e-09
3.77784e-07
4.94636e-07
-4.5594e-07
1.26557e-07
-8.53562e-07
7.52826e-07
-1.87549e-07
3.12016e-07
-2.73381e-07
1.6988e-07
-4.68249e-07
-1.15698e-07
-1.38289e-08
2.28521e-07
3.29908e-07
2.87376e-07
-1.03398e-07
-1.22997e-08
-3.81659e-08
-3.06799e-07
-4.57534e-08
6.36104e-07
-2.65631e-07
1.23806e-07
-1.23806e-07
-8.71811e-08
-1.71703e-07
8.71811e-08
5.79165e-08
-1.12963e-07
1.12963e-07
8.86585e-08
2.20204e-09
-1.5571e-07
4.85048e-08
-1.96297e-07
-9.13808e-07
-1.05197e-07
1.49554e-07
-4.00974e-08
4.70593e-08
-3.51783e-07
-6.99969e-07
-9.22091e-08
2.99716e-07
-8.78124e-08
2.58863e-07
-2.33688e-07
-3.1628e-08
-1.41773e-07
4.19592e-07
-4.19592e-07
3.56509e-07
1.8084e-07
-1.36851e-07
-4.37892e-07
-1.42157e-07
2.46829e-08
1.17474e-07
1.89827e-07
1.17653e-08
5.66075e-08
-1.24893e-07
-3.33866e-08
2.89742e-08
3.02387e-08
-1.24393e-07
-4.77259e-08
-8.48027e-08
-3.4884e-08
3.4884e-08
1.02523e-07
9.92925e-08
3.16437e-07
-1.42822e-07
-2.65539e-08
1.69376e-07
-1.30675e-07
2.69827e-08
-1.07761e-07
-2.87376e-07
1.17818e-07
1.07761e-07
-1.03277e-07
3.66615e-08
6.66152e-08
-1.24663e-07
-2.23775e-10
2.90533e-08
-2.6497e-09
-1.16458e-06
6.93737e-07
4.70844e-07
-3.36641e-08
-1.72363e-07
-7.78153e-08
1.72363e-07
6.42247e-08
1.17106e-08
-1.02263e-07
1.17569e-09
-2.68776e-08
-1.17569e-09
2.68776e-08
-6.26994e-08
6.26994e-08
-1.46871e-07
9.15117e-08
-3.46968e-07
-1.53878e-07
-4.41057e-07
-9.9795e-08
6.6115e-08
-2.99694e-08
2.99694e-08
-5.5329e-07
6.69955e-08
3.33866e-08
-1.19205e-07
2.28587e-08
-1.8084e-07
-1.68875e-07
-1.08295e-07
6.41981e-08
1.4202e-07
4.34902e-07
4.28448e-07
-5.88108e-07
-2.19355e-07
-3.62221e-08
-1.5571e-07
-1.07655e-07
-9.12907e-09
5.84172e-09
3.86976e-08
-4.56558e-08
-1.26248e-08
1.83707e-07
-1.54706e-07
-9.02327e-07
4.05323e-07
-7.20097e-08
-8.03604e-08
3.39223e-07
3.15774e-07
1.31844e-07
-5.23971e-08
9.3277e-07
-1.79944e-07
9.16444e-08
4.9151e-08
2.42762e-07
-4.25114e-07
6.09089e-08
-1.02523e-07
-7.72584e-08
6.62514e-07
5.458e-08
7.88462e-08
-2.67542e-07
7.19939e-08
-9.15117e-08
-1.95233e-07
-4.40276e-07
-1.40214e-07
7.04785e-07
3.43966e-09
3.87183e-07
3.86887e-07
3.08171e-07
-2.86118e-07
6.81998e-08
4.92739e-08
1.41281e-07
1.73399e-07
-1.80958e-08
2.11831e-07
-2.48986e-07
1.19284e-07
5.61975e-07
-2.71498e-07
1.01188e-07
2.27868e-07
-2.31137e-07
-2.55196e-07
1.04757e-07
)
;

boundaryField
{
    back
    {
        type            empty;
        value           nonuniform List<scalar> 0();
    }
    front
    {
        type            empty;
        value           nonuniform List<scalar> 0();
    }
    top
    {
        type            calculated;
        value           nonuniform List<scalar> 
15
(
-4.71467e-07
-4.45867e-07
-3.43467e-07
-2.66667e-07
-3.43467e-07
-1.728e-07
-1.728e-07
-4.45867e-07
-4.71467e-07
-4.032e-07
-6.18667e-08
-6.18667e-08
-4.032e-07
-4.8e-07
-2.66667e-07
)
;
    }
    outer_arc
    {
        type            calculated;
        value           uniform 0;
    }
    bottom
    {
        type            calculated;
        value           nonuniform List<scalar> 
15
(
1.29967e-06
3.40856e-08
-4.88639e-07
-5.06515e-07
1.00803e-06
-5.21018e-08
3.08216e-07
6.24115e-07
-2.85467e-07
2.71059e-07
-3.38216e-07
5.43985e-07
1.4089e-06
-1.49805e-07
1.13336e-06
)
;
    }
    inner_arc
    {
        type            calculated;
        value           uniform 0;
    }
}


// ************************************************************************* //
