/*--------------------------------*- C++ -*----------------------------------*\
  =========                 |
  \\      /  F ield         | OpenFOAM: The Open Source CFD Toolbox
   \\    /   O peration     | Website:  https://openfoam.org
    \\  /    A nd           | Version:  9
     \\/     M anipulation  |
\*---------------------------------------------------------------------------*/
FoamFile
{
    format      ascii;
    class       volScalarField;
    location    "2.21";
    object      p;
}
// * * * * * * * * * * * * * * * * * * * * * * * * * * * * * * * * * * * * * //

dimensions      [0 2 -2 0 0 0 0];

internalField   nonuniform List<scalar> 
1655
(
14.7185
14.7073
14.6412
14.7248
14.7343
14.7337
14.6366
14.717
14.6922
14.734
14.7206
14.7195
14.7218
14.6905
14.6717
14.5972
14.6101
14.6876
14.7291
14.6906
14.5931
14.6906
14.7299
14.7321
14.7183
14.605
14.5952
14.6982
14.7016
14.5873
14.6263
14.6536
14.6704
14.649
14.687
14.651
14.7333
14.7067
14.6727
14.7074
14.5913
14.7336
14.6807
14.726
14.7002
14.7243
14.7228
14.7003
14.7335
14.6834
14.733
14.6474
14.6707
14.6968
14.694
14.6602
14.5916
14.7215
14.7219
14.6587
14.6259
14.7316
14.7177
14.7156
14.7215
14.6326
14.7198
14.7216
14.6863
14.7345
14.7223
14.6369
14.5927
14.6737
14.6326
14.6973
14.7053
14.6853
14.5918
14.5891
14.7204
14.6985
14.6923
14.7249
14.5933
14.6698
14.635
14.5914
14.7107
14.6693
14.6724
14.6426
14.7281
14.7352
14.694
14.7292
14.7201
14.7231
14.6539
14.6334
14.64
14.7199
14.7349
14.7194
14.6873
14.7315
14.7144
14.5865
14.6314
14.6635
14.6512
14.7212
14.6603
14.5969
14.7194
14.6733
14.7173
14.7229
14.7117
14.6884
14.6552
14.637
14.6301
14.7157
14.7194
14.7257
14.6834
14.6939
14.5994
14.6026
14.7312
14.6467
14.7168
14.7268
14.5875
14.7077
14.7343
14.6706
14.5909
14.7198
14.6607
14.5952
14.5986
14.636
14.6111
14.6321
14.64
14.6526
14.647
14.6195
14.6231
14.616
14.6289
14.6262
14.672
14.6847
14.7226
14.648
14.7169
14.721
14.645
14.7096
14.6979
14.6455
14.6404
14.7222
14.699
14.7225
14.7202
14.6842
14.6095
14.6989
14.6506
14.7084
14.5911
14.7116
14.7323
14.6824
14.6076
14.6919
14.6638
14.6986
14.7336
14.7175
14.7032
14.6174
14.699
14.614
14.6901
14.7003
14.7026
14.7308
14.6935
14.6478
14.6292
14.5869
14.6922
14.625
14.7115
14.6995
14.721
14.7209
14.6341
14.6302
14.6777
14.5961
14.6741
14.6923
14.6078
14.644
14.6671
14.655
14.707
14.7229
14.6917
14.7197
14.6473
14.711
14.6633
14.7014
14.7003
14.5935
14.6748
14.7065
14.6719
14.6418
14.6385
14.6763
14.6601
14.6625
14.6892
14.6563
14.66
14.6851
14.6705
14.6867
14.6373
14.6936
14.6303
14.6566
14.6679
14.7033
14.6616
14.588
14.7051
14.5896
14.6219
14.7017
14.6255
14.7046
14.7262
14.5884
14.6912
14.6605
14.6735
14.6683
14.6304
14.7071
14.6823
14.6788
14.7036
14.6042
14.6436
14.6562
14.6893
14.7208
14.6814
14.6889
14.666
14.6885
14.675
14.6862
14.7037
14.6071
14.6825
14.6866
14.6202
14.7055
14.6911
14.6922
14.6948
14.7215
14.684
14.6666
14.6666
14.6886
14.6958
14.652
14.6792
14.6877
14.6902
14.5899
14.687
14.7025
14.6962
14.6604
14.7155
14.6651
14.5885
14.6157
14.6504
14.7366
14.7368
14.661
14.6408
14.6927
14.6492
14.6178
14.6962
14.6465
14.6874
14.6125
14.6137
14.7006
14.7188
14.6978
14.5894
14.6954
14.6444
14.6381
14.6967
14.6892
14.6547
14.6642
14.6535
14.7243
14.7243
14.7199
14.6256
14.6952
14.6789
14.6976
14.6926
14.6148
14.6932
14.6273
14.6972
14.6852
14.6518
14.692
14.6432
14.6624
14.6818
14.6578
14.664
14.6652
14.6899
14.653
14.6414
14.6044
14.7301
14.6826
14.6608
14.6606
14.7
14.6505
14.6547
14.657
14.7008
14.6346
14.662
14.6813
14.6995
14.6818
14.6965
14.6623
14.6183
14.7349
14.7002
14.6817
14.7024
14.6642
14.6995
14.6603
14.7365
14.6976
14.7023
14.7201
14.688
14.65
14.6924
14.6878
14.7234
14.6814
14.6492
14.7026
14.6585
14.7024
14.6847
14.6326
14.5942
14.6845
14.7039
14.7044
14.667
14.6645
14.6491
14.6895
14.7021
14.7196
14.6546
14.6918
14.6885
14.7204
14.6914
14.6705
14.7039
14.6819
14.7056
14.6983
14.7375
14.6843
14.6752
14.6957
14.6738
14.6805
14.7056
14.6559
14.6753
14.6633
14.7216
14.6832
14.6601
14.6556
14.6764
14.6196
14.6603
14.6646
14.6195
14.6929
14.6412
14.6714
14.6696
14.7356
14.6788
14.6974
14.6852
14.6745
14.7377
14.6872
14.5972
14.6618
14.6842
14.6548
14.6684
14.6919
14.691
14.6976
14.6899
14.6889
14.6881
14.7011
14.6824
14.6757
14.6875
14.6703
14.7155
14.6615
14.6937
14.6669
14.6975
14.6628
14.6927
14.7056
14.7244
14.7243
14.6688
14.6616
14.6654
14.6982
14.7024
14.6908
14.6765
14.6889
14.7008
14.7032
14.7069
14.7035
14.6639
14.6629
14.641
14.6966
14.6673
14.6774
14.7052
14.6716
14.6696
14.6672
14.6893
14.6795
14.6982
14.6818
14.675
14.7059
14.7114
14.701
14.6255
14.6614
14.6988
14.7029
14.7125
14.7076
14.6578
14.7073
14.6239
14.7126
14.6717
14.711
14.7079
14.6732
14.7231
14.7128
14.7118
14.7063
14.6661
14.7062
14.7075
14.7024
14.63
14.6334
14.6728
14.672
14.7053
14.7053
14.629
14.6746
14.7155
14.7112
14.7068
14.6767
14.7154
14.6804
14.7163
14.7229
14.7347
14.7092
14.7371
14.7221
14.7213
14.7247
14.7296
14.6427
14.7326
14.7238
14.7133
14.7361
14.7189
14.7211
14.7086
14.7243
14.7234
14.7118
14.6102
14.7157
14.7084
14.6277
14.6313
14.7098
14.709
14.6782
14.6983
14.7133
14.6718
14.6724
14.7227
14.6395
14.6987
14.669
14.6713
14.675
14.7092
14.6821
14.6354
14.7143
14.6785
14.7016
14.7131
14.6817
14.6363
14.694
14.7168
14.7166
14.7165
14.6442
14.7112
14.7165
14.6655
14.6795
14.7064
14.6804
14.7108
14.6794
14.68
14.6813
14.682
14.641
14.7085
14.648
14.6831
14.6769
14.6854
14.6206
14.6599
14.6745
14.6168
14.6128
14.6275
14.6541
14.5932
14.6253
14.709
14.7135
14.6005
14.6227
14.6395
14.6883
14.634
14.717
14.6772
14.651
14.6383
14.6835
14.6327
14.6655
14.6847
14.7151
14.683
14.6831
14.6839
14.7078
14.689
14.7028
14.6852
14.7193
14.7159
14.6871
14.719
14.7204
14.7123
14.6995
14.7174
14.6545
14.6905
14.7193
14.7161
14.7263
14.7098
14.7186
14.7
14.6105
14.6895
14.7107
14.6914
14.7035
14.7048
14.7154
14.6951
14.6869
14.6897
14.6454
14.7076
14.6832
14.7095
14.7005
14.6843
14.677
14.7183
14.7169
14.7201
14.7136
14.6796
14.691
14.7158
14.6991
14.7135
14.7109
14.6966
14.7229
14.6717
14.7182
14.6917
14.6872
14.7085
14.6866
14.7043
14.6367
14.7192
14.6767
14.6917
14.6924
14.7034
14.7119
14.7182
14.6966
14.7128
14.6915
14.7175
14.6825
14.7141
14.7166
14.693
14.714
14.7121
14.7074
14.6969
14.7024
14.7155
14.6902
14.6955
14.6847
14.6363
14.6992
14.6261
14.6938
14.693
14.6922
14.7181
14.7077
14.695
14.6077
14.6942
14.6995
14.6885
14.6968
14.7219
14.6371
14.6962
14.7151
14.7061
14.7166
14.6142
14.7241
14.6982
14.6976
14.7231
14.7135
14.6958
14.7124
14.7028
14.7148
14.6439
14.7254
14.7144
14.634
14.6957
14.7015
14.7008
14.7116
14.7181
14.7112
14.7015
14.7167
14.6777
14.6093
14.6176
14.724
14.7185
14.704
14.6999
14.7203
14.6259
14.6228
14.7012
14.7226
14.6682
14.7104
14.7127
14.6326
14.7033
14.6837
14.6226
14.7158
14.7204
14.6649
14.6927
14.6944
14.7119
14.6997
14.7001
14.7018
14.7084
14.7063
14.7043
14.7055
14.6924
14.6958
14.7255
14.7019
14.7035
14.6934
14.7209
14.6166
14.6995
14.6887
14.7111
14.664
14.6897
14.6845
14.725
14.7171
14.7273
14.7207
14.7168
14.7196
14.695
14.6901
14.7063
14.7287
14.6242
14.7238
14.6928
14.6998
14.6256
14.7219
14.6742
14.6295
14.7135
14.7081
14.719
14.6139
14.7058
14.715
14.6681
14.7305
14.7053
14.6269
14.6993
14.6767
14.7091
14.7155
14.6822
14.7121
14.7109
14.7108
14.7123
14.7048
14.7126
14.6994
14.7276
14.7126
14.6892
14.7112
14.6179
14.7277
14.7289
14.7074
14.6156
14.7189
14.7055
14.706
14.7065
14.6081
14.6737
14.6978
14.7142
14.7271
14.7091
14.7047
14.6936
14.7151
14.7263
14.6833
14.6765
14.6276
14.7034
14.7118
14.7296
14.7062
14.7007
14.6854
14.6903
14.7133
14.725
14.7098
14.7125
14.708
14.7099
14.7068
14.6985
14.6043
14.6911
14.7261
14.6066
14.6775
14.7216
14.7073
14.7208
14.7089
14.6934
14.7155
14.7264
14.7006
14.6291
14.7135
14.7304
14.6731
14.7025
14.7009
14.7085
14.7021
14.7193
14.7087
14.7067
14.7177
14.7318
14.7076
14.7175
14.7279
14.7231
14.7053
14.7099
14.6208
14.6088
14.7243
14.7259
14.7028
14.7091
14.6031
14.7219
14.7087
14.685
14.7294
14.7158
14.7012
14.7097
14.7166
14.7074
14.7026
14.7069
14.7267
14.7115
14.6945
14.7111
14.7256
14.7274
14.7046
14.7139
14.7164
14.6772
14.6741
14.718
14.6194
14.7143
14.6754
14.7054
14.7109
14.6561
14.7195
14.6897
14.7293
14.727
14.7173
14.6873
14.6898
14.6575
14.6615
14.6868
14.7109
14.695
14.6951
14.7129
14.7075
14.7084
14.6917
14.6031
14.6534
14.6808
14.7124
14.6105
14.6815
14.6362
14.7228
14.6738
14.72
14.7293
14.7305
14.6868
14.725
14.718
14.7251
14.7252
14.7008
14.6709
14.6136
14.6941
14.7267
14.6653
14.7064
14.6692
14.7127
14.6998
14.7015
14.733
14.6794
14.7025
14.708
14.6127
14.7061
14.7032
14.7284
14.7306
14.7264
14.6997
14.73
14.7077
14.7264
14.7091
14.7058
14.672
14.694
14.6838
14.729
14.7252
14.6911
14.701
14.7252
14.7059
14.6971
14.6874
14.6968
14.7155
14.6544
14.6782
14.7205
14.6863
14.6802
14.7221
14.698
14.7076
14.6998
14.6473
14.6052
14.6076
14.6781
14.688
14.6853
14.6821
14.6863
14.6961
14.7332
14.6977
14.6413
14.7253
14.7194
14.6901
14.6823
14.6371
14.7172
14.6914
14.6745
14.6678
14.6793
14.6979
14.676
14.6073
14.6752
14.6947
14.7105
14.685
14.6952
14.6885
14.6293
14.7267
14.6835
14.599
14.6591
14.6926
14.7268
14.7214
14.7122
14.7149
14.6918
14.6956
14.721
14.7103
14.6902
14.7108
14.6029
14.6468
14.7008
14.6792
14.6303
14.7222
14.7117
14.7057
14.6034
14.71
14.686
14.6869
14.6653
14.6915
14.6006
14.7157
14.7125
14.6972
14.7158
14.7056
14.7227
14.6853
14.7013
14.6873
14.7292
14.7095
14.6921
14.6787
14.7111
14.7252
14.5997
14.7081
14.6999
14.7169
14.7047
14.7207
14.6808
14.7278
14.6907
14.6763
14.718
14.6794
14.7102
14.7032
14.6697
14.6965
14.6899
14.7115
14.6657
14.7133
14.67
14.6721
14.7206
14.7174
14.5966
14.6717
14.6893
14.7084
14.6853
14.6893
14.7165
14.6527
14.6959
14.7146
14.6502
14.6059
14.6956
14.7154
14.7237
14.7025
14.7206
14.6837
14.668
14.6685
14.7223
14.6906
14.6833
14.6952
14.7176
14.7119
14.6922
14.6927
14.5907
14.6822
14.6485
14.6479
14.6829
14.7026
14.6596
14.6696
14.6683
14.6538
14.7227
14.7184
14.7139
14.6974
14.6484
14.7157
14.6842
14.5873
14.7178
14.6394
14.7162
14.7166
14.6858
14.6971
14.6869
14.7008
14.6172
14.6869
14.6044
14.6838
14.7171
14.6338
14.6963
14.6815
14.7137
14.6089
14.6225
14.6828
14.7142
14.6901
14.7235
14.7197
14.7011
14.7164
14.596
14.6931
14.647
14.7248
14.625
14.6103
14.6897
14.6999
14.6533
14.6268
14.692
14.6482
14.6209
14.6139
14.687
14.6744
14.7125
14.722
14.7186
14.6873
14.6478
14.5932
14.7344
14.7108
14.672
14.6584
14.6167
14.719
14.688
14.7271
14.7311
14.6441
14.7287
14.697
14.5989
14.6132
14.6926
14.651
14.6604
14.6728
14.7244
14.7314
14.6392
14.7307
14.5886
14.6796
14.6188
14.7213
14.6472
14.645
14.6929
14.707
14.6859
14.6613
14.6369
14.7143
14.5893
14.6258
14.656
14.6326
14.654
14.6321
14.6919
14.6964
14.6819
14.6949
14.6875
14.7177
14.6187
14.7199
14.7196
14.6401
14.6905
14.6963
14.623
14.7208
14.7055
14.7229
14.5996
14.6323
14.7184
14.7298
14.736
14.71
14.6502
14.6396
14.6431
14.7044
14.6962
14.6913
14.702
14.6915
14.7237
14.6878
14.5916
14.686
14.6856
14.602
14.7235
14.7084
14.7298
14.7321
14.7325
14.7133
14.7355
14.6962
14.7321
14.6542
14.5944
14.7361
14.7187
14.6053
14.7127
14.7181
14.696
14.718
14.7144
14.7
14.7148
14.6893
14.7066
14.6214
14.7177
14.7147
14.7102
14.6808
14.6939
14.6711
14.7211
14.6896
14.6788
14.6156
14.6846
14.7288
14.7252
14.7214
14.7343
14.7349
14.722
14.7223
14.7302
14.7328
14.7354
14.732
14.7193
14.7231
14.7217
14.7279
14.7261
14.7211
14.7336
14.7356
14.7227
14.72
14.7228
14.7311
14.658
14.7203
14.6238
14.5989
14.7351
14.7355
14.7207
14.7022
14.6002
14.5976
14.6873
14.6111
14.6198
14.6665
14.7166
14.7182
14.703
14.6811
14.6979
14.7241
14.7094
14.7356
14.7129
14.6964
14.7042
14.6011
14.6211
14.7175
14.7308
14.7031
14.6905
14.7176
14.7122
14.6126
14.6542
14.617
14.6918
14.7262
14.6774
14.7321
14.6909
14.7081
14.7009
14.6937
14.6999
14.7156
14.7268
14.72
14.6808
14.7293
14.6563
14.7183
14.7107
14.6029
14.5966
14.6193
14.7309
14.7287
14.6947
14.7324
14.6124
14.7238
14.6957
14.6933
14.6407
14.7257
14.7336
14.7015
14.6997
14.736
14.6746
14.7155
14.7156
14.7135
14.6971
14.6986
14.6425
14.7161
14.7215
14.7095
14.6882
14.6888
14.72
14.6969
14.6935
14.6946
14.7155
14.6881
14.7082
14.5986
14.6663
14.7194
14.6665
14.7207
14.5865
14.6851
14.682
14.7304
14.7209
14.7288
14.7299
14.6725
14.7306
14.7351
14.6882
14.7362
14.6758
14.5867
14.6846
14.6919
14.6408
14.6903
14.741
14.7269
14.6247
14.7219
14.721
14.6904
14.703
14.7239
14.6752
14.7047
14.7363
14.6094
14.6913
14.7354
14.6774
14.6947
14.6904
14.5994
14.6552
14.6684
14.6911
14.7288
14.7319
14.7384
14.7326
14.7364
14.7355
14.7378
14.7378
14.7358
14.7364
14.7218
14.7216
14.6794
14.7126
14.7336
14.7148
14.7233
14.7238
14.7032
14.6917
14.7238
14.7365
14.6167
14.6565
14.6929
14.7202
14.713
14.7222
14.6964
14.7345
14.6055
14.7108
14.7147
14.7006
14.6424
14.6968
14.7153
14.6575
14.6437
14.7104
14.6894
14.6979
14.6679
14.6895
14.6771
14.7223
14.6857
14.6946
14.7347
14.7279
14.7056
14.6702
14.7338
14.7324
14.7199
14.661
14.6931
14.6626
14.7206
14.7261
14.7351
14.6995
14.6954
14.626
14.7103
14.7366
14.692
14.7261
14.6279
14.7311
14.7175
14.6944
14.7235
14.6936
14.6885
14.722
14.7203
14.7278
14.6908
14.602
14.7332
14.7172
14.7309
14.7066
14.7364
14.6938
14.7037
14.6504
14.6888
14.7047
14.6219
14.7219
14.6956
14.6866
14.69
14.7228
14.7391
14.7108
14.6375
14.6484
14.6461
14.7201
14.6817
14.7195
14.7205
14.5869
14.7127
14.6845
14.7115
14.7329
14.6869
14.7364
14.6354
14.6675
14.6725
14.7246
14.7333
14.6641
14.6732
14.7032
14.7152
14.6895
14.6762
14.6905
14.6679
14.6915
14.7369
14.6021
14.7191
14.7114
14.6554
14.6876
14.6697
14.732
14.7327
14.6903
14.7288
14.7236
14.7211
14.7214
14.7367
14.6486
14.7155
14.7231
14.7149
14.6896
14.7173
14.7059
14.6888
14.7129
14.6765
14.6927
14.7351
14.7133
14.6626
14.6634
14.6502
14.6886
14.6362
14.6582
14.6432
14.7362
14.6878
)
;

boundaryField
{
    back
    {
        type            empty;
    }
    front
    {
        type            empty;
    }
    top
    {
        type            zeroGradient;
    }
    outer_arc
    {
        type            zeroGradient;
    }
    bottom
    {
        type            uniformFixedValue;
        uniformValue    
        {
            type            table;
            format          csv;
            file            "outlet_p.csv";
            nHeaderLine     1;
            refColumn       0;
            componentColumns List<label> 1(1);
            separator       ",";
            mergeSeparators 0;
        }
        value           uniform 14.6871;
    }
    inner_arc
    {
        type            zeroGradient;
    }
}


// ************************************************************************* //
