/*--------------------------------*- C++ -*----------------------------------*\
  =========                 |
  \\      /  F ield         | OpenFOAM: The Open Source CFD Toolbox
   \\    /   O peration     | Website:  https://openfoam.org
    \\  /    A nd           | Version:  9
     \\/     M anipulation  |
\*---------------------------------------------------------------------------*/
FoamFile
{
    format      ascii;
    class       volScalarField;
    location    "0.15";
    object      p;
}
// * * * * * * * * * * * * * * * * * * * * * * * * * * * * * * * * * * * * * //

dimensions      [0 2 -2 0 0 0 0];

internalField   nonuniform List<scalar> 
578
(
10.8
10.8
10.8
10.9
10.7
10.9
10.7
10.7
10.7
10.8
10.9
10.7
11
10.7
10.7
10.8
11
10.9
10.7
10.7
10.9
10.8
11.1
10.9
10.9
10.7
10.9
10.9
10.9
10.8
10.9
10.9
10.8
10.9
10.7
10.8
10.7
10.7
10.8
10.7
10.7
10.7
10.7
10.7
10.7
10.7
10.7
10.7
10.8
10.9
10.9
11
11
10.9
11
10.9
11.1
10.8
11
10.8
10.9
11.1
10.9
10.7
11
10.7
10.8
10.9
10.8
10.7
10.9
10.9
11
10.7
10.9
10.7
10.8
10.8
11
10.8
10.9
10.8
10.8
10.8
10.8
10.7
10.9
10.9
10.7
10.7
10.9
10.7
10.7
11
10.8
10.8
11
11
10.8
10.7
10.7
10.7
11
10.8
11
10.7
10.9
10.7
10.7
10.7
10.8
10.7
10.8
10.9
10.9
11
10.9
10.9
10.7
11
10.7
10.8
10.7
10.9
10.8
10.7
10.9
10.8
10.7
10.7
10.7
10.7
11
10.7
10.7
10.8
10.7
11
10.9
10.7
10.7
10.7
10.7
10.9
10.7
10.8
10.7
11
10.7
10.7
10.7
10.7
10.8
10.7
10.7
11
10.9
11
10.8
10.7
10.7
10.7
10.7
10.7
10.9
10.7
10.9
10.7
11
10.9
10.8
10.7
10.8
10.7
10.7
11
11
11
10.8
10.9
10.7
10.8
10.7
11
10.8
11
10.8
10.7
10.7
10.9
10.7
10.7
10.8
10.7
10.8
10.9
11
11
10.7
10.7
11
11
10.8
10.9
11
10.7
10.7
10.7
10.7
10.8
10.7
10.7
10.7
11
10.7
10.9
10.7
10.7
10.7
10.7
10.7
10.7
10.7
10.8
10.7
10.7
10.9
11
11
10.9
10.8
10.8
10.7
10.7
10.7
10.8
10.7
10.7
11
10.7
10.7
10.7
10.9
10.7
10.9
10.7
10.7
10.8
10.8
10.9
10.9
10.7
10.8
10.7
10.9
10.7
10.9
10.7
10.8
10.8
10.7
10.7
10.9
10.9
10.8
10.7
10.7
10.7
10.8
10.7
10.7
10.7
10.7
10.9
11
10.9
10.9
10.7
10.7
10.9
10.7
10.9
10.9
10.9
10.9
10.7
10.7
10.7
10.9
10.9
10.7
10.7
10.9
10.8
10.9
10.9
10.7
10.7
10.9
10.9
10.9
10.7
10.9
10.9
10.9
10.9
10.7
10.9
10.9
10.9
10.7
10.9
10.9
10.7
10.9
10.9
10.7
10.7
10.7
10.9
10.7
10.9
10.9
10.9
11
10.9
10.7
10.7
10.7
10.9
11
10.7
10.9
10.9
10.7
10.9
10.9
10.9
10.9
10.9
10.9
10.9
10.9
10.9
10.9
10.8
11
10.7
10.7
10.7
10.7
10.7
10.7
10.9
10.7
10.7
10.9
10.7
10.7
10.7
10.9
11.1
10.9
10.7
10.9
11
10.9
10.9
10.9
10.8
10.7
11
10.7
10.9
10.8
11
11
10.7
10.7
11.1
11
10.7
10.7
10.9
10.9
10.9
11.1
10.7
10.7
10.7
11
11
11
10.7
10.8
11.1
10.9
10.9
11
10.9
10.8
10.9
11.1
10.9
11
11
10.9
11
10.9
10.9
11
10.9
10.9
10.7
11
10.9
10.7
10.7
10.7
10.9
10.7
10.9
10.7
10.7
10.7
10.7
10.7
10.9
10.7
10.7
10.8
10.9
10.8
11
10.7
10.7
10.7
10.9
10.7
10.9
10.9
10.9
11
10.9
10.7
10.9
10.9
10.8
10.8
10.9
10.7
11
10.7
11
10.7
10.9
10.8
11
10.9
10.9
10.8
10.8
10.9
10.7
10.9
10.8
10.7
10.8
10.9
10.7
10.9
10.9
10.8
11
10.9
10.7
10.7
10.8
10.7
10.8
10.9
10.9
10.8
10.9
11
10.7
10.9
11.1
11
10.7
11.1
10.8
10.7
11
11
10.7
10.9
10.7
11.1
11.1
10.7
10.9
10.7
10.9
10.9
11
10.7
11
10.7
11
10.9
10.8
10.9
10.7
10.7
10.9
10.7
10.7
10.9
11
10.9
11.1
10.9
10.7
10.7
10.9
10.9
11
10.7
10.9
10.7
10.7
10.9
10.9
10.9
10.8
10.9
10.7
10.8
11
11
10.9
10.8
10.7
10.9
10.9
10.9
10.8
10.7
10.7
10.9
10.7
10.7
10.7
11
10.9
10.7
10.9
10.9
11
11
10.7
10.7
11
11
10.9
11
10.9
11
11
10.7
10.8
11
10.9
10.8
10.9
10.8
10.8
)
;

boundaryField
{
    front
    {
        type            empty;
    }
    back
    {
        type            empty;
    }
    bottom
    {
        type            uniformFixedValue;
        uniformValue    
        {
            type            table;
            format          csv;
            file            "outlet_p.csv";
            nHeaderLine     1;
            refColumn       0;
            componentColumns List<label> 1(1);
            separator       ",";
            mergeSeparators 0;
        }
        value           uniform 10.7;
    }
    left
    {
        type            zeroGradient;
    }
    top
    {
        type            zeroGradient;
    }
    right
    {
        type            zeroGradient;
    }
    inner_arc
    {
        type            zeroGradient;
    }
}


// ************************************************************************* //
