/*--------------------------------*- C++ -*----------------------------------*\
  =========                 |
  \\      /  F ield         | OpenFOAM: The Open Source CFD Toolbox
   \\    /   O peration     | Website:  https://openfoam.org
    \\  /    A nd           | Version:  9
     \\/     M anipulation  |
\*---------------------------------------------------------------------------*/
FoamFile
{
    format      ascii;
    class       volScalarField;
    location    "1.17";
    object      p;
}
// * * * * * * * * * * * * * * * * * * * * * * * * * * * * * * * * * * * * * //

dimensions      [0 2 -2 0 0 0 0];

internalField   nonuniform List<scalar> 
1655
(
14.287
14.2904
14.1995
14.2781
14.2736
14.2797
14.1952
14.243
14.2244
14.2749
14.2826
14.2833
14.246
14.2834
14.1959
14.1749
14.1805
14.2169
14.2806
14.2835
14.1732
14.2246
14.2596
14.2625
14.2857
14.1746
14.1728
14.2309
14.2339
14.1683
14.1842
14.2125
14.2643
14.2004
14.2145
14.1996
14.2788
14.2908
14.2674
14.2901
14.1707
14.2666
14.2754
14.281
14.2873
14.278
14.2764
14.2878
14.2778
14.2776
14.2791
14.2069
14.1953
14.2277
14.2241
14.1873
14.17
14.2832
14.2772
14.1838
14.1818
14.2804
14.287
14.2416
14.2794
14.1943
14.2786
14.2816
14.2139
14.2659
14.2829
14.1976
14.174
14.1945
14.1814
14.2867
14.2347
14.2111
14.1705
14.1699
14.2794
14.2876
14.223
14.2806
14.1754
14.1932
14.1854
14.1722
14.2895
14.1952
14.1968
14.1989
14.2802
14.2798
14.2858
14.2794
14.2798
14.2786
14.2113
14.2237
14.1945
14.2805
14.2786
14.2798
14.2213
14.2793
14.2396
14.1672
14.2223
14.1906
14.2464
14.2851
14.1889
14.1797
14.246
14.1955
14.2427
14.2768
14.2892
14.2213
14.1833
14.1834
14.1836
14.272
14.2796
14.2504
14.2774
14.2856
14.1761
14.1882
14.2758
14.2415
14.2419
14.253
14.1678
14.2893
14.2722
14.1923
14.1695
14.2781
14.1839
14.1721
14.1735
14.1766
14.175
14.1753
14.176
14.1802
14.1794
14.176
14.1754
14.1768
14.174
14.1749
14.1939
14.2791
14.2805
14.1885
14.2428
14.2813
14.1811
14.2855
14.2271
14.1879
14.1831
14.2795
14.2299
14.2485
14.2808
14.2114
14.1803
14.2273
14.1836
14.2343
14.1725
14.237
14.2767
14.2078
14.192
14.2855
14.1913
14.227
14.2807
14.2739
14.2883
14.2025
14.2873
14.1993
14.2177
14.229
14.2886
14.2801
14.2198
14.2091
14.215
14.1674
14.2198
14.211
14.2914
14.228
14.276
14.2765
14.1876
14.1863
14.2047
14.1761
14.2661
14.2168
14.1943
14.1954
14.2271
14.2167
14.289
14.2483
14.2853
14.2767
14.1938
14.2872
14.2255
14.2301
14.2883
14.1742
14.2682
14.2363
14.2647
14.2281
14.224
14.2009
14.2244
14.2273
14.278
14.2244
14.2284
14.2078
14.2618
14.276
14.2238
14.2167
14.2152
14.2284
14.1927
14.289
14.2336
14.1681
14.2348
14.1699
14.1829
14.2294
14.2106
14.2336
14.2797
14.1688
14.2153
14.221
14.2642
14.2293
14.2188
14.2376
14.2096
14.272
14.2818
14.1877
14.229
14.219
14.2108
14.2496
14.274
14.2831
14.2588
14.282
14.2003
14.209
14.2897
14.1906
14.2035
14.2067
14.1829
14.2353
14.2213
14.2713
14.2239
14.253
14.2022
14.1893
14.1912
14.2094
14.2231
14.2442
14.2712
14.2126
14.2133
14.1696
14.2799
14.2294
14.2213
14.2495
14.2425
14.228
14.1681
14.2025
14.2411
14.2815
14.2826
14.2489
14.2256
14.2216
14.2383
14.202
14.2186
14.2311
14.204
14.178
14.198
14.2788
14.2462
14.2223
14.1687
14.2249
14.2284
14.2271
14.2251
14.2819
14.2463
14.2529
14.2435
14.2795
14.2806
14.2498
14.2128
14.2229
14.2697
14.2242
14.2853
14.1983
14.213
14.2116
14.2235
14.2777
14.2376
14.2127
14.2335
14.2492
14.2008
14.224
14.1859
14.2528
14.2829
14.2417
14.23
14.1871
14.2541
14.2069
14.2274
14.251
14.227
14.2344
14.2413
14.2426
14.2264
14.2176
14.1855
14.2728
14.227
14.2609
14.2873
14.189
14.2047
14.2626
14.2283
14.2692
14.2895
14.2554
14.2886
14.245
14.27
14.2199
14.2352
14.2452
14.2761
14.2368
14.2812
14.266
14.2518
14.2614
14.237
14.2293
14.2427
14.2297
14.2009
14.2168
14.1726
14.2115
14.2359
14.2319
14.2535
14.2483
14.2324
14.2084
14.2291
14.2608
14.2396
14.2823
14.2656
14.253
14.2231
14.2606
14.2316
14.2111
14.291
14.2314
14.2774
14.2602
14.2559
14.2269
14.2633
14.2549
14.2343
14.2258
14.2567
14.2465
14.2638
14.2603
14.2064
14.2386
14.2591
14.1867
14.2305
14.2505
14.2031
14.2413
14.2285
14.2172
14.2523
14.2777
14.2546
14.2695
14.2722
14.2034
14.2811
14.2603
14.1725
14.2416
14.2149
14.2372
14.2492
14.2652
14.2357
14.2275
14.2362
14.2148
14.2375
14.2606
14.2345
14.2548
14.2384
14.2483
14.2556
14.2428
14.2407
14.212
14.2747
14.2416
14.2709
14.2642
14.2675
14.2516
14.2487
14.2436
14.242
14.2743
14.2776
14.2784
14.2546
14.2189
14.2589
14.2772
14.2799
14.273
14.2377
14.212
14.2239
14.231
14.2427
14.2295
14.2766
14.2485
14.2175
14.2186
14.2228
14.264
14.2562
14.2268
14.2492
14.26
14.2699
14.2734
14.1923
14.2126
14.2694
14.2564
14.2676
14.2794
14.2061
14.2636
14.1936
14.2685
14.2252
14.2665
14.2671
14.2234
14.2643
14.2703
14.2587
14.2763
14.2197
14.2611
14.265
14.266
14.1957
14.1969
14.2366
14.2392
14.2805
14.2624
14.1929
14.2455
14.2707
14.2678
14.2696
14.2372
14.2699
14.2272
14.2917
14.2788
14.283
14.2918
14.282
14.2876
14.2826
14.279
14.2834
14.2046
14.2832
14.277
14.2921
14.2827
14.2905
14.2805
14.2759
14.283
14.2848
14.2726
14.1759
14.2725
14.2698
14.1962
14.1707
14.2791
14.2645
14.2285
14.2576
14.2699
14.2444
14.2311
14.2659
14.2039
14.2596
14.251
14.2264
14.2349
14.2825
14.2357
14.1734
14.2619
14.2364
14.263
14.2726
14.2147
14.2031
14.2701
14.2725
14.2713
14.2565
14.2076
14.2668
14.2709
14.2219
14.2451
14.2623
14.2478
14.2787
14.2432
14.2422
14.242
14.2514
14.2067
14.2829
14.1787
14.2423
14.2318
14.2433
14.1729
14.219
14.2227
14.1736
14.1744
14.1684
14.1806
14.1706
14.1686
14.2727
14.2753
14.1735
14.1707
14.1731
14.2446
14.2032
14.2746
14.2499
14.2148
14.2064
14.2492
14.2043
14.2235
14.2523
14.272
14.2468
14.2453
14.2446
14.2636
14.2605
14.2587
14.2447
14.2739
14.2748
14.2452
14.2743
14.2781
14.2755
14.2624
14.2796
14.2069
14.2652
14.2764
14.2773
14.2699
14.2756
14.2728
14.2548
14.1833
14.2463
14.2818
14.2573
14.2693
14.2728
14.2832
14.2615
14.2405
14.2518
14.2134
14.2727
14.2399
14.2656
14.2657
14.2556
14.2332
14.2772
14.2768
14.2758
14.2809
14.2383
14.2493
14.2742
14.2439
14.2708
14.2667
14.2456
14.2763
14.2293
14.278
14.2429
14.2418
14.2645
14.2562
14.2598
14.2071
14.2786
14.2069
14.2463
14.2477
14.2586
14.2687
14.2614
14.252
14.2782
14.244
14.2765
14.2383
14.2802
14.2801
14.2611
14.278
14.2836
14.2633
14.2393
14.2431
14.2735
14.2542
14.2483
14.2321
14.2089
14.2558
14.1974
14.2581
14.2553
14.2268
14.2762
14.2561
14.2652
14.1814
14.2507
14.2535
14.204
14.2653
14.2561
14.2118
14.2464
14.2662
14.2666
14.2745
14.1878
14.2701
14.2444
14.2534
14.2676
14.2625
14.2398
14.2686
14.2554
14.2723
14.2161
14.2693
14.2836
14.2098
14.2495
14.2573
14.2491
14.2814
14.2774
14.2676
14.2485
14.2753
14.2172
14.1843
14.1898
14.2762
14.2682
14.253
14.2737
14.2646
14.1998
14.1953
14.2434
14.2734
14.2039
14.2596
14.2696
14.2065
14.2476
14.2327
14.1976
14.2656
14.2711
14.2029
14.2533
14.2517
14.2844
14.2505
14.2563
14.258
14.2555
14.2514
14.2472
14.2519
14.2497
14.2523
14.2726
14.2693
14.2537
14.2516
14.2742
14.1915
14.2515
14.2309
14.2509
14.2538
14.2502
14.2183
14.2704
14.2692
14.2731
14.2631
14.2585
14.2716
14.2698
14.2494
14.247
14.273
14.2012
14.268
14.2521
14.2805
14.2057
14.2653
14.2127
14.2073
14.2549
14.2509
14.262
14.1898
14.2615
14.2581
14.2073
14.2753
14.2614
14.2029
14.2353
14.2129
14.2509
14.2713
14.2181
14.2516
14.2659
14.2546
14.2636
14.2397
14.2583
14.2393
14.275
14.2544
14.2147
14.2659
14.1949
14.2732
14.2756
14.2472
14.1935
14.2759
14.2847
14.2435
14.2574
14.1908
14.2089
14.2351
14.2579
14.2716
14.2883
14.2431
14.2353
14.2698
14.271
14.2221
14.2095
14.2062
14.2392
14.2643
14.2746
14.2582
14.2392
14.2221
14.2268
14.2498
14.2589
14.2603
14.2674
14.2868
14.2548
14.2872
14.2557
14.1826
14.2194
14.2586
14.1828
14.2219
14.2673
14.263
14.2673
14.2617
14.2308
14.2536
14.2692
14.2277
14.2161
14.2683
14.274
14.2575
14.2284
14.2579
14.2438
14.2303
14.2678
14.2626
14.2881
14.2593
14.2757
14.2405
14.2734
14.271
14.2729
14.2854
14.2447
14.1995
14.1872
14.2553
14.268
14.2291
14.2415
14.177
14.2704
14.2888
14.2265
14.2714
14.2614
14.2576
14.2473
14.2613
14.238
14.2833
14.2376
14.2618
14.2451
14.2829
14.2447
14.2669
14.27
14.2862
14.2675
14.2698
14.2606
14.2062
14.2645
14.1988
14.2526
14.2171
14.2612
14.2481
14.2012
14.2643
14.2767
14.2702
14.2689
14.2648
14.2312
14.2075
14.2351
14.2533
14.2264
14.2661
14.235
14.2191
14.2474
14.263
14.239
14.231
14.182
14.241
14.197
14.2678
14.1881
14.2718
14.2198
14.2703
14.2605
14.2746
14.264
14.272
14.2787
14.2635
14.2726
14.2728
14.2653
14.2244
14.2598
14.1929
14.2787
14.2678
14.2069
14.2357
14.2118
14.2471
14.2839
14.2315
14.2742
14.2218
14.2839
14.2376
14.1927
14.2347
14.2322
14.2608
14.2663
14.2659
14.2817
14.2636
14.2374
14.2641
14.2904
14.2352
14.2598
14.2817
14.27
14.2663
14.2617
14.281
14.228
14.2546
14.2348
14.2812
14.2732
14.2801
14.2491
14.2348
14.1973
14.2558
14.2714
14.2688
14.2587
14.2854
14.2378
14.2825
14.2231
14.19
14.1874
14.2643
14.2779
14.2768
14.1968
14.2038
14.2833
14.2768
14.283
14.2202
14.2752
14.2449
14.2747
14.2715
14.2247
14.2523
14.2087
14.263
14.2527
14.269
14.284
14.2633
14.1878
14.1969
14.28
14.2433
14.2007
14.2249
14.2209
14.2231
14.2755
14.2716
14.1751
14.2013
14.2791
14.2539
14.262
14.2451
14.2436
14.2775
14.2822
14.2608
14.242
14.2825
14.2442
14.1833
14.2283
14.2255
14.1955
14.214
14.2607
14.2431
14.2316
14.1842
14.24
14.2007
14.2202
14.2622
14.2113
14.182
14.251
14.2465
14.2177
14.2524
14.2316
14.2644
14.2196
14.2865
14.2023
14.2733
14.2374
14.2091
14.1972
14.2405
14.2682
14.1804
14.2344
14.2847
14.2498
14.2811
14.2595
14.266
14.2716
14.2821
14.2619
14.2562
14.1945
14.2375
14.2824
14.2551
14.2756
14.2223
14.2369
14.1902
14.2478
14.2335
14.2339
14.2579
14.2541
14.1828
14.2556
14.2811
14.2343
14.2073
14.2732
14.2469
14.2175
14.216
14.2511
14.2168
14.1881
14.2148
14.2467
14.2654
14.2273
14.2617
14.2181
14.2351
14.2339
14.2621
14.2065
14.2666
14.2159
14.2554
14.246
14.2837
14.2099
14.1744
14.2785
14.2172
14.2187
14.1975
14.2273
14.2161
14.2403
14.2372
14.2087
14.2632
14.257
14.2491
14.2179
14.2212
14.2435
14.2681
14.1691
14.2568
14.2158
14.2535
14.2544
14.2761
14.2198
14.2197
14.2249
14.2002
14.2677
14.1749
14.2028
14.2553
14.213
14.2776
14.263
14.2403
14.1906
14.2055
14.2172
14.2402
14.2811
14.2659
14.2597
14.2783
14.282
14.1754
14.2765
14.2292
14.2485
14.2058
14.1925
14.2843
14.2798
14.2295
14.2093
14.2735
14.2275
14.2034
14.1957
14.2669
14.2366
14.2475
14.2631
14.2586
14.2782
14.2137
14.1776
14.2791
14.2879
14.2374
14.232
14.2082
14.2581
14.2707
14.2703
14.2753
14.2142
14.2723
14.2255
14.1783
14.1944
14.2753
14.2284
14.2152
14.2419
14.2667
14.2747
14.2203
14.2731
14.1709
14.2008
14.2001
14.2753
14.2273
14.2191
14.2823
14.2835
14.2151
14.2366
14.2144
14.2399
14.171
14.2078
14.2346
14.2126
14.2351
14.2135
14.2726
14.2784
14.264
14.2844
14.2696
14.2819
14.1995
14.2744
14.2735
14.2225
14.2843
14.2762
14.2149
14.2751
14.2877
14.2807
14.1784
14.2143
14.2744
14.2727
14.278
14.2848
14.2248
14.2201
14.2211
14.2868
14.2281
14.2227
14.2855
14.2267
14.2767
14.218
14.1738
14.2179
14.2162
14.1773
14.2785
14.2861
14.2757
14.2717
14.2708
14.2863
14.2742
14.225
14.2591
14.1868
14.1778
14.2732
14.2731
14.1787
14.2408
14.2754
14.2291
14.2732
14.2855
14.2339
14.2703
14.2215
14.2842
14.1802
14.2754
14.2713
14.2404
14.2036
14.2237
14.2674
14.2771
14.2219
14.2749
14.1811
14.2186
14.283
14.2831
14.2874
14.2828
14.2824
14.2826
14.2861
14.2826
14.2823
14.2819
14.283
14.2894
14.2818
14.284
14.2833
14.2835
14.2886
14.2829
14.2829
14.2823
14.2893
14.2854
14.2832
14.1962
14.2804
14.1833
14.1816
14.2643
14.267
14.2815
14.2849
14.1841
14.179
14.281
14.2006
14.189
14.1959
14.2907
14.2904
14.2324
14.2747
14.286
14.2774
14.2901
14.2662
14.2898
14.2855
14.2319
14.188
14.2093
14.2845
14.2764
14.288
14.222
14.2911
14.2864
14.2006
14.2508
14.1803
14.2847
14.2775
14.2042
14.2584
14.2846
14.2347
14.2868
14.2235
14.2869
14.2895
14.2828
14.288
14.2086
14.26
14.2493
14.2885
14.2372
14.1793
14.1785
14.2081
14.2777
14.2568
14.2849
14.2775
14.181
14.284
14.286
14.2856
14.2315
14.2498
14.2757
14.2892
14.2884
14.2742
14.2715
14.2851
14.2918
14.2909
14.2873
14.2879
14.1943
14.2713
14.2752
14.2916
14.2218
14.2214
14.2803
14.2869
14.2845
14.2857
14.273
14.2205
14.2361
14.1828
14.1975
14.2791
14.2001
14.2777
14.1671
14.2806
14.2122
14.2706
14.2824
14.2773
14.2683
14.1912
14.2561
14.2807
14.2829
14.2823
14.1931
14.1676
14.2167
14.2838
14.1869
14.2843
14.2776
14.2511
14.2149
14.2788
14.2793
14.2846
14.2897
14.2814
14.2007
14.2906
14.2805
14.1954
14.2225
14.2794
14.1996
14.2862
14.2245
14.1813
14.1955
14.19
14.2844
14.2777
14.2567
14.2773
14.2594
14.2782
14.2807
14.2822
14.2795
14.2804
14.2789
14.2788
14.2802
14.2059
14.2926
14.2685
14.2896
14.278
14.2774
14.237
14.2228
14.2827
14.2821
14.1875
14.2506
14.2854
14.2815
14.2878
14.277
14.2849
14.278
14.1944
14.2912
14.2918
14.2892
14.2379
14.2255
14.2867
14.1882
14.1975
14.2924
14.2224
14.2878
14.1953
14.2187
14.2052
14.2756
14.2791
14.2285
14.2799
14.2813
14.2895
14.1982
14.2771
14.2772
14.2854
14.257
14.2852
14.1961
14.2824
14.2782
14.2718
14.2858
14.2863
14.1882
14.2375
14.2828
14.2845
14.2504
14.2169
14.2814
14.2835
14.2239
14.2478
14.2842
14.2239
14.2755
14.2864
14.2568
14.2844
14.1793
14.2683
14.2885
14.2776
14.2353
14.2706
14.2269
14.2905
14.1956
14.2206
14.2879
14.1876
14.2781
14.2867
14.2821
14.2198
14.2789
14.2745
14.292
14.1866
14.2041
14.238
14.2758
14.2145
14.2811
14.2767
14.1679
14.2397
14.2146
14.2392
14.2802
14.2207
14.2752
14.2292
14.2612
14.1923
14.2818
14.2812
14.2575
14.1948
14.2869
14.2875
14.2223
14.1943
14.2843
14.1925
14.2838
14.2798
14.1746
14.2781
14.2924
14.191
14.2813
14.2018
14.2583
14.2751
14.2845
14.2679
14.2776
14.2748
14.2793
14.2821
14.205
14.2884
14.2803
14.2908
14.2834
14.2894
14.2371
14.2826
14.2885
14.2018
14.2852
14.2698
14.2898
14.1943
14.2579
14.1862
14.2204
14.2285
14.1924
14.2361
14.2721
14.2198
)
;

boundaryField
{
    back
    {
        type            empty;
    }
    front
    {
        type            empty;
    }
    top
    {
        type            zeroGradient;
    }
    outer_arc
    {
        type            zeroGradient;
    }
    bottom
    {
        type            uniformFixedValue;
        uniformValue    
        {
            type            table;
            format          csv;
            file            "outlet_p.csv";
            nHeaderLine     1;
            refColumn       0;
            componentColumns List<label> 1(1);
            separator       ",";
            mergeSeparators 0;
        }
        value           uniform 14.2212;
    }
    inner_arc
    {
        type            zeroGradient;
    }
}


// ************************************************************************* //
