/*--------------------------------*- C++ -*----------------------------------*\
  =========                 |
  \\      /  F ield         | OpenFOAM: The Open Source CFD Toolbox
   \\    /   O peration     | Website:  https://openfoam.org
    \\  /    A nd           | Version:  9
     \\/     M anipulation  |
\*---------------------------------------------------------------------------*/
FoamFile
{
    format      ascii;
    class       surfaceScalarField;
    location    "1.65";
    object      phi;
}
// * * * * * * * * * * * * * * * * * * * * * * * * * * * * * * * * * * * * * //

dimensions      [0 3 -1 0 0 0 0];

internalField   nonuniform List<scalar> 
2420
(
7.28888e-07
-6.29412e-07
-9.94754e-08
-1.97554e-07
1.97554e-07
3.18333e-07
-6.06674e-08
-2.57665e-07
2.16845e-07
-2.16845e-07
-6.48043e-07
2.49511e-07
3.98532e-07
1.99806e-07
-2.25341e-07
2.55347e-08
2.76596e-07
4.17367e-08
-9.65029e-07
8.52993e-08
8.7973e-07
1.68602e-06
-1.98804e-06
3.02016e-07
-4.96921e-07
-1.51122e-07
-3.59971e-07
-1.22906e-08
3.72261e-07
-4.16169e-07
5.61985e-08
-9.65029e-07
-1.28663e-07
7.95421e-08
4.9121e-08
-1.47871e-07
4.08271e-07
-2.604e-07
-3.47095e-07
5.62905e-08
2.90805e-07
9.81854e-07
-1.39433e-07
-8.42421e-07
4.54733e-07
-9.21368e-07
4.66635e-07
-9.47277e-08
7.31136e-08
2.16141e-08
-8.76675e-08
-4.09956e-08
1.62478e-07
2.75313e-07
-4.37792e-07
-8.07421e-08
-5.69798e-07
7.87809e-07
-2.18011e-07
-7.35991e-07
1.66193e-07
4.28262e-07
3.00626e-07
3.09403e-07
6.72451e-07
-5.07511e-08
-2.96344e-07
-6.49248e-07
-1.15728e-06
1.80653e-06
-1.4621e-06
8.12849e-07
2.16671e-07
-1.05403e-07
-1.11268e-07
-7.28032e-07
-2.31459e-07
9.59492e-07
-1.0027e-07
2.07837e-07
-1.07567e-07
-4.81584e-07
4.23846e-07
5.77382e-08
-3.60704e-07
3.49684e-07
1.10197e-08
-5.32792e-07
9.87525e-07
-1.57105e-07
-2.03598e-07
5.46718e-08
1.45134e-07
-1.9689e-08
-1.77865e-07
-8.31841e-08
-3.984e-07
-6.97599e-08
2.67313e-07
3.29951e-07
-1.67473e-07
6.8499e-07
7.34193e-08
-7.58409e-07
2.91826e-07
-3.7501e-07
-3.22681e-08
1.34707e-08
1.87974e-08
4.56989e-08
9.72017e-08
-1.42901e-07
7.26419e-08
1.44203e-07
-1.65579e-07
-5.12653e-08
4.16008e-08
4.09814e-09
-2.36128e-07
4.01473e-07
-1.65346e-07
-9.49673e-08
3.86793e-07
-1.23784e-07
-1.01557e-07
-1.60937e-07
-5.5508e-07
4.07208e-07
-1.2006e-06
-7.87441e-07
3.34776e-07
6.99048e-08
-4.04681e-07
1.50844e-07
2.73557e-09
-1.5358e-07
-1.66355e-08
-1.94832e-07
2.11467e-07
9.63461e-08
-1.08637e-07
-5.03035e-08
-1.30726e-08
6.33762e-08
5.61646e-07
-4.10802e-07
8.87876e-08
-8.1682e-07
1.10007e-07
-1.24344e-07
1.43365e-08
-6.70844e-07
4.1432e-08
-1.13303e-06
1.21833e-06
-4.2018e-08
3.20607e-08
9.95728e-09
-4.39765e-07
2.08305e-07
-7.38908e-08
8.55623e-08
-1.16715e-08
-1.41658e-07
4.37409e-08
9.79172e-08
3.84388e-07
-9.17181e-07
-5.10006e-08
-4.53121e-08
-1.63169e-07
3.89625e-07
-2.6823e-07
-1.21395e-07
1.59865e-07
2.48406e-07
4.68667e-07
1.50347e-07
-6.19014e-07
-2.38165e-08
-8.75052e-08
1.11322e-07
-1.39161e-06
-7.04867e-08
-4.0834e-07
7.92728e-07
3.13316e-07
9.1856e-10
2.15753e-07
2.93935e-08
-7.14115e-08
-7.26073e-08
4.87908e-08
4.59967e-07
-1.25191e-07
-6.61979e-08
3.39298e-08
2.98583e-08
2.67312e-07
-2.9717e-07
2.95351e-07
-4.29811e-07
1.3446e-07
6.34858e-07
-1.66191e-07
2.63349e-07
1.26276e-07
1.04301e-06
-2.99088e-07
-7.43924e-07
-3.39927e-07
-6.8192e-08
4.08119e-07
-4.0371e-07
6.37831e-08
-1.58592e-07
-9.90732e-08
-7.85227e-08
-1.6205e-08
5.54981e-08
-2.91626e-07
9.27605e-08
1.21138e-07
-2.13898e-07
1.24047e-08
6.07088e-08
-1.10993e-07
3.71019e-08
-6.46351e-09
-4.384e-08
1.52434e-07
5.54025e-08
-4.66009e-07
1.10132e-07
3.55877e-07
1.08619e-07
-2.67212e-07
-1.12365e-07
1.44698e-07
-3.23328e-08
2.21469e-07
1.80005e-07
-9.02539e-08
-2.21115e-08
2.7224e-07
-3.48234e-07
7.59941e-08
3.22245e-08
7.77826e-08
-1.41538e-06
3.37018e-07
1.07837e-06
-2.9669e-09
-1.02436e-07
-1.65689e-07
-3.0032e-07
1.71415e-07
-1.6868e-07
1.38886e-08
-3.40374e-07
3.26486e-07
-9.18875e-08
-3.24282e-07
2.12397e-07
-4.09824e-08
3.25672e-07
-2.95814e-07
1.31941e-06
-2.22732e-07
-1.09667e-06
-1.08359e-07
-1.15894e-06
-2.56441e-07
5.95693e-08
2.70006e-07
7.73006e-07
2.54474e-07
1.77663e-08
2.12633e-07
-2.35128e-10
8.80608e-08
-7.6912e-07
6.8106e-07
-3.1606e-08
-7.43477e-07
7.75083e-07
-4.36499e-08
-4.20403e-07
4.64053e-07
-8.87203e-08
-2.22724e-08
-1.10371e-06
2.75148e-07
8.28561e-07
-3.3938e-07
2.44412e-07
-6.32786e-08
1.56039e-07
-2.96291e-07
3.52582e-07
1.53893e-07
-3.75627e-07
2.21734e-07
4.42924e-07
-1.91565e-07
-2.51359e-07
-3.33091e-07
3.4698e-07
-1.42463e-06
2.91599e-07
-7.04675e-07
-3.99034e-07
-2.02763e-08
2.02763e-08
-4.20677e-07
-1.55546e-07
5.76224e-07
-4.48067e-07
-2.2076e-07
6.68828e-07
-5.5508e-07
-1.94832e-07
-3.59206e-09
8.91543e-08
5.61646e-07
1.60716e-07
-2.11467e-07
-1.60716e-07
-7.50672e-08
2.35783e-07
-1.22763e-07
4.75254e-07
-3.52491e-07
-6.97125e-08
8.42421e-07
-7.72708e-07
-4.75254e-07
5.63315e-07
-3.70427e-07
3.52491e-07
1.79358e-08
-1.9817e-07
4.10802e-07
-1.80234e-07
1.9817e-07
-1.79358e-08
-7.70844e-07
8.70714e-07
-9.98702e-08
7.70844e-07
-6.82056e-07
-8.70714e-07
7.72708e-07
9.80053e-08
-5.63315e-07
7.13662e-07
-7.13662e-07
6.82056e-07
-2.90708e-07
-1.39103e-07
-5.11224e-08
-2.88257e-07
5.89227e-08
-2.6862e-08
-1.23801e-07
6.52288e-07
-5.28487e-07
1.60463e-07
-6.08605e-08
-4.94228e-07
-4.64269e-07
-8.87228e-07
1.3515e-06
-1.61533e-06
4.14732e-07
6.01645e-07
5.06428e-08
4.78881e-07
8.13774e-08
-8.78409e-08
-1.94473e-06
9.34052e-07
-1.15678e-06
5.5978e-08
1.96168e-07
-6.04507e-07
8.94122e-07
-1.03356e-06
-6.98762e-07
4.4265e-08
6.54497e-07
-3.11101e-07
1.30867e-07
-1.50096e-06
2.94462e-07
1.20649e-06
-1.16394e-06
1.2048e-07
3.22445e-07
-2.40494e-07
4.36661e-07
-5.74245e-08
4.30977e-07
-3.73552e-07
-5.05381e-08
-3.71294e-08
-2.21772e-07
-4.6178e-07
-2.36982e-07
2.11376e-08
-1.44922e-07
-2.42196e-07
1.98546e-07
-5.82608e-09
-1.7983e-07
1.85656e-07
-4.13631e-07
-1.44671e-07
5.58302e-07
1.20596e-08
-8.46669e-08
-4.71056e-07
6.50691e-07
-2.35558e-08
-6.27135e-07
-6.83989e-07
2.22209e-07
1.62039e-07
-6.48371e-08
-7.98628e-08
-4.44809e-08
-4.51029e-07
-1.7872e-07
6.2975e-07
-1.39155e-07
-2.17819e-08
-4.12953e-07
-1.93673e-07
6.06626e-07
-2.32432e-08
1.99662e-07
-5.57624e-07
2.90166e-07
-5.89253e-07
-2.47286e-07
-4.36703e-07
-4.33986e-08
-3.31693e-09
4.67156e-08
9.04369e-08
-1.33836e-07
-4.16265e-07
-1.07259e-07
5.23524e-07
-8.92592e-08
3.64573e-07
-4.13641e-07
4.3784e-07
-2.41995e-08
5.55469e-07
-7.34189e-07
-2.51723e-07
4.05615e-07
4.1173e-07
-6.20457e-08
1.56816e-07
-7.61305e-07
6.0449e-07
3.85525e-07
-5.2468e-07
-4.90437e-07
1.2092e-06
5.22391e-08
-1.02777e-07
3.51601e-08
-3.87522e-08
2.90239e-07
-4.47344e-07
-1.19218e-06
7.27912e-07
5.39012e-07
2.50074e-07
-7.89086e-07
3.46288e-07
-5.93574e-07
5.36604e-08
-1.74443e-07
3.95972e-07
2.78742e-08
-7.39494e-07
4.98169e-07
2.41325e-07
-1.76688e-08
6.09242e-07
-3.91711e-07
-2.17531e-07
2.20764e-07
3.88478e-07
-3.52482e-07
-8.30657e-07
4.33065e-07
3.97591e-07
-3.19434e-07
-5.11223e-07
-3.60145e-07
3.02553e-07
5.75921e-08
-8.55039e-07
2.21305e-07
6.33734e-07
-1.78983e-07
-6.76056e-07
5.7758e-07
2.15148e-07
4.0557e-07
3.22708e-08
-3.78371e-07
1.8226e-08
-5.85385e-07
6.2165e-07
-6.61812e-08
-3.99834e-07
6.20598e-07
-5.59693e-07
1.98102e-07
3.61591e-07
-8.73119e-08
-7.77002e-08
7.18742e-08
-2.83952e-07
-2.75741e-07
-5.31763e-08
7.34526e-08
-3.77251e-07
-3.62242e-07
-1.62576e-07
2.88852e-07
1.03136e-06
-4.44649e-07
-5.86712e-07
-1.14743e-06
-4.67898e-07
2.06792e-07
8.44457e-07
3.57142e-08
-2.22435e-08
-7.06083e-08
6.68936e-09
6.3919e-08
5.42341e-07
-5.77717e-08
4.63341e-07
-2.22293e-07
9.15974e-09
4.71162e-07
-4.80322e-07
-6.62325e-07
2.85074e-07
-4.56072e-07
2.15578e-07
3.74996e-07
-3.47122e-07
-6.16358e-08
-1.03511e-06
1.09675e-06
3.53352e-07
7.76251e-08
5.83826e-07
-1.95348e-07
-2.74606e-07
-7.42531e-08
3.64476e-09
1.1539e-06
-1.09183e-06
-6.2065e-08
4.08461e-07
-3.34654e-08
1.5369e-07
-2.04812e-07
4.09732e-07
-4.274e-07
1.96423e-07
1.0693e-08
-2.07116e-07
4.07208e-07
7.50503e-07
-1.72923e-07
8.43386e-08
-1.66478e-07
5.19829e-07
5.57248e-07
-3.42101e-07
1.62144e-07
5.88359e-07
7.01724e-07
3.29638e-07
-3.15017e-07
-3.47308e-07
2.27249e-07
1.0712e-07
-3.34369e-07
7.65425e-07
3.98686e-07
-1.16411e-06
-4.2691e-07
4.35374e-07
-8.46401e-09
1.03151e-06
-1.06911e-06
3.75912e-08
-4.14001e-07
5.76145e-07
-8.10525e-10
-5.54269e-07
1.13654e-07
-1.14465e-07
-5.68583e-08
6.45218e-07
4.45167e-07
1.84583e-07
4.56456e-07
-3.65673e-07
-9.0783e-08
3.84262e-07
8.14603e-07
-7.91047e-07
1.21379e-07
-7.41777e-08
3.68955e-07
-2.94777e-07
9.40781e-07
-8.96516e-07
2.81622e-07
3.40028e-07
3.66535e-07
1.33013e-07
-4.99548e-07
8.7973e-07
-3.56021e-07
7.34526e-08
4.31595e-07
-3.37077e-07
-9.4518e-08
-4.24763e-07
4.42575e-07
-1.78125e-08
-2.45656e-08
8.00638e-08
-2.45656e-08
-4.94554e-07
3.11668e-07
1.82886e-07
5.16722e-07
6.71044e-08
-5.06456e-07
4.09811e-07
9.66452e-08
-3.91825e-07
5.98617e-07
1.62973e-07
-4.03993e-07
2.4102e-07
3.73248e-07
1.43474e-07
-3.75678e-07
-1.23898e-07
4.99576e-07
-9.66723e-07
8.9701e-07
-1.15457e-06
1.09294e-06
5.72248e-08
4.44595e-07
1.98392e-07
8.04465e-07
-4.31217e-07
-4.35226e-07
4.44385e-07
-2.75965e-07
2.01788e-07
3.16934e-08
-1.28018e-07
-6.3881e-08
1.00363e-07
-1.44203e-07
1.00363e-07
-6.03186e-08
3.94606e-08
4.31702e-07
2.77608e-07
-2.72853e-07
-4.75488e-09
-4.43062e-07
3.85291e-07
5.2461e-07
3.24599e-08
-3.24599e-08
3.8428e-07
2.14337e-07
-4.55138e-07
5.11455e-08
4.41188e-07
1.7941e-07
1.45969e-07
1.31638e-07
3.35489e-07
-5.62866e-07
3.67518e-07
-5.21319e-07
-4.53038e-07
-4.86762e-07
2.24964e-07
2.61798e-07
1.43247e-07
-8.72407e-07
5.52974e-07
-5.54269e-07
-1.75094e-07
5.42824e-07
5.41031e-07
3.33792e-07
1.86037e-07
6.08342e-07
-6.08342e-07
1.78656e-07
-2.85915e-07
-6.51102e-07
-4.73696e-07
4.09815e-07
9.68315e-07
-1.08142e-06
1.13102e-07
7.42231e-07
6.22336e-08
-3.37903e-07
4.45161e-07
-7.76428e-08
-2.67245e-07
3.01628e-07
-3.43829e-08
9.4776e-07
-2.0782e-07
-7.3994e-07
7.3771e-09
-5.88007e-08
-2.9505e-07
1.26336e-06
9.75391e-07
-4.4993e-07
-5.25462e-07
-2.5885e-07
2.5885e-07
-7.99348e-08
-4.74854e-07
4.74854e-07
-6.89634e-08
1.84666e-07
1.21241e-07
-3.05907e-07
1.36524e-07
-1.36524e-07
-4.41425e-07
-1.94282e-07
1.94282e-07
1.92409e-07
-5.88635e-07
3.96226e-07
3.59662e-07
-3.59662e-07
-2.62255e-08
6.75068e-07
-1.96609e-07
-4.78459e-07
9.52758e-07
2.70338e-07
3.22145e-08
-5.55433e-07
3.14079e-07
-2.56487e-07
7.55451e-07
2.1994e-07
9.50511e-07
-1.01258e-06
-1.17547e-06
7.25545e-07
1.70276e-07
3.72547e-07
-1.40635e-07
9.3464e-07
-1.3389e-08
2.00467e-07
5.08292e-07
1.69716e-08
2.70208e-07
-9.15517e-08
2.47147e-07
4.27921e-07
-9.13888e-07
1.73717e-08
4.2548e-07
-1.63682e-07
-2.5497e-08
9.60137e-07
1.13357e-06
-1.07134e-06
-1.44248e-06
-5.27957e-07
-3.51475e-07
8.79431e-07
3.1465e-07
-3.06516e-07
-8.13416e-09
-3.9914e-08
7.95365e-07
-9.34943e-07
-1.34163e-07
7.46528e-08
1.93441e-07
-2.68094e-07
3.73608e-07
8.9733e-08
-6.91679e-07
9.30646e-08
1.77143e-07
-1.9689e-08
3.50402e-07
-5.47011e-07
-2.29926e-07
2.29926e-07
-7.77987e-07
1.63378e-07
6.14609e-07
-1.59129e-07
-1.01635e-06
4.25055e-07
4.45235e-07
-7.16265e-08
-8.09935e-07
3.9689e-07
4.13046e-07
1.52778e-07
-7.55659e-07
5.76676e-07
-1.32691e-06
1.16778e-06
-1.26632e-06
1.24082e-06
3.29059e-07
-8.57015e-07
-8.17901e-07
-1.54208e-07
1.20856e-07
3.33523e-08
-1.32747e-07
-1.27755e-06
-2.29843e-09
1.27985e-06
1.66994e-07
5.68112e-07
-7.35106e-07
-5.57557e-07
3.47838e-07
5.6369e-07
-5.62202e-07
8.72093e-07
-3.09891e-07
-4.15108e-07
1.73701e-07
-2.53716e-07
8.00146e-08
-3.67284e-08
2.47224e-07
4.91506e-08
-2.96374e-07
-6.46557e-07
-3.7407e-07
-1.04289e-06
1.41696e-06
-3.08299e-08
2.15496e-07
3.26024e-07
1.97501e-07
-1.33825e-07
1.33825e-07
-7.31219e-07
1.12811e-06
1.5784e-07
8.12605e-07
-9.70445e-07
-1.03824e-07
1.96888e-07
1.2897e-06
-1.42244e-06
-1.18726e-06
1.7091e-07
-1.10529e-06
-7.59921e-07
4.11028e-07
3.48893e-07
1.52202e-07
-3.40264e-07
-4.19656e-07
-8.48623e-08
-8.31071e-07
2.68869e-07
-3.32451e-07
1.43106e-06
-1.09861e-06
5.92908e-07
2.0136e-07
-7.94267e-07
-9.83514e-07
4.58053e-07
-2.38164e-07
-8.20965e-07
3.59848e-07
4.61117e-07
9.24186e-07
-3.77467e-07
-5.46719e-07
7.39448e-08
-1.2612e-06
5.31829e-07
1.94933e-08
-9.85365e-07
1.09467e-06
-1.09301e-07
-6.63125e-07
-1.26485e-06
9.32402e-07
-4.3261e-07
7.61668e-07
-2.06273e-07
1.36364e-06
4.32414e-07
1.8544e-07
-6.17854e-07
8.04258e-07
2.90409e-07
1.41124e-06
-6.06985e-07
2.19042e-07
5.12966e-08
8.96172e-08
1.25945e-06
-2.72312e-07
-9.87137e-07
5.94058e-07
8.17184e-07
1.56721e-06
-9.73151e-07
-1.36346e-07
-1.40066e-06
1.537e-06
4.97615e-08
3.15806e-07
-3.65567e-07
5.40225e-08
-1.36765e-07
8.27427e-08
-1.23578e-07
-1.32868e-07
-4.14143e-07
3.84645e-07
4.77692e-08
-4.37306e-07
6.38666e-07
-3.69392e-07
-1.19577e-06
1.56516e-06
-1.99693e-07
1.2538e-07
2.45485e-07
-3.70865e-07
-2.8518e-07
1.70862e-08
-5.90271e-07
-8.93786e-08
6.7965e-07
3.49867e-07
9.09582e-07
-5.3367e-07
2.67244e-07
2.66426e-07
7.9769e-07
1.81141e-07
-9.06588e-07
7.25447e-07
2.27033e-07
7.77113e-07
-1.00415e-06
-1.41228e-06
-6.34763e-07
2.29295e-07
4.05468e-07
-1.13856e-08
1.28061e-06
-7.74591e-07
9.55732e-07
-6.74217e-07
-8.61322e-08
7.60349e-07
3.71442e-07
-1.51471e-07
-8.55338e-07
1.00681e-06
-6.18739e-07
3.46487e-07
2.72252e-07
8.25687e-07
-1.10332e-07
-7.15355e-07
1.469e-07
-5.84206e-07
-1.03782e-06
-2.0801e-07
4.53495e-07
2.40759e-07
6.20297e-07
-8.61056e-07
9.10603e-07
-1.3349e-07
-3.77933e-07
-5.92517e-07
9.7045e-07
1.64504e-07
-2.23965e-07
-1.38284e-07
-7.68304e-07
1.12765e-06
-1.95248e-07
-3.08844e-07
1.67557e-06
-1.36672e-06
-3.00114e-07
-3.34649e-07
4.71854e-07
-2.63548e-07
-5.5784e-07
1.12764e-06
-5.69797e-07
-6.46071e-07
1.23696e-06
-5.90893e-07
7.88145e-07
-1.39513e-06
1.71739e-07
-7.38143e-07
-2.09712e-07
9.47855e-07
-5.951e-07
4.84768e-07
1.15931e-06
-1.46815e-06
9.36937e-07
-2.68715e-07
-6.68221e-07
-5.52872e-07
4.6674e-07
-2.53802e-07
-2.79868e-07
4.64049e-07
-4.64049e-07
-1.98654e-07
1.98654e-07
6.87565e-08
-6.87565e-08
2.67313e-07
8.00638e-08
-1.89574e-07
1.89574e-07
-1.94337e-07
1.94337e-07
1.33394e-07
-1.33394e-07
-1.84951e-07
-9.55522e-08
9.55522e-08
-1.65579e-07
5.40049e-07
-5.40049e-07
2.20842e-08
-2.20842e-08
3.88493e-07
-3.88493e-07
-2.55084e-07
2.55084e-07
-1.39814e-06
1.36706e-06
3.10786e-08
-1.96275e-07
1.96275e-07
1.09507e-08
-1.09507e-08
2.30771e-07
8.5781e-07
-1.08858e-06
5.13074e-07
-6.46564e-07
1.39008e-06
-3.89445e-07
1.42132e-06
-1.25681e-06
6.68311e-07
-8.06595e-07
4.30656e-07
4.43921e-07
1.20599e-07
5.02576e-07
-6.23175e-07
-6.88381e-07
-1.55e-07
7.59489e-07
3.31977e-07
4.8119e-07
-8.13167e-07
-6.88812e-08
-1.94667e-07
-1.58551e-06
4.86903e-07
-4.33711e-07
-1.50495e-07
7.14643e-07
-1.52621e-06
5.53056e-07
-6.17114e-07
-1.77153e-07
-9.21411e-07
5.43478e-07
7.36855e-07
-8.91855e-07
-1.23325e-06
-3.52258e-07
-1.46336e-07
-3.64417e-08
2.3333e-07
-1.97209e-07
-1.3744e-07
1.08577e-06
-8.20262e-08
-6.81038e-08
5.72711e-07
-2.53832e-07
7.8891e-07
-5.32366e-08
5.19976e-07
-5.70951e-07
1.37241e-07
-1.52955e-06
8.83481e-07
-8.31192e-07
9.24581e-08
7.38734e-07
9.67957e-07
-1.4525e-06
4.84547e-07
2.31763e-08
-1.48303e-06
8.23041e-07
6.59991e-07
-1.35235e-06
7.94511e-07
-1.19773e-06
7.89903e-07
4.07828e-07
1.0527e-06
-1.26241e-06
-3.91876e-07
-7.38062e-07
-1.06543e-06
7.96719e-07
-7.67609e-07
-9.78551e-07
8.0134e-07
1.77211e-07
4.34774e-07
-1.92808e-07
-1.27534e-06
-9.46322e-07
-1.42259e-07
-7.50672e-08
-9.36037e-07
1.40321e-07
7.95716e-07
-3.66795e-07
-2.26492e-08
-5.53057e-07
-9.35065e-08
1.09309e-07
-5.28438e-07
-5.04235e-07
-5.61595e-07
-4.96364e-07
1.43912e-07
3.52452e-07
-1.36177e-07
-3.99808e-07
-7.86783e-08
5.81254e-07
-5.99551e-07
-5.2931e-07
-4.03221e-07
-7.24713e-08
-7.58721e-07
1.00333e-06
1.24775e-07
9.1171e-07
-8.19252e-07
-2.7553e-07
-2.12484e-07
-3.52383e-08
2.47723e-07
-6.99393e-07
-1.81832e-07
-3.22591e-07
2.40565e-07
3.52721e-07
-2.71344e-07
-1.13913e-06
4.42314e-07
7.16091e-07
-6.42818e-07
-7.32732e-08
-3.65911e-10
-4.9068e-07
2.59215e-07
5.73832e-07
-7.04011e-07
2.71401e-07
1.47272e-06
-1.05658e-07
-2.65721e-07
-1.3696e-07
-8.05499e-07
9.42459e-07
9.82003e-07
-8.78804e-08
-1.34697e-07
-1.07369e-06
1.44513e-06
-1.65436e-06
1.25455e-06
-1.97379e-07
1.66965e-06
-1.47227e-06
1.56808e-06
1.04959e-06
-1.31559e-06
2.66e-07
-3.02929e-07
-1.35143e-06
-8.86172e-07
7.09019e-07
-1.62217e-06
1.02262e-06
-3.02513e-08
-4.73984e-07
8.77176e-07
-9.6543e-08
-7.10052e-07
1.11264e-06
-6.23312e-07
-1.44297e-07
1.80734e-07
-1.92406e-07
-1.25561e-07
1.07277e-06
8.55116e-07
-1.13065e-06
-2.52067e-08
4.18564e-07
-3.93358e-07
-9.11696e-07
4.07618e-07
5.04078e-07
-5.54808e-07
-6.83662e-08
6.17547e-07
-6.90019e-07
-9.40613e-07
6.30722e-07
3.79289e-07
-2.93415e-07
-8.58735e-08
-1.55528e-07
1.33255e-07
-9.10702e-07
6.72539e-07
-1.53293e-07
-7.32879e-07
8.16926e-07
-7.81918e-08
-1.49766e-07
9.05264e-07
-1.06874e-07
-7.9839e-07
-5.19014e-07
-3.96905e-07
5.03167e-07
-9.28911e-07
7.75618e-07
-1.33195e-07
-6.51351e-07
-4.51129e-07
8.99251e-07
-4.48123e-07
-9.38694e-07
-1.13216e-06
1.0265e-06
-2.01683e-07
-5.93896e-08
1.12628e-07
-7.55446e-07
-1.50119e-06
-1.3519e-06
2.78207e-07
-8.18645e-07
4.0626e-07
4.12386e-07
-8.72424e-07
4.01352e-07
4.71072e-07
3.50198e-07
-1.69686e-06
1.13527e-06
-9.43486e-07
7.41803e-07
-6.99524e-07
-3.92201e-07
5.36113e-07
1.65796e-07
8.37598e-07
-1.00339e-06
6.98939e-07
-4.18048e-07
-2.82117e-07
3.11252e-07
-2.91345e-08
-6.47612e-07
-3.41125e-07
9.88737e-07
1.40539e-06
1.14224e-06
-1.60238e-07
8.25374e-07
-9.60072e-07
1.67868e-07
2.92112e-07
2.07464e-07
-9.58076e-08
9.40653e-08
-1.02901e-06
4.79566e-07
-3.54681e-07
-1.24885e-07
-2.68074e-07
8.30637e-07
-2.29508e-07
-6.0113e-07
-3.60796e-07
-8.87905e-07
8.00024e-07
-2.69734e-07
6.56496e-07
-3.86762e-07
-3.79867e-07
-1.1332e-07
-3.98247e-07
-3.49819e-07
7.48066e-07
-6.14389e-07
-3.07022e-07
6.66866e-07
-4.93186e-08
2.24166e-07
7.31566e-07
6.26773e-08
-4.56035e-07
-2.17412e-07
-1.74788e-07
-3.72034e-07
-1.8832e-07
-1.12727e-06
-9.03662e-08
5.69932e-07
9.67559e-07
-3.36837e-07
1.05976e-08
1.22658e-07
5.88674e-07
5.87692e-07
1.52081e-07
-2.15905e-08
-1.3049e-07
1.63933e-07
9.78308e-07
-1.84086e-07
-7.03819e-07
1.23695e-07
2.55593e-07
-5.23615e-07
-2.31692e-07
7.55307e-07
-9.84449e-07
-5.95095e-07
-8.49376e-07
-5.14853e-07
-1.81432e-07
6.96286e-07
-4.66165e-07
-3.80997e-07
5.04693e-07
5.14454e-07
-3.81088e-07
-1.33366e-07
-9.55514e-07
-4.39722e-07
9.438e-07
2.75774e-09
6.93528e-07
-6.12689e-07
-4.17021e-08
5.56156e-07
1.46654e-06
1.02091e-06
-7.98843e-07
6.97894e-07
-9.65969e-07
-9.40244e-07
1.20992e-07
-1.02646e-07
3.9622e-07
-9.83912e-07
5.4419e-07
4.77636e-07
8.3908e-07
2.63791e-07
-5.33524e-07
-2.86555e-07
-8.83874e-07
-2.46772e-07
1.46717e-07
-4.40132e-07
8.02782e-07
2.84504e-07
3.30815e-07
-6.15319e-07
-5.40601e-07
9.33654e-07
-3.93053e-07
9.37229e-07
-1.93554e-08
3.06677e-07
4.65972e-07
-6.9548e-07
5.217e-07
-2.15023e-07
-3.75825e-07
-4.15827e-07
-5.06717e-07
9.22544e-07
-1.2871e-06
-5.12255e-07
9.13607e-07
-3.04241e-07
5.75642e-07
8.74398e-07
-6.03162e-07
-2.71236e-07
4.20633e-07
3.27433e-07
5.27831e-07
-1.21122e-06
6.83392e-07
-1.31985e-06
4.57149e-07
8.62704e-07
-3.92534e-07
2.99684e-07
-1.47604e-07
4.84158e-07
3.9024e-07
-9.56428e-07
9.61478e-07
-4.83842e-07
9.66715e-07
-8.61367e-07
5.07206e-07
-9.55328e-07
2.57982e-07
-5.7359e-07
2.69349e-07
8.06232e-07
2.00577e-07
-6.69808e-07
2.55665e-07
-1.61525e-07
1.39217e-08
4.49222e-07
1.4099e-07
4.40264e-07
-1.80881e-07
5.56187e-07
6.48867e-07
1.11482e-07
4.98348e-07
-9.8219e-07
-8.79036e-07
2.77906e-07
-7.63994e-07
2.85535e-07
4.38e-07
5.3245e-07
7.78278e-07
-3.07205e-07
4.60444e-07
-1.96653e-07
6.12438e-07
1.76471e-07
6.95479e-07
3.07638e-07
2.14061e-07
2.45421e-07
5.20554e-07
1.1536e-06
-4.58119e-07
7.42725e-08
2.36979e-07
1.04793e-06
-8.7073e-07
-1.77195e-07
-8.44794e-07
5.08329e-07
3.36465e-07
-9.64162e-07
6.77608e-07
5.48129e-07
-3.67166e-07
-4.54038e-07
-2.1577e-07
-4.5698e-07
-6.35071e-07
2.63038e-07
7.62244e-08
-8.20148e-07
-3.2424e-07
6.9689e-07
6.23484e-08
4.57628e-07
2.59197e-07
-2.80787e-07
-1.33836e-07
-5.72416e-07
1.05657e-06
-6.69323e-07
-2.09713e-07
-3.10552e-07
-2.32596e-07
7.83158e-08
-3.39732e-07
-5.84253e-07
-3.04121e-07
8.88374e-07
9.61402e-07
-8.67337e-07
7.11215e-07
1.12415e-06
-6.09852e-07
-2.05897e-07
8.15748e-07
-1.11016e-06
8.63387e-07
5.45924e-07
3.21178e-07
-8.67102e-07
9.22433e-07
3.89689e-08
1.14983e-06
-1.7152e-07
3.47259e-07
-7.68756e-07
3.81993e-07
9.17714e-07
-4.67042e-07
-3.01713e-07
-9.01919e-07
-5.55502e-07
-9.10398e-07
3.26145e-07
-4.88456e-07
7.41608e-07
-2.53153e-07
4.31206e-07
-1.25922e-07
7.53429e-07
-3.8137e-07
-2.12581e-07
5.93951e-07
-6.40159e-07
4.98872e-08
2.87872e-07
-3.22255e-07
8.405e-07
-5.54965e-07
4.39829e-07
3.15477e-07
-7.65398e-07
-5.46716e-07
-5.3638e-07
7.83526e-07
5.14537e-07
-7.01036e-07
2.1104e-07
2.93653e-07
-1.07663e-06
5.81181e-07
-6.91709e-07
1.23763e-06
9.60024e-07
-5.41098e-07
7.81857e-07
2.19403e-07
-4.88797e-07
2.69394e-07
5.05162e-07
2.78364e-07
7.46548e-07
-5.12213e-07
-2.34336e-07
6.50869e-07
-4.40009e-09
4.46605e-07
-1.1579e-07
-1.90129e-07
6.52108e-07
-4.6198e-07
9.24363e-07
-3.91913e-07
-1.40007e-07
8.92652e-07
4.67383e-07
-6.48063e-07
3.00755e-07
-5.48795e-07
7.28126e-07
-2.22964e-07
6.30061e-08
-9.30343e-07
8.36691e-07
-2.65875e-07
-5.70816e-07
2.04285e-07
1.09794e-07
-5.65922e-07
8.42049e-07
-2.76127e-07
-5.91728e-07
8.20242e-07
-2.28513e-07
2.00511e-07
-3.92787e-07
-3.72611e-07
5.43716e-07
-1.51764e-07
-1.01002e-06
1.00773e-06
3.69331e-07
-8.58955e-07
-7.38672e-07
-3.37687e-07
1.00979e-07
-2.31469e-07
7.77707e-07
-3.63349e-07
3.96701e-07
1.88212e-07
-5.88158e-07
-2.09444e-07
7.97602e-07
-1.34689e-08
1.87336e-07
-1.73867e-07
-5.15506e-07
-1.02347e-07
1.65818e-07
8.36602e-08
6.27555e-07
3.89685e-07
2.09888e-07
2.7077e-07
4.6194e-07
2.66187e-07
7.7945e-07
-4.58272e-07
4.25021e-07
4.9575e-08
-4.74596e-07
-6.24637e-08
4.22875e-07
-3.75847e-08
-6.39037e-07
3.49156e-07
1.95463e-07
-3.59145e-07
-3.62773e-07
-7.73594e-08
-7.50829e-07
8.13835e-07
6.39501e-08
4.41729e-07
-1.06239e-07
-6.77905e-07
8.4667e-07
-1.68765e-07
-1.84369e-07
-6.10798e-07
8.11679e-07
-2.00882e-07
-2.08335e-07
4.02479e-07
-1.94144e-07
3.17216e-07
4.98962e-07
3.8123e-07
-3.11812e-07
-6.94174e-08
-1.20472e-07
3.78454e-07
6.81343e-07
5.76432e-07
2.65617e-07
-2.80051e-07
-8.06237e-08
3.60675e-07
5.80123e-07
-4.32971e-07
-9.41583e-07
4.15468e-07
-6.99911e-07
1.19887e-06
6.56183e-07
-2.40716e-07
3.57159e-07
-8.87254e-07
9.26223e-07
-7.92375e-07
4.15459e-08
1.33775e-07
-2.65961e-07
-6.75622e-07
3.80056e-07
5.95547e-08
7.87115e-07
5.44942e-07
3.1282e-08
-3.60191e-07
-4.12998e-07
2.37904e-07
2.55582e-07
1.71393e-07
4.41031e-08
-7.3282e-07
-1.43227e-07
-2.0519e-08
3.35169e-07
-5.25519e-08
6.55642e-07
-2.75586e-07
1.01179e-07
1.06411e-07
6.49822e-08
6.74664e-07
-5.73485e-07
-8.17898e-07
-2.34235e-07
1.05213e-06
-1.0671e-06
9.66572e-08
3.16662e-07
-8.44914e-07
-1.84094e-07
3.60503e-07
-2.54092e-07
-3.69475e-07
9.57821e-08
2.73693e-07
-9.88142e-07
-1.04875e-07
-1.14711e-07
2.19586e-07
2.9545e-07
4.08703e-07
-2.10241e-07
3.12223e-07
-1.01982e-07
-6.24552e-08
-3.11097e-07
7.95392e-08
2.39566e-07
-3.9889e-07
3.82928e-07
-2.48114e-07
4.4858e-07
-3.31559e-07
3.1809e-07
1.50707e-07
-2.07378e-07
4.28847e-07
-1.00772e-07
-1.25211e-07
2.25983e-07
-6.70279e-07
8.99129e-07
-2.2885e-07
4.4848e-07
-1.54827e-07
-4.71874e-07
4.86908e-08
-3.51249e-07
-1.00199e-06
3.43257e-07
-2.43933e-07
-2.09273e-07
1.085e-07
-5.25622e-07
6.05161e-07
3.08172e-07
-4.10712e-07
1.02541e-07
-1.94628e-07
9.14941e-07
-6.14186e-07
-2.81984e-07
1.50028e-06
-1.08555e-06
6.0976e-08
-2.26404e-07
2.31346e-07
2.40121e-07
2.64111e-07
-6.05081e-08
1.51052e-08
1.29646e-07
5.85661e-08
-9.10948e-07
8.8475e-07
-2.64453e-07
6.80706e-07
-9.82163e-08
-1.03921e-06
1.13743e-06
-2.50607e-07
9.06844e-07
-6.56237e-07
9.6578e-07
3.47236e-07
-1.45448e-07
8.71882e-07
-3.11545e-07
-2.14077e-07
2.34266e-07
-1.39881e-06
1.16454e-06
4.34859e-07
-1.65465e-07
-4.51419e-07
2.03305e-07
-1.30745e-07
-9.41809e-07
7.73044e-07
7.84217e-07
1.81563e-07
1.14802e-06
-1.28865e-06
-3.80354e-07
6.88094e-08
1.02554e-06
3.8501e-07
-1.77545e-07
2.24589e-07
4.28064e-07
1.68109e-07
2.77757e-07
1.13082e-07
4.69613e-07
-1.76116e-07
-2.93497e-07
-2.57696e-07
-7.44296e-07
-5.08298e-08
-1.57506e-07
9.59393e-07
-6.93776e-07
8.33386e-07
-2.97227e-07
-5.36159e-07
6.9678e-07
3.5965e-07
-1.45359e-07
2.65708e-07
-1.20349e-07
1.03026e-07
3.84077e-07
-9.27325e-07
1.0801e-06
9.0771e-08
-2.64638e-07
2.74713e-07
4.86955e-07
-1.09991e-06
1.11729e-06
9.1797e-07
-9.83634e-07
-4.11496e-07
-7.05962e-07
-2.35848e-07
-3.43471e-07
6.5879e-07
-2.40997e-07
-1.19066e-07
3.60063e-07
-1.03905e-07
6.58854e-07
-9.09461e-07
-2.71035e-07
-2.03561e-07
-1.98121e-08
-1.21231e-06
-7.55886e-07
-1.26749e-06
1.71368e-07
-1.33531e-06
3.37194e-08
-8.44451e-07
2.73635e-07
6.16414e-07
-1.02424e-06
-2.15097e-07
1.69319e-07
1.74147e-07
-2.8227e-07
-6.48293e-07
6.96983e-07
-1.09953e-06
-1.30847e-07
-1.81645e-07
1.5542e-07
3.04171e-07
5.84203e-07
5.22722e-07
3.72013e-07
3.99413e-08
5.80234e-07
1.26893e-07
3.15721e-07
5.6371e-07
2.37743e-07
3.2854e-07
5.60909e-07
-1.2209e-06
-1.61612e-07
-3.13574e-08
1.03908e-06
-4.44231e-08
-9.29623e-07
-5.78265e-07
2.93235e-08
-1.4839e-07
1.45213e-07
1.21453e-07
2.02101e-07
1.41366e-07
1.5975e-07
3.59264e-07
2.89675e-07
6.63903e-07
-1.14845e-06
-6.57093e-08
6.53434e-08
6.35825e-07
-9.00278e-07
2.84302e-07
-8.62567e-07
1.95361e-07
1.86802e-07
1.19466e-06
1.08987e-07
6.3813e-08
-5.92628e-07
8.96798e-07
3.59691e-07
-4.36475e-07
4.85606e-07
7.80844e-08
-1.31753e-06
4.38566e-07
8.78968e-07
3.09403e-07
3.582e-08
-6.15976e-07
3.86296e-07
-8.6572e-07
-3.45503e-07
-1.49751e-07
1.17484e-06
-4.50097e-07
5.18906e-07
3.54861e-07
2.18329e-07
5.96077e-07
5.35468e-08
8.02676e-07
-8.89855e-07
6.99248e-07
-7.58637e-07
3.81544e-07
1.23498e-07
-1.18818e-06
-5.20798e-07
-4.44231e-07
1.38947e-06
-9.32324e-07
8.50369e-08
8.77631e-08
-5.28916e-07
-5.57468e-09
3.17798e-07
-7.23363e-07
-1.65767e-08
4.05834e-07
-1.27155e-06
1.33656e-07
7.65472e-07
-3.68502e-07
1.50404e-07
-2.80823e-07
3.14532e-07
-1.71146e-07
-9.22175e-07
4.00653e-08
2.27982e-07
2.17885e-07
8.97627e-07
1.41456e-07
-4.34519e-07
-2.66517e-07
-2.24271e-07
7.24402e-07
1.67467e-07
7.55565e-07
1.02113e-06
-5.21081e-07
3.86572e-07
-1.08325e-06
-3.15554e-07
-5.87083e-07
1.25103e-07
2.3044e-07
1.02211e-06
-2.66549e-07
4.25039e-08
1.70653e-08
-9.33446e-07
6.19172e-08
7.86823e-08
-1.29872e-06
7.49931e-07
1.36996e-06
1.19173e-07
1.00554e-06
1.249e-06
3.06218e-07
1.2848e-06
1.1301e-06
1.77089e-07
-9.84071e-08
2.83069e-07
-2.14965e-07
-5.07563e-08
-1.31176e-06
1.54877e-07
-1.18746e-09
4.59328e-07
-3.85552e-08
-2.05889e-07
-2.84548e-07
-4.41e-08
-2.22484e-07
-1.97122e-08
2.85088e-07
-3.78647e-08
6.13436e-07
-5.785e-07
1.61265e-06
-7.99803e-07
2.32788e-07
1.69797e-07
1.90878e-07
-9.70365e-07
8.89623e-07
-1.23511e-07
3.04899e-08
9.30215e-08
6.48737e-07
-1.82102e-07
-1.77997e-07
-5.57531e-07
-2.75968e-07
6.8604e-07
-1.52071e-07
2.01975e-07
4.12109e-07
-1.98048e-07
5.80789e-07
-3.31278e-07
1.32722e-07
-1.35369e-06
5.54843e-07
4.3278e-07
-3.42476e-08
1.77819e-07
5.32521e-07
2.55288e-07
-1.79482e-07
-1.31619e-07
1.36535e-07
-2.12019e-07
4.07698e-07
-1.95679e-07
8.7029e-07
9.44013e-09
2.33706e-07
8.36167e-07
2.52389e-08
1.08584e-06
-8.07635e-07
6.99964e-07
9.12687e-07
-4.82867e-07
-9.1436e-07
-5.44519e-07
4.13005e-08
4.14734e-07
8.7029e-07
9.45605e-08
-2.06288e-07
-2.30291e-07
-2.46937e-07
1.69577e-07
5.59973e-07
-4.98997e-07
-1.72909e-07
-7.99729e-07
1.52903e-07
-1.95091e-08
-1.71701e-07
-2.45736e-08
-2.77605e-07
8.80315e-08
8.12157e-08
-1.24592e-08
-4.76189e-08
-2.55197e-07
9.7686e-08
-1.1178e-07
-8.12157e-08
4.76189e-08
1.1178e-07
-1.6228e-08
3.7708e-07
1.14129e-08
2.55197e-07
-9.7686e-08
1.52903e-07
-1.71701e-07
-2.77605e-07
3.7708e-07
5.13381e-07
4.27745e-08
-2.17982e-07
4.14973e-07
4.03297e-07
-3.08661e-07
3.08661e-07
-2.17982e-07
-3.58269e-07
-4.6794e-07
2.55105e-07
4.19605e-07
-2.01721e-07
8.40364e-07
3.95958e-07
-4.3694e-07
4.24147e-07
3.99017e-08
-4.24147e-07
3.56539e-08
-1.1226e-06
-8.22126e-07
3.96717e-08
-1.99378e-07
3.40247e-08
-1.57536e-07
5.40542e-07
-1.03663e-07
8.76669e-07
8.95842e-08
-1.5905e-06
-2.01479e-07
-4.61522e-07
1.24445e-07
6.94262e-07
8.58779e-08
-9.76293e-07
6.1933e-08
-7.4025e-07
1.67883e-07
1.31093e-07
-8.53572e-09
-2.3335e-07
-3.64962e-07
2.79249e-07
8.57134e-08
6.86418e-07
-1.53896e-07
4.56651e-08
-4.56651e-08
-3.84003e-07
-1.85186e-07
-7.98474e-07
7.66858e-08
-8.36668e-07
8.76569e-07
8.17248e-08
-4.46687e-07
7.08212e-07
-4.63476e-07
9.78032e-08
-6.59431e-07
9.85962e-07
5.1452e-07
2.81903e-07
-2.93639e-07
2.77646e-07
-6.5566e-07
1.48135e-08
-1.13221e-07
3.24021e-07
-1.36545e-07
-5.62628e-08
-9.55449e-08
1.10358e-07
1.21138e-07
-3.42906e-07
-8.75444e-08
9.16105e-07
-3.8382e-07
1.40622e-07
-1.40622e-07
-4.36386e-07
-2.76625e-08
4.36386e-07
-1.57769e-08
-2.43073e-07
2.43073e-07
2.45539e-07
-8.0653e-09
2.98595e-07
-3.01142e-08
-1.96289e-07
-2.98988e-07
-9.20313e-08
1.21355e-07
-1.5531e-07
4.90388e-08
-4.37386e-07
-9.54223e-07
5.40257e-08
3.41932e-07
1.00546e-07
2.8999e-07
-4.23356e-07
-2.32432e-08
-1.46892e-07
4.92922e-07
-4.92922e-07
4.66324e-07
1.62004e-07
-2.76516e-07
-6.00098e-07
1.39358e-07
2.56989e-07
-3.96347e-07
2.87384e-07
2.01258e-08
1.25009e-07
-1.19775e-07
-1.95847e-09
3.42664e-07
3.86234e-08
-1.4939e-07
-1.50675e-07
2.28492e-09
-3.49359e-08
3.49359e-08
2.22689e-07
1.85009e-07
5.20798e-07
-1.91171e-07
4.5587e-08
1.45584e-07
-1.02017e-07
2.69308e-08
-5.21852e-08
5.62628e-08
1.88488e-08
5.21852e-08
-2.15873e-07
8.96292e-08
1.26244e-07
-9.91683e-08
-3.58684e-08
-3.16152e-07
-2.13898e-07
-1.53613e-06
9.23659e-07
6.12472e-07
-8.53572e-09
-3.20958e-07
-1.95679e-07
3.20958e-07
1.33967e-07
2.65241e-08
-1.97671e-07
-4.41954e-08
-9.59599e-08
4.41954e-08
9.59599e-08
-1.53067e-07
1.53067e-07
2.97303e-07
-2.49884e-07
-5.07976e-07
-2.50433e-07
-2.14202e-07
-6.22466e-07
6.70992e-08
1.31555e-07
-1.31555e-07
-7.99803e-07
-3.90301e-08
1.95847e-09
-1.36991e-07
8.8678e-08
-1.62004e-07
-9.54452e-07
-1.70131e-07
-4.87118e-08
1.46909e-07
8.37504e-07
9.75056e-08
-9.05141e-07
-1.79717e-07
-2.16727e-08
2.98595e-07
-1.55305e-07
2.3944e-07
2.16017e-08
4.17562e-08
-7.26619e-08
7.79187e-09
2.58717e-07
6.43755e-08
-3.88657e-07
4.0885e-07
5.36452e-09
-1.62215e-07
4.52205e-07
4.6643e-07
2.02397e-07
-4.49515e-08
1.25951e-06
-2.7355e-07
1.43164e-07
-9.40425e-08
5.88216e-08
-5.61926e-07
7.95983e-08
-2.22689e-07
-1.36973e-07
9.12687e-07
-2.76756e-07
1.17488e-08
-3.12767e-07
1.75059e-08
2.49884e-07
4.36706e-08
-4.33689e-07
2.70034e-08
9.44783e-07
-6.53234e-08
4.77103e-07
3.87029e-07
3.29597e-07
-2.71859e-07
-2.62406e-07
-1.33942e-07
9.35614e-09
-3.50298e-07
-1.07292e-08
3.63361e-07
-3.20586e-07
1.14694e-07
5.26272e-07
-6.50129e-07
1.03965e-07
-2.2654e-07
-3.87406e-07
-2.95001e-07
8.67094e-08
)
;

boundaryField
{
    back
    {
        type            empty;
        value           nonuniform List<scalar> 0();
    }
    front
    {
        type            empty;
        value           nonuniform List<scalar> 0();
    }
    top
    {
        type            calculated;
        value           nonuniform List<scalar> 
15
(
-4.71467e-07
-4.45867e-07
-3.43467e-07
-2.66667e-07
-3.43467e-07
-1.728e-07
-1.728e-07
-4.45867e-07
-4.71467e-07
-4.032e-07
-6.18667e-08
-6.18667e-08
-4.032e-07
-4.8e-07
-2.66667e-07
)
;
    }
    outer_arc
    {
        type            calculated;
        value           uniform 0;
    }
    bottom
    {
        type            calculated;
        value           nonuniform List<scalar> 
15
(
1.76676e-06
1.65428e-07
-6.52652e-07
-1.05643e-06
1.56951e-06
-5.66282e-07
-8.14406e-07
1.14715e-06
-8.33498e-07
6.21906e-07
-3.97273e-07
6.42312e-07
1.81328e-06
-1.20295e-07
1.52516e-06
)
;
    }
    inner_arc
    {
        type            calculated;
        value           uniform 0;
    }
}


// ************************************************************************* //
