/*--------------------------------*- C++ -*----------------------------------*\
  =========                 |
  \\      /  F ield         | OpenFOAM: The Open Source CFD Toolbox
   \\    /   O peration     | Website:  https://openfoam.org
    \\  /    A nd           | Version:  9
     \\/     M anipulation  |
\*---------------------------------------------------------------------------*/
FoamFile
{
    format      ascii;
    class       volVectorField;
    location    "0.67";
    object      U;
}
// * * * * * * * * * * * * * * * * * * * * * * * * * * * * * * * * * * * * * //

dimensions      [0 1 -1 0 0 0 0];

internalField   nonuniform List<vector> 
1655
(
(0.148407 -0.0602028 -4.17746e-18)
(-0.0118575 0.00154513 2.79268e-17)
(-0.0366811 0.00889224 2.26906e-17)
(-0.0182906 0.00685983 -1.3503e-17)
(0.0650332 0.0718051 0)
(0.0401517 0.0223983 8.48173e-18)
(-0.0742136 0.0140195 0)
(0.0426972 0.165295 -1.50134e-17)
(0.0747437 0.2246 0)
(0.0624854 0.065826 -7.35142e-18)
(0.0959883 -0.00178114 3.36452e-17)
(0.115432 -0.00817019 -3.31351e-17)
(0.0303868 0.101333 -1.80215e-21)
(0.0211545 -0.0109481 -1.75442e-17)
(0.0168024 0.00349996 1.73909e-17)
(-0.00506327 -0.0445668 0)
(-0.129716 0.0380539 3.0114e-17)
(0.0308939 -0.154899 8.97631e-18)
(0.0223563 0.00575912 -3.38902e-17)
(0.00974758 -0.00940005 -9.73912e-18)
(0.0435459 -0.0367122 3.95637e-18)
(0.0690523 0.238859 0)
(0.064946 0.115213 -1.81268e-17)
(0.0588977 0.107783 8.41878e-18)
(0.152776 -0.051436 -5.23713e-18)
(-0.110652 0.0288845 -3.56476e-17)
(0.0222664 -0.042612 -1.56613e-17)
(0.056217 0.220556 -1.80209e-17)
(0.0501094 0.217863 2.42929e-17)
(-0.00202562 -0.0298914 -1.75221e-17)
(-0.131545 0.0330184 4.3639e-17)
(0.0405409 0.00838568 -4.69809e-18)
(0.0159459 -0.0729313 -6.43516e-18)
(-0.0480411 -0.00955101 0)
(0.0236074 -0.152147 0)
(-0.0546296 -0.0129899 0)
(0.0482734 0.0269389 -2.28075e-17)
(-0.00425706 -0.0134683 0)
(0.0123114 -0.0702951 -8.80621e-18)
(0.0023491 -0.033697 -3.01068e-17)
(0.0362704 -0.0287775 1.69728e-17)
(0.0662297 0.100677 1.4656e-17)
(0.0124956 -0.062843 -9.21159e-18)
(0.0121323 0.000492362 2.68585e-17)
(-0.010678 -0.00678917 0)
(-0.017745 0.0137618 0)
(-0.0278598 0.0104626 4.20004e-17)
(-0.00697773 0.00713224 0)
(0.0575216 0.0439392 1.63793e-17)
(0.014319 -0.059782 2.24289e-18)
(0.0479964 0.0238791 2.52171e-17)
(0.00115864 0.0166628 -1.693e-17)
(0.0261409 0.0868407 -1.85091e-17)
(0.0740743 0.218246 1.61116e-17)
(0.0743675 0.0804438 -2.09988e-17)
(-0.0325041 0.0168796 0)
(0.0216811 -0.0312641 -8.22721e-18)
(0.0600354 -0.00199535 0)
(0.0253713 0.0120133 0)
(0.0167571 0.0644358 1.7803e-17)
(-0.144556 0.0179516 -4.36146e-17)
(0.0289558 0.0111541 0)
(0.173181 -0.070732 0)
(0.0536212 0.177378 -4.15009e-18)
(0.0156304 -0.00398092 0)
(-0.0824745 0.040539 0)
(-0.0067304 -0.0036781 3.92348e-17)
(0.0522468 0.00995746 -1.93613e-17)
(0.008334 -0.152325 0)
(0.0606857 0.0983742 -1.67534e-17)
(0.0470574 0.00272836 2.14934e-17)
(-0.0532446 0.0272242 -1.02929e-18)
(0.0259231 -0.0456721 -1.08911e-18)
(0.00639752 -0.0198633 1.60107e-17)
(-0.135128 -0.0269329 -2.01463e-17)
(-0.012709 0.00376298 9.55413e-18)
(0.0450697 0.201171 -5.51613e-18)
(0.00351342 -0.120803 0)
(0.032182 -0.0326178 0)
(0.00579248 -0.0314901 0)
(0.0135677 -0.00278654 2.16218e-17)
(-0.0146527 0.0210509 -9.72042e-18)
(0.0646168 0.0703126 2.14358e-17)
(0.020348 0.000578566 1.08356e-17)
(0.00906816 -0.0500569 0)
(-0.0352196 -0.0623433 0)
(-0.120901 -0.0228005 -1.21759e-17)
(0.0300534 -0.0391408 0)
(0.0700207 -0.138931 -8.37314e-18)
(-0.0653314 -0.0322934 0)
(-0.0700448 -0.0508947 0)
(-0.0470476 0.000840446 1.06587e-17)
(0.0316127 0.00735122 2.07407e-17)
(0.0476171 0.0363779 0)
(0.0018173 0.0423597 0)
(0.0324534 0.00604594 3.454e-17)
(-0.0155737 -0.00423007 -3.32214e-17)
(0.0165502 0.0088581 0)
(0.0174562 0.0024682 -1.00491e-17)
(0.0173167 -0.0805041 2.12607e-17)
(-0.0711555 -0.0023658 -6.71932e-17)
(-0.0167837 -0.0103606 -2.19288e-17)
(0.055957 0.0460419 -2.13781e-17)
(0.000172072 -0.012996 2.2993e-17)
(0.0305358 -0.0392605 0)
(0.0383255 0.0132908 -1.32569e-18)
(0.077408 0.172103 -1.83391e-17)
(-0.00544954 -0.0205853 0)
(0.0109476 -0.0797539 0)
(-0.0611538 0.00841527 -1.88405e-17)
(0.00621932 -0.0795486 1.4823e-17)
(0.10122 -0.0212397 1.70947e-17)
(-0.0681892 0.0183082 1.1376e-17)
(0.0152846 -0.05713 1.951e-17)
(0.085636 0.150907 1.74362e-17)
(-0.043742 -0.0643216 -1.10407e-17)
(0.0781534 0.163498 -1.86432e-17)
(0.00825258 0.0143796 0)
(0.0997447 -0.149546 1.65933e-17)
(0.0259157 -0.0359902 -3.74499e-17)
(-0.0615367 0.0118846 -3.21452e-17)
(-0.127939 -0.0346625 3.27174e-17)
(-0.13324 -0.00726931 -2.59101e-17)
(0.0809395 -0.0044313 2.42916e-17)
(-0.00779968 -0.00475134 8.53029e-18)
(0.0618925 0.147258 0)
(0.0117125 -0.0516699 -2.11878e-17)
(0.0102748 0.0281918 1.90867e-17)
(-0.0204552 -0.0470089 -2.6431e-18)
(0.00492814 -0.0640162 -2.5389e-18)
(0.0688931 0.0426345 4.83936e-18)
(0.00608299 -0.0806245 2.61562e-17)
(0.0608358 0.174 1.60819e-17)
(0.0617351 0.137609 1.69239e-17)
(0.00296488 0.00374096 0)
(-0.00344652 -0.0798405 0)
(0.06755 0.0815149 -9.88519e-18)
(0.028605 0.0707648 1.67845e-17)
(0.0112545 -0.00783003 8.9923e-18)
(-0.00821202 -0.00413265 -8.90123e-18)
(0.0253527 0.0595931 1.16067e-17)
(0.0149538 -0.0323627 1.60982e-17)
(0.0107082 -0.0194795 0)
(-0.133946 -0.0505691 0)
(-0.162367 0.0590855 -9.92805e-18)
(-0.141762 -0.0446936 0)
(-0.10773 -0.0423222 -3.44817e-17)
(-0.0383823 0.0226516 2.77914e-17)
(-0.0695175 -0.0115294 1.79459e-17)
(-0.169942 0.0421292 0)
(-0.156042 0.0191266 1.70047e-17)
(-0.176115 0.0565916 -9.1603e-18)
(-0.14689 -0.0296348 1.77707e-17)
(-0.151169 -0.00888158 1.55038e-17)
(-0.0293083 -0.0691507 0)
(0.00796467 -0.0486377 3.41794e-17)
(0.00576234 -0.00398287 2.18678e-18)
(-0.103946 -0.0263902 9.14565e-18)
(0.0858839 0.160097 0)
(-0.0128611 -0.00333705 -2.33544e-17)
(-0.111024 -0.0303226 2.61179e-17)
(0.121957 -0.17679 0)
(0.0828486 0.21273 -1.20639e-21)
(-0.106531 -0.0299398 0)
(-0.126413 -0.0405128 0)
(0.0352887 0.0125916 -8.98095e-18)
(0.064512 0.212897 0)
(0.0766418 0.144454 -3.51641e-17)
(-0.01826 -0.00557285 5.39935e-18)
(-0.00200595 -0.0915557 0)
(-0.171068 0.0462308 0)
(0.0961095 0.124186 0)
(-0.0929177 -0.0118655 1.07373e-17)
(0.0854137 0.187369 1.85162e-17)
(0.0129881 -0.0424731 1.13914e-18)
(0.086195 0.177969 1.84496e-17)
(0.0645241 0.0423603 4.85679e-18)
(-0.00688428 -0.0749654 0)
(0.0277228 -0.069674 -2.02547e-17)
(0.00767012 -0.0190074 1.59336e-17)
(-0.0257936 0.00466339 2.31574e-17)
(0.092069 0.0869184 1.44633e-17)
(0.03498 0.0153403 -3.08786e-17)
(0.0560764 -0.00263116 -5.31549e-18)
(-0.0096582 -0.00641029 -1.02152e-17)
(0.0465229 -0.07631 0)
(-0.00731064 0.000771715 0)
(0.0343088 -0.0745206 0)
(0.0442901 -0.102696 0)
(0.0982432 0.0921966 -1.40737e-17)
(-0.00585682 -0.00723637 -1.83944e-17)
(0.0367405 0.0121188 0)
(0.0604484 -0.0564972 -1.88719e-17)
(0.0236821 0.0218938 2.38046e-17)
(0.061682 -0.0797584 0)
(-0.00419494 -0.0056888 -1.15295e-17)
(0.0600414 -0.0708493 0)
(0.0524394 -0.0797966 0)
(0.0701944 -0.110207 2.1818e-17)
(0.0901214 0.0532116 0)
(0.00377985 0.00487335 1.21972e-17)
(-0.0180755 0.00433523 -5.45236e-18)
(-0.115607 -0.0146036 1.98173e-17)
(-0.120308 0.00545973 4.42122e-17)
(-0.0687016 -0.029317 -1.67882e-17)
(0.043117 -0.0425958 1.33797e-17)
(0.0323628 -0.0736605 0)
(0.0449271 -0.0846911 0)
(0.00788252 -0.0690307 6.01324e-17)
(-0.0784086 -0.0227682 0)
(0.118231 0.0233694 3.18118e-17)
(0.0668697 0.0277011 -8.79462e-18)
(-0.00628973 -0.0501451 0)
(0.0692323 0.149442 1.83815e-17)
(0.0106874 -0.0206754 -1.89415e-18)
(0.0110005 0.000381165 4.14767e-17)
(-0.083241 -0.0166521 -1.03294e-17)
(0.127849 -0.170806 0)
(0.109801 0.0493839 1.80786e-17)
(0.0952646 0.0652218 0)
(-0.00885107 0.015644 0)
(0.041671 -0.0421968 -3.86475e-17)
(0.0219504 -0.070889 2.72438e-17)
(0.113449 0.104746 1.87636e-17)
(0.0268106 -0.0742686 -1.96655e-17)
(0.0690723 -0.0783913 1.88634e-17)
(0.071139 -0.0810813 -1.8799e-17)
(-0.0682296 -0.0445505 0)
(0.0997607 0.0787392 2.29102e-17)
(0.11571 0.092082 1.83549e-17)
(0.0245106 -0.0596703 0)
(0.0698141 0.0973398 -2.29888e-17)
(0.0920499 0.0915421 2.29948e-17)
(-0.00084038 -0.114408 -3.6121e-17)
(0.0374353 -0.0755429 -1.94187e-17)
(0.0317773 -0.0651892 1.89676e-17)
(0.0643989 -0.0805808 0)
(0.0341234 -0.0671021 0)
(0.0695128 -0.0806834 2.3415e-17)
(0.0252254 0.0261024 1.85299e-17)
(-0.0285875 -0.0172279 -1.76954e-17)
(-0.010152 -0.00326418 3.36876e-17)
(0.0490742 0.00416472 -2.31832e-17)
(0.00489013 -0.00800058 1.61024e-17)
(0.107947 0.0806032 4.69386e-18)
(0.022041 -0.0260085 -2.38512e-17)
(-0.155498 0.0572445 1.40582e-17)
(0.0834817 0.204232 0)
(0.0652456 -0.0798519 -4.69757e-18)
(0.110197 0.100654 0)
(0.0253392 -0.000641292 -1.53622e-17)
(0.00974942 -0.0221399 3.82429e-18)
(-0.00468553 0.0103378 -1.86854e-17)
(0.0914371 0.0184489 -1.33308e-17)
(0.0410849 -0.0739906 1.90765e-17)
(0.127703 0.0360296 -2.27057e-17)
(0.0289187 -0.0805445 -1.96024e-17)
(0.110005 0.0874927 -4.67923e-18)
(-0.0127487 -0.0618654 2.50671e-17)
(0.0245966 -0.0656543 1.79779e-17)
(0.00460142 -0.194915 1.38485e-17)
(0.0343534 -0.0658128 1.93819e-17)
(0.0753193 -0.0802492 1.87126e-17)
(0.0791108 0.0434964 1.83134e-17)
(-0.0113643 0.00308231 1.87213e-17)
(0.0921159 0.13825 1.86223e-17)
(0.0311356 -0.0651797 0)
(0.00785159 -0.0369588 -2.64646e-17)
(0.0244395 -0.0770367 1.0272e-17)
(0.0159538 -0.0364129 0)
(0.0204598 0.0696998 -1.98835e-17)
(0.00960429 -0.120982 1.42187e-17)
(-0.010546 0.000420277 9.87148e-18)
(0.0462645 -0.0682247 0)
(-0.00884801 -0.0897249 5.21465e-22)
(0.00234987 -0.107614 -1.43186e-17)
(-0.161902 0.0615298 0)
(0.102613 0.067493 2.33916e-17)
(0.0423743 -0.0300227 -2.37903e-17)
(-0.0685644 -0.202784 4.54262e-18)
(0.0729906 0.00431033 1.92536e-17)
(0.0958716 0.126498 4.67526e-18)
(-0.0113619 -0.0900529 1.90367e-17)
(0.036109 0.0834622 1.67526e-17)
(-0.00888669 0.00480618 -3.17535e-17)
(0.0134599 -0.0978966 -1.90864e-17)
(0.0674001 -0.0278314 1.89883e-17)
(0.0188629 -0.080518 1.70671e-17)
(0.0351755 -0.0690561 0)
(0.0219628 -0.141262 0)
(0.0330466 -0.108608 1.86316e-17)
(0.0256797 -0.0211737 1.83094e-17)
(0.031429 -0.0515244 3.96161e-17)
(0.104835 0.154432 0)
(0.0447747 -0.0403055 -1.89813e-17)
(0.052784 -0.0757203 4.77702e-18)
(0.0257327 0.106885 0)
(0.122079 0.0652756 -3.19993e-17)
(0.00160106 0.00440713 -1.86746e-17)
(0.0189695 -0.0745943 -4.72536e-17)
(0.0310742 -0.0813093 -1.98743e-17)
(0.0255401 0.0203874 0)
(0.00919104 0.00548419 2.88411e-17)
(0.0606365 -0.0702561 -4.7447e-18)
(0.07223 -0.0856605 -3.74098e-17)
(0.0649995 -0.0302321 -2.02313e-17)
(0.0458161 -0.0807254 -4.81286e-18)
(0.0609165 -0.0760399 4.69039e-18)
(0.0251961 -0.0227167 -4.73956e-18)
(0.0614411 -0.0926453 -1.86471e-17)
(-0.0143785 -0.0747579 0)
(-0.1766 0.0674156 9.97376e-18)
(0.0526688 -0.0741719 -4.72668e-18)
(-0.0118509 -0.19811 -4.61838e-18)
(0.0933933 0.147174 0)
(0.0428427 -0.0191727 0)
(0.0173696 -0.0146311 -1.86376e-17)
(0.0792849 0.0458549 -1.89739e-17)
(0.0398709 -0.105608 -9.21138e-22)
(0.0333546 -0.0821455 2.07931e-17)
(0.0769549 0.0125601 0)
(0.0336638 -0.0416234 -1.99551e-17)
(0.0258718 -0.080337 2.62661e-18)
(0.0553518 -0.0706862 -4.7624e-18)
(0.0389418 -0.0803032 -1.93293e-17)
(-0.0073945 0.00864129 2.68628e-17)
(-0.00275158 0.00214963 9.21011e-18)
(0.0979699 0.13426 -2.35462e-17)
(0.0342588 -0.0798549 0)
(0.0358169 0.0440829 -1.85702e-17)
(0.0417521 -0.071239 0)
(0.061199 -0.0120235 1.89907e-17)
(0.00711514 0.00288864 8.50734e-18)
(0.0630774 -0.0739688 -1.88949e-17)
(0.00359805 -0.0517591 1.89329e-17)
(0.0690337 -0.0811067 -1.4084e-17)
(0.0397022 0.0427079 1.39618e-17)
(0.0355152 -0.0594453 -1.98259e-17)
(0.075488 -0.0760211 0)
(0.0108899 -0.0663155 0)
(0.0277721 -0.0819253 2.04958e-17)
(0.0687934 -0.0647633 1.8848e-17)
(-0.0154711 -0.0822369 0)
(0.0869309 0.0984499 -2.28599e-17)
(0.034153 0.0671708 0)
(0.0628613 -0.0629061 -3.30954e-17)
(0.0236948 -0.0279523 0)
(0.0531357 -0.078022 4.78787e-18)
(0.0427267 -0.0815549 0)
(0.0514022 -0.0645562 0)
(0.0302409 0.076119 0)
(-0.0512306 -0.0157296 1.84742e-17)
(0.106527 0.104241 0)
(0.0414139 -0.0787775 1.92826e-17)
(0.098794 0.179601 0)
(0.00512928 -0.123405 0)
(0.0725529 -0.0707228 0)
(0.0756157 -0.073432 -8.58116e-22)
(0.0736306 0.0232237 -1.87683e-17)
(0.00197756 -0.115951 2.32905e-17)
(0.0400648 0.0804436 -1.60492e-17)
(0.0390863 -0.0700958 0)
(0.0944573 0.195161 -5.00018e-18)
(-0.0784445 -0.189161 1.82941e-17)
(-0.0141357 0.0391048 1.93841e-17)
(0.00365209 0.0178585 -1.63591e-17)
(0.0285888 -0.0764039 4.96274e-18)
(0.029092 0.0608955 -1.84649e-17)
(0.0827083 0.0296044 0)
(0.0455111 -0.0400737 0)
(-0.0214689 0.0217652 0)
(0.0354879 -0.0780899 1.92985e-17)
(-0.0152944 0.0326527 0)
(0.0387978 -0.0956564 0)
(0.0274405 0.0465288 0)
(0.0461756 -0.00788107 4.71531e-18)
(0.0822183 0.0707732 1.38583e-17)
(0.0700324 0.157953 -7.77277e-22)
(0.0288105 -0.0491427 4.70471e-18)
(0.0682231 -0.0758189 -1.89014e-17)
(0.0130241 -0.0510248 -4.83054e-18)
(-0.0375781 -0.179498 0)
(0.0829081 0.132943 -1.9339e-17)
(-0.114467 -0.207701 -2.27671e-17)
(0.0596389 -0.0782363 -4.75546e-18)
(0.102056 0.173913 0)
(0.00775723 -0.115772 0)
(0.0889916 0.0431362 1.2869e-22)
(-0.0185455 -0.0792558 0)
(0.067875 -0.0855241 -4.68205e-18)
(0.0263536 -0.0423295 1.76995e-17)
(-0.039167 0.00491349 -1.85362e-17)
(0.0824486 0.0717046 -1.84925e-17)
(0.108858 0.150051 0)
(0.0723758 -0.0559335 0)
(-0.0322987 -0.133896 -1.84943e-17)
(-0.0355823 -0.140904 1.84551e-17)
(0.0048019 -0.0825866 0)
(0.0907458 0.198789 0)
(0.117428 0.0775317 0)
(0.064931 -0.0862898 -1.86434e-17)
(0.0269021 -0.0504684 3.94225e-17)
(0.000492878 -0.159284 4.57679e-18)
(0.100559 0.122211 -2.33335e-17)
(0.0275579 0.0452503 -4.64079e-18)
(0.045871 -0.0734375 -1.91339e-17)
(0.109212 0.126625 1.88668e-17)
(-0.0416202 0.0110191 -2.32214e-17)
(-0.0165778 0.0116856 0)
(0.0664212 0.0630962 0)
(0.0243059 0.028335 0)
(0.0293792 -0.134206 4.58525e-18)
(-0.142734 -0.210878 4.5712e-18)
(0.0501287 0.0553794 0)
(0.0462352 -0.0697829 0)
(0.0592302 -0.10825 -1.83722e-17)
(0.112876 0.125959 0)
(0.0489516 0.0715064 0)
(-0.143554 -0.20821 -1.37465e-17)
(-0.0762454 -0.157979 1.83856e-17)
(0.115743 0.0719366 1.84101e-17)
(-0.00839246 -0.152119 -4.57308e-18)
(-0.0268147 0.00260386 4.68175e-18)
(-0.0767709 -0.164506 0)
(-0.106807 -0.163613 1.83854e-17)
(-0.151439 0.0624309 -1.17011e-17)
(0.0726232 0.0549363 0)
(0.0719856 -0.0630546 1.40587e-17)
(0.0657616 -0.0769577 1.884e-17)
(0.140037 0.0236474 2.29693e-17)
(0.0588394 -0.0798181 0)
(0.0306576 0.0204641 -3.73531e-22)
(-0.107194 -0.176846 0)
(0.0560103 0.0552645 -6.05433e-18)
(0.0160321 -0.129049 1.37454e-17)
(0.147341 -0.0975597 -1.36853e-17)
(0.0438544 -0.03189 1.8834e-17)
(-0.0873489 -0.0169664 7.94555e-18)
(0.0181553 0.0183952 0)
(0.0995942 -0.0988755 0)
(0.00767511 -0.0208355 1.62453e-17)
(-0.12437 -0.179599 0)
(-0.0203756 0.0238648 2.32711e-17)
(-0.123101 -0.184723 0)
(-0.14505 -0.208202 0)
(0.1076 -0.106576 -2.28971e-17)
(0.111672 0.0400585 1.84049e-17)
(0.0508482 0.0545643 0)
(0.117882 0.0331034 -4.908e-22)
(-0.00286776 0.0204387 1.856e-17)
(0.133319 0.0184811 -4.59599e-18)
(0.267523 0.0596647 -1.81249e-17)
(0.131606 0.00786641 -4.59671e-18)
(-0.0845578 -0.181962 4.56205e-18)
(0.139534 0.0113691 -3.67608e-17)
(-0.055597 -0.150459 2.28671e-17)
(0.124451 0.0784218 0)
(-0.160307 -0.206378 0)
(0.134737 0.0315522 0)
(0.00808867 0.0172035 0)
(0.0145327 -0.178869 -4.56868e-18)
(-0.0932746 -0.15512 -4.57521e-18)
(-0.0294955 -0.18629 4.56828e-18)
(0.246992 0.0473785 -1.81661e-17)
(0.10523 0.0651952 -1.84421e-17)
(0.076963 0.13659 3.71758e-17)
(-0.12083 -0.189795 -4.56348e-18)
(-0.142426 -0.201116 0)
(-0.0383898 -0.12141 4.62472e-18)
(0.0512675 -0.160381 0)
(0.095167 -0.155965 -1.82981e-17)
(0.0240082 -0.0415828 1.40947e-17)
(-0.0471297 -0.160183 4.57613e-18)
(0.0111144 0.0354004 4.63835e-18)
(0.240724 0.0538955 1.8178e-17)
(0.131102 -0.137566 -4.5697e-18)
(0.173882 -0.133283 -3.18557e-17)
(0.228353 -0.0657359 -1.36396e-17)
(0.0242905 -0.0499733 1.3938e-17)
(0.0100964 0.00468976 -8.90939e-18)
(-0.0402457 -0.140435 -2.32442e-17)
(0.0675893 0.0623233 0)
(-0.00261583 -0.0988362 -4.59276e-18)
(0.109445 0.00931852 4.60856e-18)
(0.19953 -0.101225 -4.5465e-18)
(-0.0243629 -0.132445 -1.37536e-17)
(0.0394636 0.0149076 -1.84246e-17)
(0.0531781 0.00837084 0)
(0.0294975 0.0469726 0)
(-0.00024796 -0.0691549 -4.66909e-18)
(0.234876 0.0529842 -4.09076e-17)
(0.0751287 0.0321958 -1.84576e-17)
(0.044571 -0.0965983 4.59059e-18)
(0.151992 -0.00114214 -4.59246e-18)
(0.20747 0.0319789 -1.82417e-17)
(0.156242 -0.10659 4.56561e-18)
(-0.104598 0.0633291 -2.60625e-19)
(0.027632 0.0024704 0)
(0.186283 -0.0741984 1.36824e-17)
(0.157005 -0.000350015 2.29464e-17)
(0.137018 0.0116375 0)
(0.206401 -0.113718 1.81979e-17)
(-0.012801 0.0037208 9.35915e-18)
(0.190388 0.0285852 2.28403e-17)
(-0.118513 0.0578004 0)
(0.155191 0.0200415 1.37439e-17)
(0.0928099 0.00689689 -1.84801e-17)
(0.159319 0.0183181 -4.58391e-18)
(0.244957 0.041882 9.16502e-22)
(0.072909 0.0137285 -1.38684e-17)
(0.100976 0.0836823 1.38948e-17)
(0.177383 0.0263501 -2.28494e-17)
(0.149664 0.041022 -4.58791e-18)
(0.230471 -0.0788251 -4.54836e-18)
(0.0622483 0.00409262 0)
(0.14924 -0.00490052 1.83663e-17)
(0.217825 0.0388402 0)
(0.288132 0.0281358 1.35687e-17)
(-0.0795879 0.063654 1.65723e-17)
(-0.0573487 0.0520352 0)
(0.174348 0.0973068 -1.8278e-17)
(0.163014 0.0759051 0)
(0.10908 -0.167057 3.67217e-17)
(0.21739 0.0393438 0)
(-0.0920532 0.0543912 -1.77548e-17)
(0.119287 -0.0183305 2.29609e-17)
(0.120113 0.0140309 -1.38682e-17)
(0.18218 0.0272507 -3.1454e-23)
(0.284809 0.0290099 4.53077e-18)
(0.163838 0.0481727 -2.28874e-17)
(0.107732 0.0077818 1.85261e-17)
(0.0827027 0.0268094 1.84593e-17)
(0.0747352 -0.0657045 -1.02338e-17)
(-0.0321095 0.00153264 1.74747e-17)
(-0.0027069 -0.00265775 1.16157e-18)
(0.000664758 -0.0147927 2.20467e-18)
(0.0146691 0.0140158 -5.92713e-23)
(0.0497489 -0.019366 -3.75415e-17)
(-0.0240708 -0.00816451 0)
(-0.0108018 0.00554778 -1.63183e-17)
(-0.0127517 -0.00532131 -2.73048e-17)
(-0.00465561 0.0361564 -4.83861e-17)
(-0.0085342 -0.00441262 -1.85484e-17)
(-0.0281696 0.00664455 0)
(0.0547183 -0.0698577 2.69568e-17)
(0.00440015 0.00184592 1.86555e-17)
(0.0719653 -0.0459538 2.00751e-17)
(-0.0360186 -0.00490817 0)
(0.271971 -0.0335867 1.3642e-17)
(-0.0233448 -0.00582066 -2.87332e-17)
(0.0219674 -0.0018657 0)
(0.22995 0.0286988 -4.55332e-18)
(-0.104127 0.0426316 0)
(0.135951 0.0189926 -1.37717e-17)
(0.265362 0.0339022 4.53404e-18)
(-0.0939761 0.0659976 0)
(-0.0914283 -0.0351725 0)
(0.25273 -0.0701412 4.54186e-18)
(0.138817 -0.00514049 -1.83876e-17)
(0.100063 0.0144813 -4.60905e-18)
(0.263729 0.0647112 1.35955e-17)
(0.112236 -0.00321219 -3.22522e-17)
(0.076161 -0.0487168 4.62657e-18)
(0.132981 0.0142724 -1.36729e-17)
(0.115051 0.0635071 0)
(-0.0171223 0.0551095 -3.67061e-21)
(0.28481 0.0627768 2.26173e-17)
(-0.141921 -0.198536 -4.56693e-18)
(0.104004 0.00431907 -8.25468e-22)
(0.152578 0.0365081 -1.36579e-17)
(0.182742 -0.144887 -4.60601e-18)
(0.138724 0.00339704 3.67748e-17)
(-0.081072 -0.0337611 1.68247e-17)
(0.146184 0.0370878 4.13134e-17)
(0.150932 0.0149813 -2.2826e-17)
(0.285047 0.051222 -1.35701e-17)
(0.199993 0.0272244 2.28025e-17)
(-0.0170243 0.0291666 -3.7151e-17)
(-0.0397758 0.0707667 1.85134e-17)
(0.0408464 -0.151904 -2.28925e-17)
(0.11043 0.0154716 1.84446e-17)
(0.0982955 0.0105375 -2.46979e-22)
(0.121562 0.0805249 0)
(0.014519 0.0476851 3.1391e-17)
(0.13004 -0.00303913 1.37941e-17)
(0.0893411 0.00492043 1.87649e-17)
(0.0868773 0.00594114 3.64078e-17)
(0.211973 0.0746356 1.82116e-17)
(0.145829 -0.00697363 4.59362e-18)
(0.193063 0.0363526 -1.36926e-17)
(0.260532 -0.050249 -1.81722e-17)
(0.217995 0.0936303 4.54818e-18)
(0.211608 0.0898447 0)
(0.198157 0.0691338 -4.56279e-18)
(0.165557 -0.0112693 -4.57617e-18)
(-0.00289789 0.0723632 -1.84954e-17)
(0.149481 -0.160992 3.64679e-17)
(-0.00589344 0.00621087 -1.71957e-17)
(0.183663 0.0423587 -1.37141e-17)
(0.1289 0.00299267 -1.83928e-17)
(0.172011 0.0191656 -1.37312e-17)
(-0.108822 0.0148166 4.59858e-18)
(0.0788166 0.0115655 1.34025e-17)
(0.0644609 0.0197874 1.84956e-17)
(-0.117188 0.0317854 9.03609e-18)
(-0.113375 0.0415388 0)
(-0.0977907 -0.0304846 -9.80833e-18)
(0.00445636 0.0525317 -3.15308e-17)
(0.0109252 -0.0211377 3.74859e-17)
(-0.101813 -0.0205228 4.27247e-18)
(0.274432 0.0137904 -1.81298e-17)
(0.218382 0.0193597 4.55512e-18)
(-0.0234743 -0.0209744 0)
(-0.103723 -0.0047351 -3.79521e-17)
(-0.0478036 -0.0192326 0)
(0.164359 0.00456365 -2.29195e-17)
(-0.0674349 0.0746883 1.84608e-17)
(0.126132 0.0180212 1.83632e-17)
(0.0902774 -0.0693403 -1.8353e-17)
(0.0509447 0.0546401 2.29988e-17)
(-0.0296675 0.0840463 -1.84701e-17)
(0.223887 0.0582459 0)
(-0.0914372 0.0587653 -3.68724e-17)
(0.0986204 0.00618955 -2.21571e-17)
(0.203036 0.0156159 2.28203e-17)
(0.0988446 -0.00207187 1.84389e-17)
(0.231975 0.0855385 -1.36374e-17)
(0.226539 0.0909039 0)
(0.212214 0.0765188 4.56217e-18)
(0.141953 -0.00474512 -9.18324e-18)
(0.141038 -0.0744134 -4.57409e-18)
(0.158419 -0.00436449 1.37623e-17)
(0.195379 0.051754 0)
(0.0437106 0.00459562 2.03748e-17)
(0.154438 0.0209133 -2.29184e-17)
(0.18068 0.026872 4.11927e-17)
(0.0724332 0.0137658 0)
(0.0725224 0.0137227 9.19122e-18)
(0.244344 0.0145625 0)
(0.291193 0.0443236 4.523e-18)
(0.158386 0.00861812 -2.29088e-17)
(-0.0123019 -0.00348808 -1.59905e-17)
(0.0683345 -0.127224 1.37386e-17)
(0.0834667 0.0150708 0)
(0.173419 0.0168527 -2.41325e-17)
(0.0978737 0.05671 1.84491e-17)
(0.272053 -0.0159722 -4.53923e-18)
(0.0594448 0.00553833 -2.02121e-17)
(0.15976 -0.00479305 -1.83516e-17)
(-0.174189 0.0232606 -4.63834e-18)
(0.170054 0.00865466 0)
(0.2305 -0.105009 0)
(0.244678 0.0227904 -4.54164e-18)
(0.276668 -0.0052404 0)
(0.25517 -0.0423874 2.27343e-17)
(0.222734 -0.0567099 0)
(0.248191 0.00448543 4.54388e-18)
(0.150467 0.00275403 0)
(0.264049 0.0796716 1.35875e-17)
(0.00407125 0.0916554 0)
(0.28427 0.00118447 1.81509e-17)
(0.156283 0.00702028 4.58279e-18)
(0.133334 -0.0075444 3.21746e-17)
(0.280839 0.0120762 -2.26635e-17)
(0.133551 -0.0588883 0)
(0.136836 0.00371545 0)
(0.0313357 -0.00545202 1.81452e-17)
(0.143954 0.0170773 2.83034e-17)
(0.061576 0.0132374 0)
(0.245668 -0.0406142 0)
(0.159044 0.0231985 3.20006e-17)
(0.203667 0.0409631 1.82404e-17)
(0.0719453 -0.00687396 -4.69365e-18)
(0.135975 0.0449764 0)
(0.104618 -0.00596166 1.84271e-17)
(0.123417 -0.00588544 9.20054e-18)
(0.150049 0.021438 -4.58941e-18)
(0.0628213 0.00634264 0)
(0.1248 0.00762003 4.58062e-18)
(0.0249458 -0.00690645 -8.3081e-18)
(0.15042 0.00967319 0)
(0.154899 0.00103245 0)
(0.13663 -0.00841406 -9.18925e-18)
(0.174203 -0.0316247 4.57371e-18)
(0.152423 -0.00752935 -9.18079e-18)
(-0.0582689 0.0736557 4.60336e-18)
(0.0982277 0.0145664 9.1582e-18)
(-0.0721649 0.00359611 8.65039e-18)
(0.160153 -0.000508254 0)
(0.163533 -0.000457011 9.17441e-18)
(0.154299 -0.00633134 -8.96715e-22)
(0.116483 -0.00700064 4.60546e-18)
(0.131996 0.063054 0)
(0.163131 -0.0034698 4.58622e-17)
(0.249028 -0.0107959 2.27819e-17)
(0.154173 0.00421022 -4.59093e-18)
(0.0414211 -0.00564902 -1.37785e-17)
(0.150496 0.00377601 0)
(0.23153 -0.0265878 -2.36488e-17)
(0.183393 0.00320076 3.22871e-17)
(0.214967 -0.0208009 -4.55765e-18)
(0.228029 0.000821808 4.55393e-18)
(0.224565 -0.116351 1.93515e-17)
(0.141554 -0.00834711 -2.75726e-17)
(0.116751 0.0527424 0)
(0.121125 0.0639285 -2.29936e-17)
(0.0813836 -0.00569828 0)
(0.262635 0.0593441 -1.81261e-17)
(0.158165 0.00284289 4.12983e-17)
(0.106383 0.0267161 -2.75777e-22)
(-0.0833863 0.0431482 1.84412e-17)
(0.183233 0.0153085 2.28653e-17)
(-0.113254 0.048994 0)
(0.267637 0.042768 -4.53184e-18)
(0.271794 0.0689704 1.35781e-17)
(0.0487886 0.0539149 0)
(0.0578947 -0.00377626 4.87148e-18)
(0.15431 0.0296768 1.83488e-17)
(0.180661 -0.0628037 -1.36749e-17)
(-0.166643 0.00643353 0)
(0.170876 0.00340207 0)
(0.15933 -0.00243626 0)
(-0.0197239 -0.0627443 0)
(0.218846 -0.0368987 1.82347e-17)
(0.0977212 0.115852 2.32894e-17)
(-0.102872 -0.00349496 -1.85209e-17)
(0.153374 0.0138636 -4.58921e-18)
(0.135548 0.0197004 -1.83789e-17)
(0.271612 0.044843 1.36028e-17)
(0.0746808 -0.00334542 0)
(-0.16353 0.0165768 4.58797e-18)
(0.105622 0.0397556 4.14575e-17)
(0.140368 0.037299 0)
(0.165289 -0.00255238 -2.29296e-17)
(0.114453 0.0514043 -4.60163e-18)
(0.146114 0.0301427 -1.37708e-17)
(0.121675 0.0464174 0)
(0.111869 -0.0072065 -1.16181e-21)
(0.157531 0.00470918 -3.67159e-17)
(0.0866945 -0.00709947 -4.69819e-18)
(-0.0458405 0.0479437 0)
(0.101995 0.056192 0)
(0.229291 -0.072624 -1.50469e-17)
(-0.120096 -0.0267595 -3.03365e-22)
(0.16013 -0.000843332 -1.83536e-17)
(0.158744 -0.00598658 -1.37631e-17)
(0.152231 0.0268294 -1.83521e-17)
(0.243968 -0.0852159 0)
(0.0343827 -0.00695713 2.16645e-17)
(0.119733 -0.00821679 9.29365e-18)
(0.149269 0.0349879 -6.66601e-22)
(0.0666177 -0.00556289 -4.70351e-18)
(0.015027 0.0322987 0)
(-0.175412 -0.0208298 -3.19918e-17)
(-0.151953 0.0340161 -3.70381e-17)
(0.0633772 0.0102001 0)
(0.124621 0.0261377 1.83963e-17)
(0.155689 0.024772 1.83518e-17)
(0.119156 -0.127269 0)
(0.127519 0.0564542 -1.83819e-17)
(-0.127533 0.0152466 -1.83857e-17)
(-0.132494 0.0351107 1.89255e-17)
(0.124987 0.0585143 1.37929e-17)
(0.0898043 0.0179106 0)
(-0.0638522 0.0134792 -1.8232e-17)
(0.152547 0.0271853 -1.83564e-17)
(0.108555 -0.00797243 4.69238e-18)
(-0.109075 0.0222572 0)
(0.140328 0.0503353 0)
(0.113914 0.01992 -1.38116e-17)
(-0.142452 -0.00300455 1.83493e-17)
(0.13741 0.0261847 -4.59512e-18)
(0.107416 0.0200474 0)
(-0.0598219 0.0104638 0)
(0.260267 0.0770913 -3.17367e-17)
(0.19155 0.0254934 -4.57162e-18)
(0.205369 -0.133562 4.87444e-18)
(0.157023 0.0122622 2.29447e-17)
(0.167694 0.00120785 1.37456e-17)
(0.169481 0.00532448 -3.20748e-17)
(0.153142 0.0374891 -2.2938e-17)
(0.147731 0.0478458 -1.83542e-17)
(0.136675 0.0571323 2.29616e-17)
(0.150411 0.0402005 4.12928e-17)
(0.1842 0.0188294 1.37166e-17)
(0.17546 0.00763816 -1.37418e-17)
(0.090368 0.0311883 -4.69624e-18)
(0.257317 -0.0268037 0)
(0.1568 0.0170419 -3.67014e-17)
(0.213413 0.0477434 -1.82436e-17)
(0.0823487 0.00952646 -1.84702e-17)
(-0.157582 -0.00428154 1.83461e-17)
(0.158335 0.00586448 -1.83528e-17)
(0.0853014 0.0450916 0)
(0.127411 0.0752763 0)
(0.0466194 -0.0762151 0)
(0.25012 0.0800126 1.81383e-17)
(0.00459473 0.0379353 0)
(0.102803 0.0421561 -1.38183e-17)
(0.120621 0.0158181 0)
(0.086418 0.0363433 0)
(0.119399 0.0705783 0)
(0.129699 0.0718198 -4.59461e-18)
(0.105066 0.0151664 0)
(0.0775497 -0.132949 1.83367e-17)
(0.227411 0.0642352 -4.54718e-18)
(0.127223 0.0684229 0)
(0.0838078 0.0493079 -2.33498e-17)
(-0.150245 -0.0498329 -1.83921e-17)
(0.111183 0.0535872 0)
(0.238297 0.0677779 4.54631e-18)
(-0.0750059 -0.166328 0)
(-0.1713 -0.141982 1.38637e-17)
(0.118784 0.0617056 0)
(-0.00754022 0.0283521 0)
(-0.145457 -0.0744478 -1.84463e-17)
(0.133042 0.0727219 0)
(0.139254 0.0611655 -1.83646e-17)
(0.128871 0.0663881 4.59433e-18)
(-0.167781 -0.0264568 0)
(0.153977 -0.000324499 1.37642e-17)
(0.138553 0.0645719 4.59062e-18)
(-0.0363209 0.0167825 0)
(0.0719029 0.0394139 -1.25589e-17)
(0.189682 0.0256651 -2.28462e-17)
(-0.13829 -0.0280386 7.05641e-22)
(0.0844359 0.0672094 -1.84675e-17)
(-0.0175975 0.0284146 1.85911e-17)
(0.136081 0.0667119 -1.83677e-17)
(0.105546 0.00185894 0)
(0.00994056 0.0390426 -1.39195e-17)
(0.124605 0.0784817 0)
(0.141905 0.0085222 -1.83817e-17)
(0.144541 0.0581514 0)
(0.145274 0.0175401 4.59416e-18)
(0.0958024 0.0753797 4.61305e-18)
(0.148212 0.0479875 0)
(0.106514 0.0635151 4.60614e-18)
(0.0727562 0.0244054 1.6149e-17)
(0.13607 0.0685813 1.37749e-17)
(0.0356296 -0.122795 0)
(0.135511 0.00128079 -1.37961e-17)
(-0.165309 -0.0503349 0)
(0.0836244 0.0375207 0)
(0.0688265 0.0260803 -1.66373e-17)
(0.124082 0.0727633 0)
(-0.173176 -0.0743097 0)
(0.0638257 -0.000891839 -4.82689e-18)
(-0.00647959 -0.176598 2.30597e-17)
(0.110183 0.0757224 -1.84211e-17)
(0.155847 0.0155181 -1.83566e-17)
(0.0587638 -0.067489 1.92974e-17)
(-0.0393569 0.0239147 1.88087e-17)
(0.0869121 0.0648692 0)
(0.141282 0.0596054 -4.59087e-18)
(0.0921415 0.0469329 0)
(0.0446594 -0.151005 -9.53179e-18)
(0.112696 0.0726363 1.05506e-21)
(0.0991342 0.0523476 0)
(0.0992369 0.00190559 -2.34362e-17)
(0.096119 0.0463078 0)
(0.0369907 0.0421573 -4.63704e-18)
(-0.0439119 0.0242928 1.47187e-17)
(-0.159883 -0.100037 1.83811e-17)
(0.0972302 0.0735215 1.84429e-17)
(0.14257 0.0109489 1.37811e-17)
(0.0758658 0.0386261 -7.73223e-18)
(0.155021 0.00870668 3.67117e-17)
(0.103137 0.0673393 1.8431e-17)
(0.0319427 0.044517 -4.63824e-18)
(0.0519952 0.0533534 0)
(0.110052 0.0845029 0)
(0.089538 0.111449 1.8624e-17)
(0.151918 0.0197699 1.37667e-17)
(0.124436 0.00339904 2.34042e-17)
(0.0303088 -0.174486 -4.56933e-18)
(0.147118 0.0516727 0)
(-0.00706292 -0.132299 0)
(0.206232 0.0341928 0)
(-0.0923455 -0.0721192 -1.8489e-17)
(0.0099494 0.0303732 0)
(0.0848113 0.114055 -1.89348e-17)
(-0.160104 -0.0377733 3.24012e-17)
(0.0507045 0.0300716 3.69922e-17)
(0.121229 0.0451901 -1.84007e-17)
(0.167664 0.0156044 0)
(0.122979 0.0409773 -1.8401e-17)
(0.149629 0.00761813 0)
(0.0718336 0.0573569 0)
(0.115323 0.0843146 0)
(0.0926055 0.0712347 1.39584e-17)
(0.0757216 0.0208006 0)
(0.0454058 -0.0805409 0)
(0.124985 0.00352419 0)
(0.0761489 0.0565708 0)
(0.00274219 -0.0902492 -4.66817e-18)
(0.0841542 0.0412687 0)
(0.212012 0.0387241 2.27997e-17)
(0.10539 0.0801483 -4.6098e-18)
(0.0920154 0.0489938 0)
(0.125317 0.03176 -1.83999e-17)
(0.146615 0.00195389 -4.59255e-18)
(-0.0179024 -0.102141 4.7785e-18)
(0.126489 0.0745221 0)
(0.06949 0.0495233 -1.79911e-17)
(0.0948486 0.0781889 -1.85021e-17)
(0.0903266 0.00255389 4.70297e-18)
(0.086978 0.064095 -1.39187e-17)
(0.0911453 0.0214845 2.35164e-17)
(-0.0264324 -0.155325 -1.84104e-17)
(0.104481 0.0819228 0)
(-0.174164 -0.0995506 0)
(-0.141609 -0.080339 0)
(0.0874025 0.12164 0)
(0.093015 0.0771773 -1.39302e-17)
(0.0657045 0.0566506 -4.6564e-18)
(0.0955582 0.0798346 1.85162e-17)
(-0.101387 -0.00677372 1.10457e-17)
(0.109747 0.0288686 -4.64685e-18)
(0.0175397 -0.130374 1.9213e-17)
(0.0636218 0.0427794 0)
(0.0802468 0.0701772 -1.47673e-17)
(0.141807 0.0490379 4.59198e-18)
(0.187329 0.0207169 0)
(0.11671 0.0792003 -1.84189e-17)
(0.139864 0.0545599 4.59154e-18)
(0.101563 0.0753781 -2.33679e-17)
(-0.0559181 -0.148873 0)
(0.0864692 0.0737848 -3.71196e-17)
(0.0867337 0.104351 0)
(0.0962716 0.0809805 0)
(0.00727391 -0.0448275 4.82162e-18)
(0.0969637 0.0806974 0)
(0.093002 0.0827567 -1.39597e-17)
(0.0883879 0.0706684 -4.64538e-18)
(-0.0361255 -0.0982684 -2.32212e-17)
(0.129842 0.00898445 4.60119e-18)
(0.116903 0.0101992 0)
(-0.0682709 -0.133495 -3.70531e-17)
(-0.0739676 0.0106013 4.51143e-18)
(0.135863 0.0434173 1.37866e-17)
(-0.167607 -0.117914 -1.37682e-17)
(0.117493 0.0826457 -1.84414e-17)
(0.0221634 0.0301354 0)
(0.168216 0.011276 1.83264e-17)
(0.114625 0.0815571 4.14536e-17)
(-0.0532029 -0.00110072 -2.41509e-17)
(0.130086 0.0526128 1.83834e-17)
(0.0300809 -0.0276703 -1.88133e-17)
(0.0804318 0.0766609 -1.66738e-17)
(0.0890939 0.0768097 -4.65554e-18)
(0.136593 0.0376893 -1.83771e-17)
(0.0911718 0.0397084 0)
(0.00757343 -0.028506 0)
(-0.0776863 -0.120318 -4.62975e-18)
(0.0292209 -0.0790025 0)
(0.0583437 0.0461842 2.31338e-17)
(0.130535 -5.09123e-05 0)
(0.094577 0.0570061 0)
(0.0252209 0.029104 2.3335e-17)
(0.0993124 0.0859926 0)
(0.151725 0.00359492 -1.83586e-17)
(0.089161 0.0760736 -3.85857e-22)
(0.0755577 0.0545488 -1.84785e-17)
(-0.0516775 -0.0688709 1.86055e-17)
(0.0640035 -0.0737739 4.73736e-18)
(-0.0377648 -0.0716111 1.6767e-17)
(0.116597 -0.00325137 -2.2828e-17)
(-0.174869 -0.0686311 0)
(0.0404909 -0.0711043 0)
(0.0330371 -0.104707 -1.1346e-21)
(0.109118 0.0328649 0)
(0.0624747 -0.0456011 -4.703e-18)
(0.0786073 0.00591056 1.83989e-17)
(0.0783735 0.0997 -1.39514e-17)
(0.0761445 0.0709424 1.65069e-17)
(0.0413303 -0.0596656 -1.90683e-17)
(0.0925961 0.0955097 0)
(0.0958723 0.00687744 0)
(0.0915102 0.0288057 -4.69687e-18)
(0.0931322 0.0888364 0)
(0.0596205 0.0329236 -1.87301e-17)
(0.0505937 -0.0670316 -4.75509e-18)
(-0.151522 -0.107202 1.38221e-17)
(-0.0045257 -0.0215189 4.68883e-18)
(0.0894255 0.0829792 0)
(-0.0289112 0.0168815 -2.36182e-17)
(0.0814211 0.0678698 0)
(-0.00408854 0.01905 4.65657e-18)
(0.100773 0.0880869 1.86233e-17)
(-0.0163221 -0.0226429 0)
(0.0694429 0.064279 0)
(0.0697514 0.0676073 8.58317e-18)
(0.0443774 0.0343222 -1.85012e-17)
(-0.0528849 -0.116496 2.32415e-17)
(0.0864098 0.0716971 0)
(-0.103894 -0.105554 -1.85143e-17)
(0.080716 0.0618953 1.86061e-17)
(0.0720358 0.065076 1.85707e-17)
(0.075856 0.110545 4.23097e-18)
(0.0753515 0.0938387 -4.28452e-18)
(0.0891524 0.0895673 -1.97111e-17)
(-0.0664969 -0.104519 1.40073e-17)
(0.0734342 0.103922 -4.18593e-18)
(0.0878385 0.0688622 -1.86286e-17)
(0.0883802 0.0964652 -1.91892e-17)
(0.0132845 -0.0782969 -2.0153e-17)
(0.0937224 0.0602976 2.33418e-17)
(0.0558057 -0.0568198 1.88989e-17)
(0.0127469 -0.0371243 -1.92495e-17)
(0.0446721 -0.0240555 4.70042e-18)
(0.0800022 0.0906259 1.79631e-17)
(0.0914153 0.102516 -1.86106e-17)
(0.0241974 -0.0575712 -1.47724e-17)
(0.060265 0.0547448 0)
(0.0816785 0.124961 0)
(0.084557 0.0588863 -1.86474e-17)
(-0.0217055 -0.0305591 -4.70006e-18)
(0.0324219 -0.020252 -4.7028e-18)
(-0.0438026 -0.056726 1.87823e-17)
(0.107423 0.111657 -1.86887e-17)
(-0.152243 -0.183051 0)
(-0.0474712 -0.0708791 9.44268e-18)
(0.101528 0.111592 -1.86457e-17)
(0.0204326 -0.0277715 -2.51389e-21)
(0.0415235 -0.0567383 0)
(0.0986783 0.106706 1.86198e-17)
(0.000370344 -0.0228219 -1.08398e-18)
(0.0920699 0.0691317 -4.67039e-18)
(-0.0479265 -0.0698795 0)
(-0.0785168 -0.0556165 4.63458e-18)
(0.0171768 -0.0673921 2.02222e-17)
(-0.0500444 -0.0857909 -1.86932e-17)
(0.0586502 -0.0364087 4.7002e-18)
(0.031504 -0.0689055 0)
(0.0436261 -0.0674064 -4.77623e-18)
(-0.0267644 -0.0744021 0)
(-0.0161387 -0.0504576 0)
(0.00817425 -0.0309109 0)
(0.0644642 0.0536574 2.54317e-17)
(0.00680349 -0.00968773 0)
(-0.136186 -0.123094 0)
(0.0719254 0.0161458 -1.61533e-17)
(0.0599535 0.163873 -9.1616e-22)
(-0.00629306 -0.0350647 0)
(0.0381209 -0.0642015 -1.89086e-17)
(0.0500058 -0.0817067 0)
(0.105221 0.109524 -1.8667e-17)
(-0.0120552 -0.0490857 -1.89495e-17)
(0.0497511 -0.0603273 4.73641e-18)
(0.0376046 -0.080195 4.66999e-18)
(0.0421247 -0.0677819 0)
(0.00440005 -0.0160367 -4.87321e-18)
(0.0573057 -0.0474636 0)
(-0.0138623 -0.0798417 0)
(-0.00786421 -0.063347 -8.77713e-18)
(0.00731911 -0.0124552 -4.71653e-18)
(0.105343 0.0901682 1.40003e-17)
(-0.0296511 -0.058827 -1.88026e-17)
(0.0881532 0.213107 -1.92861e-17)
(0.0492339 0.0469454 7.30511e-19)
(0.00198394 -0.0786113 0)
(0.0694562 0.0190014 3.98567e-18)
(0.0399414 -0.0499603 0)
(-0.0267562 -0.0268249 1.28743e-17)
(-0.056564 0.00177148 3.91897e-17)
(0.0227631 -0.0212855 1.88636e-17)
(0.0704624 0.13362 -1.98229e-17)
(0.102737 0.0875643 2.31979e-17)
(0.107873 0.102603 4.67304e-18)
(0.106513 0.141104 0)
(0.0239507 -0.0115188 2.3622e-17)
(0.0139566 -0.0197733 -1.45611e-17)
(0.101866 0.091744 -2.34446e-17)
(0.110854 0.102703 -4.67597e-18)
(0.0397672 -0.0324961 0)
(0.099905 0.0832826 3.73002e-17)
(0.023714 -0.0636979 1.87112e-17)
(-0.159704 -0.190309 1.83752e-17)
(0.0568301 0.0426516 4.66133e-18)
(-0.0237727 -0.0738515 0)
(0.0569122 -0.0902402 1.87294e-17)
(0.0991068 0.0993606 0)
(0.111444 0.117053 -4.68092e-18)
(0.0991014 0.182033 0)
(0.0388698 -0.0618501 0)
(0.113242 0.120175 -1.40872e-17)
(-0.0308372 -0.0641869 -2.35858e-17)
(0.0218621 -0.111475 6.55354e-19)
(0.00316114 -0.0742779 1.87325e-17)
(0.00867465 -0.0102759 -1.8779e-17)
(0.0548173 -0.0545349 -1.93391e-17)
(0.105511 0.101842 1.66373e-22)
(0.103491 0.0931087 4.6727e-18)
(0.0430746 0.0147092 1.87935e-17)
(0.103836 0.0953665 1.51122e-22)
(0.0921801 0.19006 -1.9229e-17)
(0.105465 0.0786198 -1.85374e-17)
(0.0208848 -0.183295 0)
(-0.00437802 -0.011325 0)
(-0.0243525 -0.0560249 4.70705e-18)
(0.0800365 0.0490663 4.74768e-18)
(0.11152 0.140647 -4.7305e-18)
(0.0195828 -0.0265137 0)
(-0.0152683 -0.0726459 0)
(0.111485 0.134887 4.71119e-18)
(0.10112 0.0654096 -1.84815e-17)
(0.0505556 -0.0517739 0)
(0.106504 0.162083 0)
(-0.0075209 -0.0112885 0)
(0.105863 0.120419 2.33878e-17)
(0.0717575 -0.181263 -1.81835e-17)
(0.101527 0.0967004 1.40553e-17)
(0.0251345 -0.0461091 -1.40878e-17)
(0.0884865 0.0569453 1.35737e-17)
(0.0399592 -0.0414085 -1.99769e-17)
(0.0506973 -0.0438627 -4.68605e-18)
(0.103677 0.0922518 3.79091e-22)
(-0.0372517 -0.0750624 -1.66486e-17)
(0.107639 0.154304 0)
(-0.0277102 -0.191396 -1.38772e-17)
(0.0584952 -0.0610264 4.67604e-18)
(-0.0560339 -0.200766 4.57268e-18)
(0.0835803 0.231841 -1.92782e-17)
(0.09438 0.173727 4.7112e-18)
(-0.0026638 0.00556993 5.21844e-18)
(0.100119 0.0858708 -3.46842e-22)
(0.157273 0.0904844 0)
(0.155364 0.0646886 1.36554e-17)
(0.101634 0.103138 0)
(0.104192 0.10153 -1.86497e-17)
(0.000812197 -0.0574168 0)
(-0.0339569 -0.117481 0)
(0.0451523 -0.0483585 2.01401e-17)
(0.100709 0.173389 0)
(-0.0273079 -0.0235058 -1.87708e-17)
(-0.0319321 -0.0600273 -1.87053e-17)
(0.104827 0.134066 0)
(0.0635476 0.0731243 -2.30193e-17)
(0.035141 -0.0114361 -4.72241e-18)
(0.108939 0.086063 1.389e-17)
(0.045315 0.0948428 -1.37953e-17)
(0.0591958 -0.0634439 1.90912e-17)
(0.0398649 -0.00604702 1.88179e-17)
(0.1083 0.12509 -4.6902e-18)
(0.101873 0.0785861 -5.01164e-22)
(0.0707236 0.0412174 0)
(0.11411 0.07854 4.62712e-18)
(-0.0109991 -0.0884928 5.13292e-22)
(0.144973 0.0889254 -4.57628e-18)
(0.154807 0.101489 1.82204e-17)
(0.0994675 0.0934608 4.68704e-18)
(-0.00141655 -0.0382528 0)
(-0.067948 -0.113191 -1.62488e-21)
(0.0268404 0.00823799 1.40647e-17)
(0.103383 0.0959274 -1.86109e-17)
(0.0984304 0.0827751 -4.64919e-18)
(0.0304778 -0.0157021 2.28382e-17)
(0.00318313 -0.0395658 0)
(-0.000209741 -0.044764 0)
(0.00297944 -0.0572071 0)
(0.0240212 0.0952487 4.60441e-18)
(0.000288537 0.0704062 0)
(-0.0322654 -0.0705317 1.95138e-17)
(0.0660053 0.0465855 -1.87056e-17)
(0.0537317 0.00409421 1.93267e-17)
(0.103758 0.00430416 4.60374e-18)
(0.127231 0.0534897 0)
(0.00579466 5.84118e-05 3.41935e-17)
(0.100069 0.0884335 4.66262e-18)
(0.10524 0.0895981 1.85625e-17)
(0.103561 0.0862883 -1.39309e-17)
(0.0556579 0.00401491 -1.41425e-17)
(-0.0232738 0.026848 0)
(0.101253 0.149253 0)
(-0.0330331 -0.0805471 4.20244e-17)
(-0.00164842 -0.0285465 0)
(0.109862 0.0858269 -1.85444e-17)
(-0.11472 -0.0532421 -4.62824e-18)
(0.103077 0.0915065 0)
(0.103868 0.08939 3.72239e-17)
(0.0399218 -0.0707588 0)
(0.0333526 0.0260423 2.33996e-17)
(0.0253861 -0.157366 0)
(0.0694623 0.0260499 0)
(0.0613329 -0.0756185 0)
(-0.124071 -0.206117 0)
(-0.0560154 0.0203322 1.08368e-17)
(-0.0315686 -0.0399966 0)
(0.10627 0.0878519 -2.32394e-17)
(-0.157988 -0.122707 0)
(-0.096189 -0.155998 1.85768e-17)
(-0.139758 -0.200685 1.83868e-17)
(0.10169 0.157994 1.87019e-17)
(0.0464733 -0.0683499 4.70856e-18)
(0.049865 -0.0853605 0)
(-0.0131537 -0.0374037 3.17022e-17)
(0.0949068 0.164168 -2.35122e-17)
(0.0395014 -0.0553094 0)
(0.106116 0.0726557 0)
(0.111171 0.083441 -1.85471e-17)
(0.0262911 -0.186114 0)
(0.18968 -0.020912 2.2997e-17)
(0.035049 -0.0440861 -3.5597e-17)
(-0.0517931 -0.0727888 -1.87463e-17)
(-0.124217 -0.181062 -1.38477e-17)
(0.0434266 0.141108 1.01238e-17)
(-0.140502 -0.144775 -1.39249e-17)
(0.0564054 -0.0685646 0)
(0.00131144 -0.0289416 0)
(-0.0661261 -0.187908 -4.61141e-18)
(-0.066116 -0.0789508 4.62467e-18)
(-0.00571714 -0.110322 -4.68209e-18)
(-0.109193 -0.172839 0)
(-0.131989 -0.142094 0)
(0.0300294 -0.0904607 2.34445e-17)
(0.022008 -0.0831126 -2.35249e-17)
(-0.107215 -0.206972 -4.57504e-18)
(0.169791 0.0764289 4.56207e-18)
(0.103329 0.0843097 2.31965e-17)
(0.104093 0.0834186 0)
(0.11391 0.0825523 1.38996e-17)
(0.0403266 -0.0679025 4.76919e-18)
(0.0290314 0.0798987 1.8451e-17)
(2.30965e-05 -0.0522534 0)
(0.0526117 0.0365887 9.34996e-18)
(0.0952269 -0.172944 0)
(0.173178 0.099022 -4.55555e-18)
(0.000960632 -0.0291222 4.63845e-18)
(0.00175949 -0.0743445 4.32098e-17)
(0.107929 0.0869282 4.64434e-18)
(-0.0868606 -0.127337 0)
(0.0912684 0.0646428 1.39362e-17)
(0.0724542 0.0495494 -4.50441e-18)
(-0.0219837 0.0810073 -4.61287e-18)
(0.0841025 0.0565097 4.65281e-18)
(0.0899543 0.121394 0)
(0.0155271 -0.0567693 -3.61665e-17)
(-0.00712396 -0.0897621 0)
(-0.0797454 -0.107695 0)
(-0.0882006 -0.102874 2.31112e-17)
(0.038391 -0.000350993 0)
(0.143828 0.0329065 -4.57041e-18)
(0.102184 0.0726149 0)
(0.0730002 0.0569229 0)
(-0.158168 -0.177175 -1.84189e-17)
(0.0755193 0.0643678 -2.60007e-17)
(-0.00220862 -0.0378423 0)
(-0.0501456 -0.0596296 1.4428e-18)
(-0.0544899 -0.113307 0)
(0.0238157 0.0124896 1.8312e-17)
(-0.152882 -0.168103 0)
(-0.0649405 -0.00193036 0)
(0.0124444 -0.0521614 -4.86297e-18)
(0.0861801 -0.185558 1.84491e-17)
(-0.0124336 -0.063382 -3.66332e-17)
(-0.0219649 -0.0808692 -2.30897e-17)
(-0.126527 -0.0764994 3.6772e-17)
(0.0698099 0.176584 -1.9235e-17)
(-0.000865238 -0.0393348 1.91296e-17)
(-0.0483038 -0.123504 -4.65056e-18)
(-0.100483 -0.141239 -1.83993e-17)
(-0.167953 -0.147248 4.60205e-18)
(-0.159378 -0.198687 0)
(-0.141582 -0.161833 1.85033e-17)
(-0.11368 -0.195828 4.60609e-18)
(-0.0804374 -0.121623 -3.73343e-17)
(-0.120378 -0.177609 0)
(0.000522522 -0.0267767 0)
(-0.11478 -0.161188 0)
(0.164836 -0.00931448 -1.83474e-17)
(-0.104905 -0.124511 -4.65903e-18)
(0.0537592 0.010463 0)
(0.0477971 0.00805804 0)
(-0.0895724 -0.158103 -4.61653e-18)
(0.0074767 -0.035192 3.30129e-17)
(-0.0836346 -0.200104 -4.58925e-18)
(0.0036901 -0.0768506 -2.21477e-17)
(0.0153279 0.00588748 -1.98866e-17)
(-0.0171752 -0.0495784 1.79358e-17)
(0.0294768 0.00891792 9.82768e-18)
(-0.00142072 -0.056211 1.86368e-17)
(-0.0934283 -0.149841 4.62605e-18)
(0.0437449 -0.000144977 0)
(0.0789743 0.0638466 0)
(0.0488698 0.0491266 5.46956e-18)
(0.157457 -0.167157 -1.90288e-17)
(-0.0473484 -0.0259395 -4.63351e-18)
(-0.169555 -0.167152 1.83792e-17)
(-0.120602 -0.0992411 -2.30569e-17)
(-0.030111 -0.0655193 4.77365e-18)
(0.0271763 0.191368 0)
(0.0880409 0.217894 1.87069e-17)
(-0.0211196 -0.0288897 0)
(0.0605621 0.232635 1.49255e-17)
(-0.0147824 0.0117455 -1.97241e-17)
(0.0306854 -0.123681 -1.35495e-17)
(0.0017633 -0.0475612 0)
(0.00772462 -0.158938 2.03382e-17)
(0.000812272 -0.105254 3.94663e-17)
(-0.0918326 -0.014296 -2.09352e-17)
(0.0390566 0.00251343 -1.70177e-17)
(0.0646693 -0.182407 0)
(0.0692542 0.0307119 0)
(0.0721538 0.0770316 0)
(0.0721507 0.0825636 2.1603e-17)
(0.197689 -0.139026 -1.76128e-17)
(0.0559617 0.0659125 0)
(0.0931141 0.200452 5.07389e-18)
(0.0634412 0.122796 5.41249e-18)
(-0.0917052 0.00275829 -1.415e-17)
(0.0023947 -0.0534979 0)
(0.0407678 0.0536689 0)
(0.0658505 0.00944146 0)
(-0.137464 0.00154287 0)
(0.0379307 0.174231 0)
(0.0389778 -0.00344959 -3.13821e-17)
(0.056036 0.228878 0)
(0.0573829 0.00114914 0)
(0.217609 -0.103616 9.84756e-18)
(0.0275869 0.207703 0)
(0.0949558 -0.00322243 -1.45663e-17)
(0.0887952 0.201919 2.01642e-17)
(0.0473441 -0.191232 -1.37983e-17)
(-0.165922 0.0455259 -1.4323e-17)
(0.0483364 -0.0050001 9.32438e-18)
(0.0912421 -0.0064592 0)
(0.0221711 0.116057 0)
(-0.0111867 -0.0699489 2.10853e-17)
(0.0675674 0.0390571 1.48086e-22)
(0.00512344 -0.0713864 -3.30212e-17)
(0.0525747 0.0018782 0)
(0.0679476 0.101691 -2.17697e-17)
(0.0047983 -0.062184 1.13051e-17)
(-0.172962 0.0645109 0)
(0.00661648 -0.131678 -3.91716e-17)
(-0.0115092 -0.00566568 9.52697e-18)
(-0.0217682 -0.00752849 1.98352e-17)
(0.0798972 -0.0321247 1.93882e-17)
(0.00972455 0.00147667 1.83321e-17)
(0.0126132 0.00536714 0)
(-0.0282642 -0.00760048 1.63512e-17)
(0.0639437 -0.0184816 1.58533e-17)
(-0.00809045 -0.0065475 -4.89072e-18)
(0.00206597 -0.000803531 0)
(0.0142658 0.00908685 0)
(-0.00016077 -0.00350446 3.93738e-17)
(0.109041 -0.0628098 -1.95628e-17)
(-0.0243748 -0.00812354 -2.60806e-17)
(0.04673 -0.0066013 0)
(-0.0172104 -0.00767789 -1.89152e-17)
(-0.0189678 -0.0070428 0)
(0.0587235 -0.0266221 3.70498e-17)
(-0.00663824 -0.00792444 -1.95572e-17)
(0.00317654 0.000489244 0)
(-0.0238611 -0.00565146 3.15125e-17)
(0.0688967 -0.0396562 1.82018e-17)
(0.0419595 -0.0116722 0)
(-0.0117279 -0.00931644 -1.46577e-17)
(-0.08119 -0.00237785 -1.42782e-19)
(-0.0453803 -0.00355747 2.01017e-18)
(-0.148833 0.0411358 -2.9635e-17)
(0.0268273 -0.0594559 1.93409e-17)
(0.0434515 0.0881054 3.15001e-17)
(0.0424162 0.0773701 -2.09646e-17)
(-0.0359433 -0.00238874 1.93271e-17)
(-0.0357583 -0.0572183 -4.85835e-18)
(0.0118129 -0.0618612 -1.91771e-17)
(0.0496529 -0.0509349 3.99181e-17)
(0.0185655 -0.0455549 -2.18025e-17)
(0.00286723 -0.0713617 -2.23633e-17)
(-0.142855 0.0558723 1.00186e-17)
(-0.098747 -0.0044387 -6.06412e-18)
(0.122087 -0.0902477 2.11985e-17)
(0.117476 -0.0746641 2.61444e-18)
(0.0658779 0.204498 0)
(0.021048 -0.0607351 -2.04244e-17)
(-0.00285263 -0.0194186 -8.09254e-18)
(-0.0255629 0.00592481 1.7745e-17)
(0.0290564 -0.103093 -2.55281e-17)
(0.0249555 0.0466431 2.31716e-17)
(0.111319 -0.135406 1.82976e-17)
(-0.00507242 -0.0180732 1.94139e-17)
(0.0764557 0.200063 0)
(0.00180257 -0.063028 2.6289e-18)
(0.0161965 -0.0767342 2.07027e-17)
(0.187615 -0.0463296 4.06711e-17)
(0.063326 0.0303577 8.24745e-18)
(-0.0135556 -0.0144414 0)
(0.0872783 0.178394 -2.12788e-17)
(0.07603 -0.0553758 -2.56263e-18)
(0.175977 -0.153468 0)
(0.00715246 -0.0720566 -6.22932e-17)
(0.00173236 -0.078552 0)
(-0.176434 0.0662969 0)
(0.00618803 0.00219826 2.15053e-17)
(0.0522452 0.0102386 -1.00732e-17)
(-0.0113942 0.0171581 -2.31498e-17)
(0.0573077 0.117826 1.62945e-17)
(0.00289535 -0.00762747 -1.83377e-17)
(0.0765855 0.190854 0)
(-0.00344139 -0.0133078 0)
(0.0899192 0.180814 0)
(-0.000824601 -0.0175273 1.27498e-18)
(0.155064 -0.119283 -3.90295e-17)
(-0.0164098 -0.00835836 9.87732e-18)
(0.097613 -0.0483918 -1.90341e-17)
(-0.0128409 -0.000552573 2.37183e-17)
(0.0731516 0.113989 -6.32742e-19)
(0.0160697 -0.079153 -3.69311e-17)
(0.153212 -0.0823274 2.02844e-17)
(0.0683668 0.184971 0)
(-0.123631 -0.0393087 0)
(0.0336798 -0.0538422 -1.44504e-17)
(0.00983768 -0.075586 4.1365e-17)
(0.0577551 0.0208463 0)
(0.0692575 0.125775 1.22346e-17)
(0.00344854 -0.0122109 -1.05983e-17)
(0.0625645 0.0344475 2.34675e-17)
(-0.174916 0.0533698 0)
(0.0184961 0.00366931 -2.45325e-17)
(-0.00550023 0.0148814 1.04261e-17)
(0.00356259 0.0211813 1.02311e-17)
(0.0200046 -0.0815996 2.18985e-17)
(0.0561332 0.145046 -1.97581e-17)
(0.0650961 0.061382 0)
(-0.0220041 0.0369043 0)
(-0.0189292 0.0393721 0)
(0.0600043 0.0729155 1.31569e-17)
(0.00199414 -0.067177 2.48984e-17)
(0.210569 -0.0847588 -1.24987e-21)
(0.113907 -0.0999459 1.58858e-17)
(0.099701 -0.106851 -1.84917e-17)
(-0.0178716 0.0535305 -1.90572e-17)
(-0.0213282 0.0446875 0)
(-0.0753564 -0.0188151 0)
(0.0844476 -0.000415051 0)
(0.00584931 0.00975449 -1.15284e-17)
(0.0201001 -0.0529647 1.97932e-17)
(0.0420428 0.0180497 4.46843e-17)
(0.0750225 0.131079 0)
(0.0891122 0.0102556 -1.89273e-17)
(-0.0140637 0.0289785 -9.8514e-18)
(0.0198926 -0.00343089 -2.18797e-17)
(0.00804486 0.02238 -1.00578e-17)
(0.0768197 -0.00680841 0)
(0.0282965 -0.0623386 -1.18698e-17)
(0.0517808 0.201191 1.50745e-17)
(0.00512158 -0.0598315 -1.99709e-17)
(-0.0987 0.00363231 3.03777e-17)
(0.0226872 -0.00554606 -2.13685e-17)
(-0.0862227 0.00947125 -2.80479e-17)
(0.0478088 -0.00129395 0)
(-0.000369008 -0.0024682 1.1303e-17)
(0.00414677 -0.0515007 -1.1809e-17)
(0.0109469 0.0912354 -1.07386e-17)
(0.0779384 0.0778002 2.11705e-17)
(-0.0369819 -0.00807524 -2.62779e-17)
(0.0565747 0.0171419 0)
(0.0775772 0.0857902 -1.11982e-17)
(-0.0210748 -0.0686 0)
(0.0542261 0.129043 -2.13933e-17)
(0.0386491 0.0233301 -1.22735e-17)
(0.0020767 -0.036998 -1.27009e-17)
(0.0165185 0.010727 0)
(-0.0247382 -0.0742147 2.80834e-18)
(-0.00134013 -0.0100645 0)
(-0.00381963 0.0972796 0)
(0.0312149 -0.00194675 -1.28805e-17)
(-0.115545 -0.0338406 0)
(-0.000290504 -0.00462407 -1.17439e-17)
(0.0392355 0.0581018 0)
(0.0430731 0.125096 2.06546e-17)
(0.00823544 -0.0775499 -2.22962e-17)
(-0.0357165 0.00439924 -2.23985e-17)
(-0.0368738 0.0012599 -2.30177e-17)
(-0.00025956 -0.0104361 0)
(-0.0199333 0.0216856 0)
(0.00222671 0.00696062 -2.95905e-17)
(0.00305103 -0.0169005 -2.50959e-17)
(-0.0138904 0.00963973 -1.22719e-17)
(0.044641 0.0420489 1.14446e-17)
(0.0144103 -0.0706132 1.30556e-18)
(0.0468383 0.00467074 2.16945e-17)
(0.0441885 0.0371077 1.08266e-17)
(-0.00566576 -0.0615093 2.8719e-17)
(-0.00675151 0.0355779 1.0419e-17)
(0.0439533 0.243371 -4.46348e-17)
(0.0448277 -0.0567032 -2.55203e-17)
(-0.0794805 -0.00550815 0)
(-0.0132825 -0.0528329 1.37201e-17)
(0.00179892 0.000142664 -1.20243e-17)
(0.0567036 0.0145065 4.87041e-18)
(0.043107 0.108584 0)
(0.0202275 0.0315251 1.11445e-17)
(0.0412278 0.0959446 -2.27042e-17)
(0.0502887 0.0566796 0)
(0.0421696 0.0289501 -1.03394e-22)
(0.0282542 0.0266944 0)
(0.0362212 0.0414651 -1.4292e-18)
(0.0222638 0.0220666 -2.25823e-17)
(0.0293713 0.0324034 5.80122e-18)
(-0.0444784 0.0050935 3.69255e-17)
(-0.0509475 -0.000633054 -1.15662e-17)
(-0.00867991 -0.0481752 -2.9802e-17)
(0.071679 -0.0937921 -4.82744e-17)
(0.0643545 0.0929761 3.57627e-17)
(0.15702 -0.131587 2.361e-17)
(-0.0429164 0.00581848 -1.21068e-17)
(-0.0365729 0.0074809 2.61972e-17)
(0.00820644 0.133453 0)
(0.0722753 0.11057 8.59999e-22)
(0.0108512 0.000391948 2.04766e-17)
(0.020754 0.0143221 -1.97297e-17)
(-0.159821 0.0472461 1.82874e-17)
(0.0104892 -0.0787423 -2.8142e-17)
(0.00777782 0.0185837 -9.4024e-18)
(-0.0424084 -0.00637264 -3.16518e-17)
(0.165664 -0.149502 -1.14044e-17)
(-0.02902 0.00451115 5.44712e-18)
(-0.00331708 -0.025212 -9.74688e-18)
(0.0548429 0.0500835 0)
(0.00124421 -0.0672692 0)
(0.0445075 -0.0981476 3.01645e-17)
(0.0651434 -0.065362 5.39647e-18)
(-0.0140407 0.0326561 0)
(0.00157639 -0.0800663 0)
(0.0922712 0.154648 0)
(0.197834 -0.109874 1.25156e-17)
(-0.0970471 0.00675148 1.283e-17)
(-0.056179 -0.0173663 -6.87813e-18)
(0.0165948 -0.033001 1.07664e-17)
(0.0461263 0.028762 0)
(-0.017454 0.0364679 -1.9169e-17)
(-0.070279 -0.0225747 -7.22313e-18)
(0.0386733 -0.104153 0)
(0.0106593 0.0898439 2.21919e-17)
(-0.00708666 0.00606065 -3.94837e-17)
(0.0238974 -0.0526813 2.42203e-17)
(0.0392152 0.22914 0)
(0.048406 0.0311413 2.43879e-17)
(0.0122142 -0.00111334 -2.2742e-17)
(-0.00309955 -0.0171959 7.93431e-18)
(-0.0927479 -0.013946 -5.55985e-18)
(0.0643135 0.0553097 -2.61894e-17)
(0.0614065 0.0362148 -3.07163e-17)
(0.126194 -0.0278187 -2.39281e-17)
(0.00546375 -0.0762492 1.24521e-17)
(0.0191086 0.0171987 -2.47061e-17)
(-0.0994847 0.00770203 3.52669e-17)
(-0.033311 -0.00382385 2.51187e-17)
(0.0512298 0.00764222 4.9629e-18)
(0.0665048 0.0847065 0)
(0.00227841 -0.0144724 0)
(-0.00371743 0.0326753 2.17374e-17)
(-0.129594 0.0551234 0)
(0.0629511 0.189002 -6.26784e-18)
(0.00647262 0.00291508 9.75219e-18)
(0.0252284 -0.00313625 2.70031e-17)
(0.0243828 0.0776374 1.14556e-17)
(0.0203275 -0.079554 -2.04533e-17)
(0.0208918 0.0034838 -2.29561e-17)
(0.171116 -0.0336904 -4.65058e-17)
(0.0879011 0.152315 -1.99301e-17)
(0.0526855 0.157158 2.07077e-17)
(0.015267 -0.0221732 1.06297e-17)
(0.0575809 0.252366 3.99552e-17)
(0.0115201 0.00926314 -2.31366e-17)
(0.115895 -0.041044 -1.17955e-17)
(0.074882 0.120714 -1.12823e-17)
(0.0019829 -0.0066421 2.96545e-17)
(-0.0823962 -0.0493553 2.34336e-17)
(0.0725233 0.0939851 -1.08642e-17)
(0.17151 -0.0931331 3.22193e-18)
(0.0572486 0.0230005 0)
(0.0581076 0.197993 2.9094e-18)
(0.0412538 0.0684922 1.30335e-17)
(0.00656202 0.148147 0)
(-0.0164079 0.0244623 -1.23789e-17)
(-0.0773792 -0.0156826 1.1667e-17)
(0.0339117 -0.0116768 -2.37631e-17)
(-0.0141406 -0.0273876 -2.66468e-17)
(-0.134597 0.0619209 3.56812e-19)
(-0.0247403 0.00805459 1.79487e-17)
(-0.00935583 0.0540928 -1.08548e-17)
(0.00108891 -0.0441759 1.36176e-17)
(0.0359176 -0.0589784 2.92761e-17)
(0.0385461 0.000905413 -6.32283e-18)
(0.023464 0.0328578 0)
(0.0448287 -0.0702374 -4.07548e-17)
(-0.120097 -0.0327834 -4.85445e-17)
(-0.0229798 -0.0115103 -1.6852e-17)
(0.0156959 -0.081272 -1.10603e-17)
(0.020547 0.00160473 3.87923e-17)
(0.0192905 0.219727 -1.31442e-17)
(0.113119 0.00870572 -1.45608e-17)
(0.00526289 0.00373561 -3.59616e-17)
(-0.0027292 -0.0219496 0)
(0.0551657 0.187232 6.27271e-18)
(-0.0268234 -0.00698806 -2.19638e-17)
(0.0467532 0.189681 -1.31159e-17)
(0.0413134 0.0174827 2.52921e-17)
(0.0202207 -0.0849663 9.16491e-18)
(0.0385561 0.0483038 1.22699e-17)
(0.00409942 -0.0795076 0)
(0.0150992 -0.0752459 1.03253e-17)
(-0.00903156 -0.0521584 0)
(0.000132513 -0.00475857 0)
(0.0290932 0.00968763 -1.07429e-17)
(0.0187137 -0.0771584 -2.15171e-22)
(-0.012395 -0.057268 -1.53148e-17)
(-0.0138698 -0.0259861 6.61434e-18)
(0.193648 -0.123916 0)
(0.0370726 -0.0069839 2.25924e-17)
(-0.0374787 -0.0764498 2.13134e-17)
(0.00237158 -0.0105518 1.26016e-17)
(0.00776888 -0.0134407 3.38557e-17)
(0.0337477 -0.0150304 1.36327e-17)
(0.0143065 0.0143324 -5.16896e-18)
(-0.044732 0.00491995 -1.35469e-17)
(0.0315214 -0.00563039 -3.23018e-17)
(0.0329567 -0.0427388 2.86456e-17)
(-0.103116 -0.00712466 -1.38329e-17)
(0.0119063 -0.0313944 1.93932e-18)
(-0.0902237 0.0104391 7.1697e-18)
(0.0228195 0.0554695 0)
(0.0697879 0.0610889 2.70158e-17)
(0.000710091 -0.022012 0)
(0.081701 0.0839141 1.22204e-17)
(-0.0298821 0.00472074 -4.00402e-17)
(0.022182 0.00958972 1.41381e-17)
(-0.0339248 0.00244489 1.82775e-18)
(0.00894732 0.00645386 0)
(-0.00662565 -7.97026e-05 2.47934e-17)
(0.171048 -0.11694 0)
(0.0126807 -0.00561146 0)
(0.13301 -0.125736 0)
(0.00257095 -0.021383 2.36708e-17)
(0.151775 -0.0979836 -3.02728e-17)
(0.0317666 0.183978 7.19232e-18)
(0.00306405 -0.0247783 -3.25051e-17)
(0.141686 -0.158755 1.373e-17)
(-0.00186959 -0.0477824 -2.71096e-17)
(0.018289 0.0122599 -2.67632e-17)
(0.0514743 0.0839219 -1.54962e-17)
(0.132441 -0.140982 -2.65085e-17)
(-0.105629 0.00238194 0)
(0.0101391 -0.075982 -3.06697e-17)
(-0.10492 -0.0176989 -1.39696e-21)
(0.023861 -0.054462 -1.55911e-22)
(0.00918061 -0.0804795 0)
(-0.101156 0.000348605 -8.25292e-18)
(0.0100697 -0.0809982 -4.01756e-17)
(0.0534306 0.0782189 0)
(0.0250599 -0.0785702 1.87907e-17)
)
;

boundaryField
{
    back
    {
        type            empty;
    }
    front
    {
        type            empty;
    }
    top
    {
        type            codedFixedValue;
        value           nonuniform List<vector> 
15
(
(0 -0.0785778 0)
(0 -0.0743111 0)
(0 -0.0572444 0)
(0 -0.0444444 0)
(0 -0.0572444 0)
(0 -0.0288 0)
(0 -0.0288 0)
(0 -0.0743111 0)
(0 -0.0785778 0)
(0 -0.0672 0)
(0 -0.0103111 0)
(0 -0.0103111 0)
(0 -0.0672 0)
(0 -0.08 0)
(0 -0.0444444 0)
)
;
        name            ParabolicTimeDependentU_max;
        code            #{
		const vectorField& Cf = patch().Cf();
		vectorField& field = *this;

		const scalar r = 18.0*1e-3;
		const scalar Umax = 0.4;
		const scalar Umin = 0.02;

		scalar 	Uvar = 0.08;
		scalar 	t = this->db().time().value();
		scalar	tau = fmod(t,1);
		
		if (tau > 0 && tau <= 0.35)
		{
			Uvar = 0.08+Umax*(1-(pow(tau-0.175,2)/(0.175*0.175)));
		}
		if (tau > 0.35 && tau <= 0.6)
		{
			Uvar = 0.08+Umin*(-1+(pow(tau-0.475,2)/(0.125*0.125)));
		}
		if (tau > 0.6 && tau <= 1)
		{
			Uvar = 0.08;
		}
		
		forAll(Cf, faceI)
		{
			const scalar x = Cf[faceI][0];
			const scalar y = Cf[faceI][1];
			field[faceI] = vector(0, Uvar*(-1+(pow(x+(0.02+r),2))/(r*r)), 0);
		}
	#};
    }
    outer_arc
    {
        type            noSlip;
    }
    bottom
    {
        type            zeroGradient;
    }
    inner_arc
    {
        type            noSlip;
    }
}


// ************************************************************************* //
