/*--------------------------------*- C++ -*----------------------------------*\
  =========                 |
  \\      /  F ield         | OpenFOAM: The Open Source CFD Toolbox
   \\    /   O peration     | Website:  https://openfoam.org
    \\  /    A nd           | Version:  9
     \\/     M anipulation  |
\*---------------------------------------------------------------------------*/
FoamFile
{
    format      ascii;
    class       surfaceScalarField;
    location    "1.4";
    object      phi;
}
// * * * * * * * * * * * * * * * * * * * * * * * * * * * * * * * * * * * * * //

dimensions      [0 3 -1 0 0 0 0];

internalField   nonuniform List<scalar> 
2420
(
2.09104e-07
-2.17053e-07
7.94858e-09
3.29749e-07
-3.29749e-07
6.92714e-07
-5.77092e-08
-6.35005e-07
7.34068e-08
-7.34068e-08
-6.68e-07
2.4046e-07
4.2754e-07
1.70409e-07
-1.93587e-07
2.31779e-08
6.58627e-07
3.40865e-08
-8.75389e-07
8.2544e-08
7.92845e-07
1.5001e-06
-1.70233e-06
2.0223e-07
-5.16441e-07
-1.51559e-07
-3.67927e-07
1.33945e-07
2.33983e-07
-1.99387e-07
-1.6854e-07
-8.75389e-07
-9.99003e-08
1.22554e-07
-2.26534e-08
2.39629e-07
1.06313e-06
-1.30276e-06
1.02991e-06
-1.91339e-06
8.83475e-07
2.41754e-06
-6.88269e-07
-1.72927e-06
3.80953e-08
-4.2769e-07
3.89594e-07
-1.44571e-07
1.32165e-07
1.2406e-08
1.03692e-07
-2.03592e-07
-7.00791e-07
-5.03345e-07
1.20414e-06
-3.18315e-08
-6.23016e-07
8.12725e-07
-1.89709e-07
-7.80981e-07
1.57964e-07
9.0679e-08
1.18425e-07
1.27913e-06
1.13841e-06
-6.33326e-07
1.66324e-06
-5.98184e-07
-1.04733e-06
1.64552e-06
-1.36981e-06
7.71627e-07
-3.19719e-07
-1.18656e-08
3.31585e-07
-1.30201e-06
-2.71433e-07
1.57345e-06
1.82451e-07
9.04625e-09
-1.91497e-07
-4.16245e-07
4.24732e-07
-8.48719e-09
-6.25488e-07
5.79559e-07
4.59282e-08
-3.80876e-07
4.18971e-07
-3.74541e-07
-2.50947e-07
3.67685e-08
1.33641e-07
2.34944e-07
9.48057e-08
-6.23351e-08
-3.53909e-07
-6.99983e-08
-2.59751e-07
-1.24564e-06
5.44849e-07
7.11202e-07
9.11902e-08
-8.02393e-07
2.63763e-07
-3.26099e-07
-1.65205e-07
1.6152e-07
3.68447e-09
1.66136e-07
-4.36474e-08
-1.22489e-07
-9.29472e-09
8.27015e-08
-1.33103e-07
5.96958e-08
1.96793e-07
-3.06563e-08
-2.16916e-07
3.88082e-07
-1.71165e-07
-1.75323e-07
4.39086e-07
-1.00353e-07
-9.32337e-08
1.24742e-07
1.19684e-06
-9.57215e-07
-1.06416e-06
-6.38173e-07
1.12122e-06
-1.18189e-07
-1.00303e-06
-8.30803e-08
1.00644e-06
-9.23356e-07
4.2589e-07
3.59193e-07
-7.85083e-07
1.1125e-07
2.26947e-08
-2.02465e-07
2.70885e-07
-6.84195e-08
-1.31325e-06
1.23017e-06
1.11636e-07
-1.41365e-06
1.02261e-07
-1.20419e-07
1.81582e-08
-1.12985e-07
-1.04068e-07
-1.06363e-06
1.14617e-06
-3.57777e-07
2.02851e-07
1.54926e-07
-8.34032e-07
5.62599e-07
2.13283e-07
-3.21662e-07
1.08379e-07
-1.01775e-07
1.6915e-07
-6.73748e-08
4.11629e-07
-7.92505e-07
-6.97782e-08
9.47496e-09
-1.75405e-07
-9.09874e-07
3.2341e-07
5.86464e-07
9.13498e-08
9.71784e-07
8.27871e-07
2.59899e-07
-1.08777e-06
-1.1476e-07
-2.91557e-08
1.43916e-07
-1.30805e-06
-6.17571e-08
-6.82623e-07
1.09425e-06
-8.1975e-07
2.52309e-07
-5.72028e-07
-1.85909e-07
-1.71868e-07
-1.30212e-07
1.54516e-08
1.08339e-06
3.78344e-08
-7.19648e-08
-9.324e-08
6.50522e-07
-5.75719e-07
-7.48027e-08
7.06282e-07
-1.07032e-06
3.64039e-07
1.10623e-06
-2.78363e-07
-5.37105e-07
-3.72769e-07
1.83004e-07
2.40666e-08
-2.0707e-07
-4.8609e-07
-4.73182e-07
9.59272e-07
-7.21604e-07
2.35513e-07
-3.21932e-07
-3.13072e-07
-5.71329e-08
-8.74381e-08
4.80175e-08
-2.64934e-07
-3.29217e-09
3.97131e-07
-3.93839e-07
7.01202e-08
6.20448e-08
2.6107e-07
-4.77865e-08
-2.27868e-07
2.54028e-08
-6.7138e-08
7.61842e-08
-4.59662e-07
3.71549e-07
8.81136e-08
1.88592e-07
-5.10525e-07
1.27009e-07
-1.31079e-07
4.06964e-09
1.94305e-07
1.93777e-07
1.25155e-07
1.85413e-09
-5.60408e-07
-1.86268e-07
7.46676e-07
3.90501e-08
6.32112e-08
-1.20036e-06
2.83031e-07
9.17325e-07
7.21807e-09
-1.90837e-08
-2.88907e-07
-1.70755e-07
1.31092e-06
-3.04483e-07
-5.50145e-08
-2.6787e-07
3.22884e-07
-2.43527e-08
-1.75034e-07
9.49596e-07
3.61323e-07
2.32663e-07
4.17859e-07
1.11884e-06
-2.12195e-07
-9.06647e-07
-1.53213e-08
-9.62937e-07
-2.37419e-07
2.6159e-07
7.86145e-08
1.04389e-07
6.40634e-08
-6.24471e-07
-1.84271e-07
1.13387e-06
8.61987e-08
-1.33135e-06
1.24515e-06
-8.47365e-08
-1.29483e-06
1.37956e-06
-7.6147e-08
-5.88225e-07
6.64372e-07
1.44981e-07
1.16089e-07
-1.09201e-06
2.8624e-07
8.05772e-07
-4.34615e-07
2.59293e-07
-1.62142e-07
1.5885e-07
-1.36828e-06
-5.45104e-07
5.47341e-07
-3.74277e-07
-1.73064e-07
3.86321e-07
-1.86457e-07
-1.99864e-07
-3.08151e-07
2.53136e-07
-1.33595e-06
2.72319e-07
-6.69109e-07
-4.22902e-07
-4.07557e-08
4.07557e-08
-7.81184e-08
3.96146e-08
3.85039e-08
-4.63099e-07
-2.45256e-07
7.08355e-07
1.19684e-06
3.59193e-07
-2.40573e-07
-8.10894e-08
-1.31325e-06
-1.41841e-06
7.85083e-07
1.41841e-06
-1.32882e-06
-8.95925e-08
8.62445e-08
1.13061e-06
-1.21685e-06
-2.67166e-07
1.72927e-06
-1.46211e-06
-1.13061e-06
1.21681e-06
-3.38944e-07
1.21685e-06
-8.7791e-07
1.0459e-06
-1.23017e-06
1.67991e-07
-1.0459e-06
8.7791e-07
-1.50361e-06
1.62746e-06
-1.23849e-07
1.50361e-06
-1.39197e-06
-1.62746e-06
1.46211e-06
1.65351e-07
-1.21681e-06
1.47671e-06
-1.47671e-06
1.39197e-06
-7.09763e-07
-3.60558e-07
-1.74195e-07
-2.6042e-07
3.66695e-09
1.99184e-07
-8.37732e-07
1.27441e-06
-4.36679e-07
1.55905e-07
-6.07542e-08
-1.17668e-06
-2.09248e-07
-4.90438e-07
6.99686e-07
-1.38337e-06
3.19213e-07
9.24638e-07
3.49773e-07
1.01088e-06
-7.32888e-08
-1.54579e-07
-1.68551e-06
8.17366e-07
-1.02956e-06
1.39018e-08
8.01865e-07
-1.48449e-06
9.40549e-07
-1.62882e-06
-1.08669e-06
-1.25614e-07
1.2123e-06
-7.93705e-07
9.61696e-07
-1.25253e-06
2.39242e-07
1.01329e-06
-9.69499e-07
1.24987e-07
2.61334e-07
-6.02612e-07
1.40448e-06
9.39829e-07
-2.75242e-07
-6.64588e-07
1.51734e-07
-4.80415e-08
-1.39654e-06
-1.11582e-06
2.91334e-08
1.9834e-08
-1.20187e-07
-4.60984e-07
3.84837e-07
1.1755e-07
-4.85049e-08
-6.90452e-08
-9.06454e-07
9.11425e-07
-4.97092e-09
-1.12479e-07
-1.77331e-08
3.33755e-08
2.24184e-07
-5.76562e-07
3.52378e-07
-1.07613e-06
-3.969e-08
-2.77974e-08
-1.585e-08
-6.53657e-08
-5.50538e-08
6.15084e-07
-8.08688e-07
1.93604e-07
-1.70785e-07
2.95527e-07
-1.03323e-06
7.58422e-07
2.74806e-07
-3.35376e-08
8.39267e-07
-1.21803e-07
-8.30264e-08
1.07093e-07
-1.00333e-06
-7.27982e-08
6.35329e-08
-3.29563e-07
2.6603e-07
-1.15742e-07
1.79275e-07
-4.18577e-07
1.74631e-07
2.43947e-07
8.97917e-07
-1.40126e-06
-5.04591e-07
3.80631e-07
1.23961e-07
-4.59376e-07
-3.49313e-07
3.35847e-08
5.13757e-07
7.36945e-07
-1.57385e-07
2.34653e-07
-6.52301e-07
4.17647e-07
1.36607e-07
-3.07391e-07
-1.48117e-07
1.10361e-06
2.07875e-07
-5.61413e-08
1.11672e-07
-3.52245e-07
3.20471e-07
-6.95012e-07
-4.76696e-07
2.67449e-07
4.2078e-07
1.95456e-07
-6.16237e-07
4.76228e-08
-1.05096e-06
8.43139e-08
6.67032e-07
3.46416e-07
7.83156e-08
-1.07613e-06
1.03846e-06
3.76687e-08
-1.58175e-07
4.71782e-07
-1.05371e-06
5.81924e-07
-6.7653e-07
1.14831e-06
-1.83064e-07
-5.98671e-07
4.41324e-07
1.57347e-07
-4.93359e-07
-1.05311e-07
-6.93398e-07
5.84688e-07
1.0871e-07
-6.08046e-07
5.70784e-07
3.72614e-08
-6.74762e-07
6.67165e-08
6.73787e-07
4.20464e-07
6.1516e-07
-2.34529e-07
-5.279e-07
-1.65498e-07
-2.95284e-07
2.5633e-07
-7.15705e-07
-1.1146e-06
4.38073e-07
-6.25017e-07
7.94022e-07
-1.69005e-07
-1.0325e-06
1.44535e-07
-2.69853e-08
2.97691e-07
-9.22709e-07
9.95359e-08
-5.87802e-08
-9.62118e-07
-1.14015e-07
4.72493e-07
-8.45262e-07
1.59391e-06
-7.27326e-07
-8.66581e-07
-1.02064e-06
-3.62731e-07
-8.39797e-07
1.08609e-06
8.52021e-08
7.63182e-08
2.78606e-07
-5.72928e-07
2.94322e-07
3.7126e-07
1.82473e-07
4.32687e-07
-2.3152e-07
5.47282e-07
8.04528e-08
-6.27735e-07
-1.0696e-06
1.0748e-07
-1.57173e-06
9.6912e-07
4.91028e-07
-4.12713e-07
3.41061e-07
-9.6144e-07
6.20379e-07
5.58974e-07
-8.34216e-07
6.50498e-07
4.97815e-07
-1.11935e-07
5.31443e-07
-2.52837e-07
1.00027e-06
-9.21261e-07
-7.90101e-08
4.49344e-07
4.16848e-08
6.45634e-08
-2.38759e-07
2.83538e-07
-4.41714e-07
2.78505e-07
1.40568e-07
-4.19073e-07
-9.57215e-07
5.95942e-07
7.78454e-08
1.16738e-07
9.00096e-07
-3.41122e-07
1.09247e-06
-6.72002e-07
6.17674e-08
5.34175e-07
1.06293e-06
5.30975e-07
-1.74231e-07
-8.95367e-07
-7.14459e-07
8.36758e-07
-1.22299e-07
1.24356e-06
-3.73235e-07
-8.70329e-07
-1.24809e-07
1.03557e-06
-9.10766e-07
9.28438e-07
-9.33171e-07
4.73304e-09
-6.19807e-07
6.81575e-07
1.13032e-07
1.08381e-06
1.12537e-06
-1.01234e-06
4.29058e-07
1.05117e-07
9.83565e-07
-7.8996e-07
4.69838e-07
-2.10935e-07
-2.58903e-07
5.73304e-07
4.96816e-07
7.97452e-08
-3.00412e-07
-4.30404e-08
4.69274e-07
-4.26234e-07
1.05857e-06
-1.18419e-06
-6.76871e-07
9.33201e-07
8.02926e-07
-4.27002e-07
-3.75924e-07
7.92845e-07
-1.74913e-07
-5.87802e-08
7.07047e-07
2.79376e-08
-7.34985e-07
-2.04008e-07
5.97363e-07
-3.93355e-07
3.26309e-08
1.53865e-08
3.26309e-08
-4.70123e-07
9.23181e-07
-4.53058e-07
1.16428e-06
-5.13781e-07
-2.43718e-07
7.4958e-07
-5.05862e-07
-8.95125e-07
5.53281e-08
8.78161e-07
-2.88737e-07
-5.89424e-07
8.11385e-07
3.52894e-07
-4.38435e-07
2.65073e-07
1.73362e-07
-1.50516e-06
1.238e-06
-7.69414e-07
1.11048e-06
9.3624e-08
2.0129e-07
1.06471e-06
1.13598e-06
-3.24597e-07
-1.37457e-07
6.84739e-07
-4.01059e-07
3.58019e-07
2.6583e-07
3.32802e-07
3.53645e-07
1.08104e-07
-8.27015e-08
1.08104e-07
7.17742e-09
-7.40422e-07
8.20875e-07
8.45544e-07
-5.36719e-07
-3.08826e-07
-4.78143e-07
6.60616e-07
1.4324e-07
4.20838e-07
-4.20838e-07
8.49616e-07
-7.94288e-07
3.45515e-07
-6.34252e-07
1.11519e-06
-6.77116e-07
5.16875e-07
3.2867e-07
5.10959e-07
-6.11043e-07
1.10886e-06
-3.7019e-07
-5.30812e-07
-5.92697e-07
-4.23066e-07
1.01576e-06
4.7266e-07
-6.02205e-07
1.08846e-07
1.08381e-06
3.30484e-07
3.22579e-07
1.78877e-07
3.96806e-07
-7.37928e-07
5.3938e-07
-5.3938e-07
-2.12587e-08
1.95889e-07
-3.14209e-08
-3.1484e-07
6.68485e-07
1.04163e-06
-1.23437e-06
1.92738e-07
1.86112e-07
9.49869e-07
-1.03411e-06
7.73567e-07
3.35291e-07
-2.41343e-07
9.94673e-07
-7.5333e-07
1.03728e-06
-7.69378e-07
-2.679e-07
-2.29441e-07
9.51611e-08
-2.52215e-07
1.29384e-06
8.45897e-07
-1.26475e-06
4.1885e-07
-4.08352e-07
4.08352e-07
-1.26194e-06
-4.31012e-07
4.31012e-07
-9.07716e-07
8.81978e-07
-2.22184e-07
-6.59794e-07
3.24696e-07
-3.24696e-07
-5.49369e-07
-3.78354e-07
3.78354e-07
9.18567e-07
-1.12646e-06
2.07895e-07
3.42826e-07
-3.42826e-07
-8.30767e-07
1.03435e-06
-3.72318e-07
-6.62033e-07
8.66187e-07
7.4797e-07
-1.63282e-07
-4.52186e-07
5.40402e-07
-4.31693e-07
1.29849e-06
-4.52593e-07
8.12955e-07
-8.91965e-07
-9.19574e-07
-3.45173e-07
-5.82665e-07
9.05244e-07
-1.75792e-07
1.10468e-06
8.20441e-07
2.4314e-07
6.01408e-07
8.43487e-07
-2.73155e-07
2.51897e-07
3.71737e-07
6.62615e-07
-1.07994e-06
-1.04248e-07
7.31193e-07
2.8457e-07
1.03808e-06
6.65956e-08
1.07415e-06
-1.24276e-07
-1.27285e-06
-5.78442e-07
-3.50837e-07
9.29278e-07
3.93335e-07
-4.51291e-07
5.79558e-08
5.32213e-07
7.66277e-07
-8.75385e-07
-5.77866e-08
3.27252e-07
3.70402e-07
-6.97654e-07
7.25248e-07
-2.92561e-07
-1.11963e-06
-9.46226e-08
-1.78533e-07
2.34944e-07
5.58741e-07
-9.31059e-07
-2.15046e-07
2.15046e-07
-1.31173e-06
6.08234e-07
7.03498e-07
-1.20747e-06
2.87893e-07
8.85993e-07
4.98163e-07
2.27085e-07
-1.2888e-06
6.14921e-07
6.73879e-07
-3.35436e-08
-6.21296e-07
-5.34661e-08
-9.92335e-07
-2.15132e-07
-1.6417e-08
1.0545e-06
3.10133e-07
-8.88574e-07
-7.7952e-07
-1.05932e-07
2.17906e-07
-1.11975e-07
1.05773e-06
8.01653e-08
-1.0916e-06
1.01143e-06
2.76879e-07
7.15132e-07
-9.92011e-07
1.72726e-07
1.06648e-06
1.725e-07
-4.80138e-07
1.00533e-06
-5.25194e-07
-8.7795e-07
1.37287e-07
-2.71172e-07
1.33886e-07
1.13467e-06
2.74701e-07
3.23764e-08
-3.07077e-07
-6.80566e-07
-6.21343e-07
-6.77995e-07
1.29934e-06
1.36552e-07
7.45427e-07
2.78919e-07
-3.49726e-08
-9.19046e-08
9.19046e-08
-7.02655e-07
1.31758e-06
1.15727e-06
-3.60245e-07
-7.97024e-07
2.59455e-07
-3.54078e-07
9.96401e-07
6.13277e-08
-9.2398e-07
1.21187e-06
-1.324e-06
-9.06422e-07
4.18509e-07
4.87913e-07
3.49274e-07
-5.19914e-07
-3.86507e-07
-3.21031e-07
-9.36862e-07
4.56725e-07
1.42936e-07
1.04555e-06
-1.18849e-06
4.66794e-07
3.9191e-07
-8.58704e-07
-8.51628e-07
1.27048e-06
-4.70068e-07
-7.42523e-07
-4.90957e-07
1.23348e-06
1.00091e-06
-3.85681e-07
-6.15231e-07
-1.13873e-06
2.14751e-07
4.85417e-07
3.13553e-08
-7.9097e-07
1.22942e-06
-4.38454e-07
4.14746e-07
-9.68623e-07
1.11156e-06
-4.62396e-07
7.72529e-07
-2.16606e-07
-1.4233e-07
1.15265e-06
-5.52914e-07
-5.99738e-07
6.98577e-07
5.30848e-07
1.17538e-06
-4.76803e-07
6.46355e-07
1.01615e-07
6.29857e-07
1.08208e-06
5.65953e-08
-1.13868e-06
5.94954e-07
5.80425e-07
1.07159e-06
-4.76633e-07
-5.32807e-07
-6.94754e-07
1.22756e-06
4.25368e-07
6.17958e-07
-1.04333e-06
1.3401e-08
-4.64411e-08
3.30401e-08
9.13001e-07
-3.48159e-07
-5.829e-07
5.6085e-07
5.91802e-07
-2.8964e-07
6.8155e-07
-5.79054e-07
-5.89858e-07
1.16891e-06
-2.57771e-07
1.81116e-07
1.46958e-07
-3.28074e-07
-4.17827e-07
-2.79827e-07
-8.80322e-08
-9.18604e-07
1.00664e-06
2.43509e-10
1.08184e-06
-6.40954e-07
3.36842e-07
3.04112e-07
1.23473e-06
3.98133e-07
-1.07319e-06
6.7506e-07
-1.71633e-07
9.81352e-07
-8.09719e-07
-1.25705e-06
-8.17387e-07
3.56352e-07
4.61036e-07
1.34675e-07
7.66532e-07
-7.21239e-07
1.11937e-06
-9.25821e-07
5.25454e-09
9.20566e-07
4.81729e-07
2.57743e-08
-1.06978e-06
1.04401e-06
-5.70585e-07
2.81263e-07
2.89323e-07
9.00046e-07
6.15135e-08
-9.6156e-07
2.70881e-07
-5.60521e-07
-1.14026e-06
-3.37958e-07
4.84916e-07
2.65663e-07
6.28189e-07
-8.93852e-07
8.63185e-07
1.18167e-07
-4.94077e-07
-5.07124e-07
1.0012e-06
4.74159e-07
-5.71933e-08
-3.2191e-07
-7.51283e-07
1.01318e-06
9.83749e-08
3.11087e-07
9.40094e-07
-1.25118e-06
-6.13376e-07
-2.04011e-07
7.57687e-07
-1.95087e-07
-4.13612e-08
8.25838e-07
-7.84476e-07
1.58447e-07
8.01949e-07
-9.60396e-07
5.71121e-07
-1.04792e-06
1.4431e-07
-1.15237e-06
3.89553e-07
7.62822e-07
-6.90397e-07
7.5191e-07
1.15149e-06
-8.40406e-07
8.70097e-07
-1.99415e-07
-6.70682e-07
-7.17149e-07
7.22403e-07
-2.27144e-07
-4.1381e-07
-1.83769e-07
1.83769e-07
-1.5981e-07
1.5981e-07
1.54374e-07
-1.54374e-07
-2.59751e-07
1.53865e-08
1.30492e-07
-1.30492e-07
-1.79869e-07
1.79869e-07
2.11951e-07
-2.11951e-07
1.20122e-07
-1.92554e-07
1.92554e-07
-1.33103e-07
-2.46593e-07
2.46593e-07
1.11362e-07
-1.11362e-07
-1.66569e-07
1.66569e-07
-1.50054e-07
1.50054e-07
-6.60419e-07
1.09973e-06
-4.39312e-07
-2.36956e-07
2.36956e-07
1.3215e-07
-1.3215e-07
-2.40392e-07
9.82811e-07
-7.4242e-07
7.66423e-07
-6.48256e-07
9.11101e-07
-2.14234e-07
1.02276e-06
-5.48605e-07
6.54395e-07
-9.76305e-07
3.43592e-07
-9.31244e-08
2.57832e-07
5.14188e-07
-7.7202e-07
-7.27007e-07
-2.9292e-07
7.10568e-07
2.95794e-07
5.40701e-07
-8.36495e-07
-2.94679e-07
9.95919e-08
-9.98509e-07
-1.89982e-07
-2.30077e-07
-3.30444e-07
6.38577e-07
-9.23583e-07
4.4695e-07
-4.48095e-07
-4.10609e-07
-9.40951e-07
4.46873e-07
6.15915e-07
-9.08835e-07
-1.22766e-06
2.29155e-07
1.73092e-07
-1.70718e-07
-1.8336e-07
-2.70118e-07
6.6107e-08
1.29712e-06
7.60266e-08
3.47617e-08
6.50075e-07
-1.74557e-07
9.12228e-07
-2.06246e-09
7.24466e-07
-4.62637e-07
2.32559e-07
-9.19746e-07
1.07819e-06
-1.05149e-06
2.35328e-07
8.16159e-07
1.15487e-06
-8.8203e-07
-2.72843e-07
3.62345e-07
-9.49054e-07
1.00182e-06
-5.27685e-08
-9.72996e-07
9.31635e-07
-9.95283e-07
8.70214e-07
1.25069e-07
1.22504e-06
-8.35488e-07
-1.70526e-07
-3.52462e-07
-1.01841e-06
8.18998e-07
-7.78539e-07
-1.04491e-06
7.74654e-07
2.70258e-07
1.79763e-07
2.99402e-07
-1.13981e-06
-9.60127e-07
2.17707e-07
-1.32882e-06
-1.0714e-06
3.36056e-07
7.35344e-07
-2.04811e-07
-9.42315e-09
-7.63498e-07
1.15242e-07
5.07723e-07
-2.86492e-07
-1.38704e-07
2.35128e-07
-6.87669e-08
-1.02653e-07
1.7142e-07
-2.82874e-07
3.4301e-07
-1.96247e-07
7.10434e-07
1.29138e-07
2.88265e-08
-6.36482e-08
-1.61513e-07
-8.89974e-07
7.75102e-07
5.42475e-07
1.12723e-06
-8.91901e-07
-1.48198e-07
-4.75844e-07
1.30063e-08
4.62838e-07
-5.90406e-07
-2.25914e-07
-4.51424e-07
5.27451e-07
4.04601e-07
-4.7789e-07
-6.60725e-07
-2.87569e-07
4.92647e-07
-6.83981e-07
1.91334e-07
1.80604e-07
-6.205e-07
5.19844e-07
7.10354e-07
-7.13454e-07
2.51058e-07
7.5683e-07
3.42901e-07
-4.77907e-07
-3.57706e-07
-7.79784e-07
1.13749e-06
1.46172e-06
-5.21176e-07
-2.96746e-07
-4.31966e-07
9.13695e-07
-9.10433e-07
1.25344e-06
3.82978e-07
8.70028e-07
-1.25301e-06
7.88249e-07
4.44088e-07
-7.98799e-07
3.54711e-07
3.81154e-07
-1.29159e-06
-9.99473e-07
5.88864e-07
-1.01102e-06
1.14016e-06
1.90826e-07
-3.29529e-07
9.51971e-07
-2.39065e-07
-7.3724e-07
1.28282e-06
-4.27694e-07
-3.50845e-07
4.876e-07
-3.79222e-07
1.19948e-07
8.06433e-07
9.51611e-07
-1.09981e-06
-1.30001e-07
6.22633e-07
-4.92632e-07
-1.05535e-06
5.76113e-07
4.79238e-07
-5.91649e-07
-1.80371e-07
7.48548e-07
-9.10062e-07
-1.0789e-06
5.53707e-07
5.91338e-07
-3.25981e-07
-2.65357e-07
-3.57599e-07
4.73688e-07
-1.04436e-06
5.74295e-07
-3.98347e-07
-6.01126e-07
1.02302e-06
-2.06861e-07
4.47337e-07
1.10899e-06
-2.8578e-07
-8.23209e-07
-7.81901e-08
-3.57942e-07
1.00387e-07
-1.09596e-06
6.97615e-07
-3.60617e-07
-8.30714e-07
-5.28183e-07
9.16767e-07
-3.88584e-07
-1.1404e-06
-5.66464e-07
9.09365e-07
-4.555e-07
2.3997e-07
-2.4864e-07
-4.35341e-07
-8.4425e-07
-7.23433e-07
2.91467e-07
-9.94622e-07
4.35169e-07
5.59453e-07
-1.052e-06
4.33747e-07
6.18248e-07
4.42262e-07
-9.65873e-07
1.201e-06
-1.11387e-06
6.58366e-07
-8.00317e-07
1.64672e-08
-1.1912e-07
1.67418e-07
9.57855e-07
-1.12527e-06
4.52683e-07
-7.65986e-07
-3.70506e-07
5.4969e-07
-1.79184e-07
-5.64345e-07
-5.00971e-07
1.06532e-06
1.30901e-06
7.63244e-07
6.9848e-07
8.36382e-07
-1.13313e-06
4.16251e-07
3.68736e-07
-1.95374e-07
4.64757e-07
6.1467e-08
-9.36852e-07
-3.27466e-07
1.93095e-07
1.34371e-07
-5.04606e-07
8.60752e-07
-3.47784e-07
-5.12968e-07
-5.66752e-07
-8.99426e-07
3.7825e-07
-3.86617e-07
7.13444e-07
-3.26828e-07
-5.69933e-07
-3.0402e-07
-3.34974e-07
-4.44072e-07
7.79046e-07
-5.18068e-07
-4.22882e-07
8.73159e-07
-1.24611e-07
4.608e-07
6.58572e-07
1.64416e-07
-6.57048e-07
4.23924e-07
-4.07457e-07
-4.17659e-07
-3.6509e-07
-4.33709e-07
-6.76134e-08
-2.59853e-07
1.09455e-06
-5.40844e-07
1.2449e-07
3.49198e-07
6.66298e-07
5.24618e-07
9.93396e-08
1.98773e-07
-2.98113e-07
-3.86859e-07
1.1501e-06
-2.85792e-07
-6.13633e-07
2.83626e-07
3.07712e-07
-4.3787e-07
-3.56592e-07
7.94462e-07
-1.10519e-06
-6.76625e-07
-8.63156e-07
-1.6689e-07
-7.39743e-08
2.40864e-07
-6.16827e-07
-3.52982e-07
6.36608e-07
4.50357e-07
1.05199e-07
-5.55557e-07
-1.01904e-06
-5.97188e-07
1.07643e-06
2.19458e-07
2.14068e-08
-7.09574e-07
2.44833e-07
2.05524e-07
1.04703e-06
1.11903e-06
-2.76483e-07
6.1456e-07
-1.11917e-06
-1.13191e-06
2.40013e-07
-1.74059e-07
5.58192e-07
-1.08281e-06
4.85622e-07
4.59599e-07
8.93115e-07
2.43044e-07
-6.29661e-07
-4.90629e-07
-1.01246e-06
-8.73541e-08
2.91944e-07
-6.17925e-07
5.97707e-07
3.61464e-07
4.30561e-07
-7.92025e-07
-6.31675e-07
1.04717e-06
-4.15492e-07
1.07586e-06
-4.50545e-07
2.69372e-07
4.1763e-07
-7.65414e-07
5.60005e-07
-2.90633e-07
-3.47874e-07
-3.87675e-07
-5.7543e-07
9.63105e-07
-1.0761e-06
-6.34545e-07
1.06829e-06
-2.93224e-07
5.44282e-07
-9.9599e-08
4.62067e-08
5.33923e-08
4.95158e-07
2.83888e-07
-2.00992e-07
-7.99484e-07
1.00048e-06
5.15802e-08
-4.84854e-07
4.33273e-07
-3.41337e-07
-3.95159e-08
1.38856e-07
-3.35677e-07
2.36078e-07
-1.01935e-06
1.06187e-06
-6.02266e-07
2.10849e-07
-1.06403e-06
5.92029e-07
-9.80613e-07
2.05317e-07
-5.41358e-07
2.48133e-07
1.0174e-06
2.66058e-08
-9.73914e-07
3.91014e-07
1.943e-07
-5.5444e-08
4.2732e-07
2.65043e-07
4.45392e-07
-2.56246e-07
6.61485e-07
8.76626e-07
4.39402e-08
4.38391e-07
-1.04066e-06
-9.41537e-07
4.2857e-07
-1.05155e-06
3.89521e-07
5.55036e-07
4.46166e-07
1.0158e-06
-3.97554e-07
5.36939e-07
-2.93895e-07
5.70047e-07
3.42181e-07
2.64241e-07
3.69076e-07
1.90929e-07
2.46306e-07
6.52801e-07
5.55012e-08
2.0874e-07
2.10511e-07
3.39179e-07
5.05311e-07
-7.50496e-07
2.45185e-07
-1.06362e-06
6.6054e-07
4.0308e-07
-1.0811e-06
5.90469e-07
-3.97482e-07
4.97553e-08
-6.04983e-07
-3.68931e-07
-5.42222e-07
-6.52964e-07
2.35304e-07
1.38732e-07
-3.45803e-07
-4.10819e-07
9.20917e-07
4.0102e-08
6.84364e-07
5.48398e-07
-3.49625e-07
-1.33604e-07
-1.62663e-07
-1.73014e-07
-5.94714e-07
-3.46823e-07
-3.06054e-07
-4.22526e-07
2.92152e-07
-4.73834e-07
-6.79841e-07
-3.7123e-07
1.05107e-06
8.39146e-07
-7.77679e-07
9.16728e-07
6.44044e-07
-4.42647e-07
1.46257e-07
2.9639e-07
-1.10845e-06
1.02109e-06
-3.6422e-07
9.41245e-07
-5.77024e-07
8.20801e-07
1.83448e-08
3.57304e-07
7.928e-07
4.70728e-07
-8.02116e-07
4.75289e-07
1.06134e-06
-3.83923e-07
-4.18194e-07
-1.01724e-06
-8.42765e-07
-1.02987e-06
3.50024e-07
-4.48058e-07
7.21331e-07
-2.73273e-07
1.02173e-06
6.99073e-07
8.3509e-07
-3.14802e-07
-2.2795e-07
5.42752e-07
-1.07462e-06
9.86586e-07
2.22414e-07
-9.75744e-07
1.0743e-06
-6.84775e-07
3.73489e-07
4.20973e-07
-4.03033e-07
-4.85967e-07
-7.03066e-07
1.0748e-06
6.55903e-07
-6.76008e-07
3.53016e-07
2.83592e-07
-6.04239e-07
-1.07162e-07
-5.66043e-07
2.01823e-07
8.25534e-07
-4.95062e-07
7.60725e-07
3.2349e-07
-9.90725e-07
6.67235e-07
7.20439e-07
3.54364e-07
1.7872e-06
-1.83689e-06
4.96853e-08
7.26505e-07
-4.94128e-08
6.69027e-07
-2.38466e-07
-2.18381e-07
6.07982e-07
-3.89602e-07
9.30089e-07
-4.83924e-07
-1.04182e-07
1.06457e-06
3.87868e-07
-1.06204e-06
1.66676e-07
-8.05231e-07
1.07027e-06
-3.49834e-07
5.70507e-08
-8.3473e-07
1.07209e-06
-2.99246e-07
-7.72845e-07
4.71481e-07
6.89211e-08
-8.09277e-07
1.07134e-06
-2.6206e-07
-5.42344e-07
7.91229e-07
-2.48885e-07
2.26269e-07
1.27183e-07
-5.30216e-07
4.88267e-07
-2.77148e-07
-1.05318e-06
-3.84151e-08
-3.32179e-08
-8.67846e-07
-5.55821e-08
-3.7979e-07
-6.58514e-08
-2.32261e-07
9.57158e-07
-4.57214e-07
3.45239e-07
7.82907e-07
-5.07824e-07
-2.29715e-07
7.37539e-07
-2.85351e-07
-2.48348e-07
5.33698e-07
4.53741e-07
-1.05348e-06
3.19402e-07
1.06875e-07
8.09853e-07
5.23363e-07
8.11197e-07
2.62814e-07
7.41261e-07
3.29012e-07
4.29593e-07
5.11652e-07
4.27598e-07
2.64274e-07
-6.91872e-07
-1.00208e-07
5.20071e-07
1.40544e-07
-1.09397e-06
3.08311e-07
9.82418e-07
-6.97848e-07
-3.78755e-07
-2.3917e-07
-6.93816e-07
7.50866e-07
1.00158e-07
4.75464e-07
3.54945e-08
-6.21319e-07
7.83396e-07
-1.62076e-07
-3.21349e-07
-5.61514e-07
7.70277e-07
-2.08763e-07
-2.85692e-07
9.65418e-07
-6.79725e-07
8.30965e-07
1.46241e-07
7.75773e-07
-1.54542e-08
-7.60319e-07
3.44961e-08
1.70821e-07
1.06475e-06
8.51779e-07
2.19558e-07
2.37425e-08
-5.41659e-07
5.17917e-07
1.01189e-06
-4.16282e-07
-6.78048e-07
7.65505e-07
1.714e-08
1.29101e-07
1.06001e-06
-2.94509e-07
6.62055e-07
-8.42056e-07
8.60401e-07
-7.33349e-07
3.95333e-08
1.48957e-07
-8.17004e-07
1.38956e-07
7.97953e-07
6.94909e-08
7.13905e-07
-1.47395e-08
5.32434e-08
-8.39629e-07
-5.89548e-07
9.20032e-07
5.73096e-07
9.17261e-07
-1.71835e-07
-6.63858e-07
-1.20825e-07
-1.03573e-07
4.96908e-07
-6.64311e-08
1.05715e-06
-2.59194e-07
7.99515e-07
8.30993e-07
8.62685e-08
7.36857e-07
6.26582e-08
-9.04567e-07
-1.1052e-07
1.01509e-06
2.84152e-07
-1.08118e-06
4.12276e-07
-8.18859e-07
-1.17993e-07
9.22734e-07
-9.17413e-08
-5.81658e-07
-2.41417e-07
8.23075e-07
-9.39684e-07
-6.98268e-08
-2.61353e-07
3.31179e-07
2.17519e-07
-8.01464e-08
-2.84852e-07
-4.61989e-07
7.46841e-07
-8.85816e-07
2.21228e-07
4.46733e-07
8.10584e-07
-6.31473e-07
5.70626e-07
-4.28073e-07
6.71213e-07
-1.13086e-07
-1.72265e-07
5.03269e-07
-2.23731e-07
4.18036e-07
-5.2957e-07
-2.77371e-08
5.57307e-07
-4.49915e-07
-3.18483e-07
7.68398e-07
6.10489e-07
-3.26898e-07
-4.69763e-07
9.0728e-07
-7.47156e-07
-1.02256e-06
-2.65517e-07
-8.66723e-07
-5.84389e-07
5.48187e-08
-9.12279e-09
4.55856e-07
6.15095e-07
-1.50686e-06
8.91763e-07
-7.88056e-07
1.06806e-06
-9.01383e-07
1.51188e-07
1.43301e-06
-1.11379e-06
-7.47252e-08
-1.01106e-06
1.55296e-07
2.40736e-07
2.8914e-07
-1.45787e-06
-2.86393e-07
7.01787e-07
8.11193e-08
-8.85716e-07
9.14305e-07
-2.86116e-07
9.5754e-07
2.0845e-08
-1.01123e-06
9.9038e-07
-2.56115e-07
9.21535e-07
-6.65421e-07
1.06502e-06
3.64272e-07
-6.25373e-09
1.0693e-06
8.28229e-07
-8.37351e-07
-1.00765e-06
1.41223e-07
8.66424e-07
9.74234e-07
-3.06999e-07
-1.08775e-06
6.59681e-07
-4.92567e-07
-9.3031e-07
7.68233e-07
1.01827e-06
4.67476e-08
1.03361e-06
-1.2094e-06
6.37673e-09
8.21852e-07
1.05594e-06
1.79316e-07
-3.7469e-07
-5.55976e-08
3.82919e-07
1.64439e-07
2.10089e-07
2.83095e-07
-9.04294e-07
8.18308e-07
8.59855e-08
-1.67915e-07
-8.54645e-07
5.01601e-07
-7.87293e-07
1.0261e-06
-8.06537e-07
8.60829e-07
-3.14577e-07
-5.46252e-07
4.83287e-07
2.9291e-07
-1.56476e-08
2.63307e-07
-2.47659e-07
3.30505e-07
3.57825e-07
-1.07679e-06
1.04324e-06
2.97839e-07
2.3586e-07
2.67918e-07
5.0461e-07
-1.13687e-06
1.03262e-06
9.573e-07
-6.72021e-07
-3.75903e-07
-7.12773e-07
-2.17537e-07
-1.01034e-06
6.25744e-07
-3.99767e-07
2.81727e-08
3.71594e-07
-1.99761e-07
7.61261e-07
-1.01738e-06
-2.96523e-07
-3.95349e-07
-9.36299e-08
-7.16255e-07
-1.14265e-06
-1.24716e-06
1.7678e-07
-1.14628e-06
-1.36566e-07
-1.06803e-06
2.95184e-07
7.20526e-07
-8.45595e-07
-1.7145e-07
1.57409e-08
2.72771e-07
-5.69476e-08
5.51291e-09
9.01767e-07
-1.00405e-06
-1.29146e-07
-3.00848e-07
-5.29919e-07
3.43115e-07
7.07957e-07
2.99672e-07
4.20827e-07
7.99439e-07
5.87556e-07
7.06224e-07
3.1654e-07
6.12739e-07
1.16832e-06
7.96997e-07
8.68666e-07
-8.15897e-07
5.66364e-07
-1.01215e-06
9.73734e-07
-5.04198e-07
-1.02407e-06
-7.39017e-07
1.34409e-07
-1.06236e-07
2.7131e-07
-4.73098e-08
1.76881e-07
1.11631e-07
-2.92268e-07
3.70458e-07
1.65421e-07
1.06051e-06
-7.87671e-07
-1.08228e-07
2.88831e-07
7.22192e-07
-1.00831e-06
3.23303e-07
-1.06232e-06
2.6952e-07
-5.76462e-07
1.084e-06
1.44499e-07
6.53285e-10
-6.48186e-07
9.91301e-07
-5.44704e-07
-4.90929e-07
8.67315e-07
-6.94815e-07
-9.47579e-07
1.2155e-06
-2.67922e-07
1.27913e-06
-2.29212e-07
-6.85005e-07
-6.22929e-07
1.96962e-07
-9.96447e-07
-1.16271e-06
9.90374e-07
2.73989e-07
5.47863e-07
3.74749e-07
4.03416e-07
9.89793e-07
-7.96969e-08
8.2115e-07
-9.62763e-07
6.03882e-07
-3.63912e-07
-5.57775e-07
9.64425e-07
-9.46319e-07
-4.49826e-07
-4.25564e-07
-4.72026e-08
-4.37651e-07
1.63548e-07
-1.8396e-08
2.84221e-07
-9.13514e-07
4.51524e-07
-8.80143e-07
6.12244e-07
1.12635e-06
-9.29388e-07
-9.57216e-07
6.38732e-07
-5.05395e-07
4.24686e-08
-3.06297e-07
2.87051e-07
-1.39947e-07
-3.98082e-07
-3.04751e-07
2.43199e-07
1.31329e-07
-1.06935e-07
1.08067e-06
-4.01111e-07
-2.74897e-07
-2.24633e-07
1.09411e-06
-1.39513e-06
4.98324e-07
8.57491e-07
-4.59773e-07
3.19021e-07
-7.21497e-07
8.62719e-07
-5.4529e-07
1.55688e-07
9.71889e-08
1.89774e-07
3.0855e-07
-7.40774e-08
3.35667e-07
-6.73064e-07
-4.4209e-07
6.52155e-08
-8.66341e-07
-3.08626e-07
1.18964e-06
4.28774e-07
8.02018e-07
-1.89656e-07
-7.68699e-07
8.58428e-07
-1.5128e-07
2.3932e-07
-1.74105e-07
4.53373e-07
-4.88135e-07
1.02282e-08
-3.33184e-08
2.11198e-07
-1.46635e-07
3.98495e-07
-3.16557e-07
5.55936e-08
-2.0371e-07
1.45706e-08
-4.58769e-07
-2.21507e-09
3.13851e-07
-3.91502e-08
3.47224e-07
-4.74623e-07
1.49553e-06
-7.23905e-07
1.85844e-07
5.54769e-07
-3.6852e-08
-8.67826e-07
8.35994e-07
8.90343e-08
7.20651e-08
-1.61099e-07
1.36498e-07
2.53096e-07
3.53971e-07
-4.99595e-07
-6.8749e-07
3.29328e-07
-3.37322e-07
2.45962e-07
3.99287e-07
-2.08359e-07
5.73095e-07
-3.32635e-07
1.09996e-07
-5.6869e-07
2.92206e-07
4.74157e-07
-4.66174e-08
1.8005e-07
5.3127e-07
2.81455e-07
-1.04936e-06
2.55656e-07
6.41022e-07
-2.28901e-07
3.9733e-07
-1.68429e-07
7.85662e-07
7.18366e-09
4.96509e-07
7.77691e-07
4.06927e-09
5.37777e-07
-2.4631e-07
6.40042e-07
8.5549e-07
-6.88433e-07
-1.19987e-06
-8.51175e-07
1.17287e-07
5.39761e-07
7.85662e-07
7.32475e-07
6.16774e-08
-1.89471e-07
-4.94105e-07
2.54935e-07
1.16815e-06
-1.24288e-06
-1.49217e-07
-1.22828e-06
2.09715e-07
2.23595e-09
-2.13399e-07
-2.35572e-08
1.55361e-07
-2.48686e-08
1.74396e-07
-2.00212e-08
-1.3454e-07
-2.40623e-07
-1.54845e-07
-1.99545e-07
-1.74396e-07
1.3454e-07
1.99545e-07
-6.99097e-09
-1.63309e-07
-3.25986e-09
2.40623e-07
1.54845e-07
2.09715e-07
-2.13399e-07
1.55361e-07
-1.63309e-07
7.23072e-07
-5.17548e-07
-1.97841e-07
7.22271e-07
-6.01553e-07
-2.73047e-07
2.73047e-07
-1.97841e-07
-4.67957e-07
7.53017e-07
3.9986e-07
3.68511e-07
-2.37182e-07
1.00445e-06
9.8114e-07
-6.19817e-07
-1.81495e-07
-2.27443e-09
1.81495e-07
-1.49256e-08
-9.68174e-07
-7.17331e-07
2.63734e-08
-2.79086e-07
2.0222e-08
6.88123e-08
-6.41523e-08
5.59292e-08
4.846e-08
2.10165e-07
-1.33091e-06
-1.01506e-07
-5.11684e-07
5.39621e-07
4.4539e-07
2.14802e-07
-1.30741e-06
1.07543e-07
-2.21466e-07
4.02096e-07
1.28162e-07
2.17246e-07
-3.8403e-07
-1.03907e-06
9.07956e-07
1.31118e-07
6.94358e-07
-1.63088e-07
-1.69204e-07
1.69204e-07
-3.17617e-07
-2.63509e-07
-1.12736e-06
2.0869e-07
-8.75479e-08
8.52735e-08
2.0007e-07
-1.23914e-06
6.70692e-07
-3.92008e-07
1.81073e-07
-1.16245e-07
8.72027e-07
1.12213e-06
-1.5089e-08
-1.09588e-07
2.85356e-07
-6.04261e-07
2.64861e-08
-2.00591e-07
2.84902e-07
-3.90822e-07
-1.22675e-07
-1.2937e-07
1.55856e-07
3.97131e-07
-1.59263e-07
-8.95541e-08
8.95326e-07
-3.83906e-07
2.9404e-07
-2.9404e-07
1.90664e-07
-6.89508e-09
-1.90664e-07
-1.45461e-08
-3.93805e-07
3.93805e-07
4.58581e-07
-2.44492e-07
-2.06508e-07
-1.00033e-06
-1.07244e-08
-4.25317e-07
-8.22634e-09
1.42635e-07
-1.70369e-07
-3.78122e-07
-4.06968e-07
-9.01086e-07
4.36559e-07
5.44581e-07
3.51052e-07
-1.52216e-07
-4.03341e-07
-3.35376e-08
-1.48789e-07
-8.26097e-07
8.26097e-07
4.04904e-07
1.83939e-07
-3.5926e-07
-5.53862e-07
9.62251e-08
8.4633e-07
-9.42555e-07
2.71456e-07
3.6289e-08
9.73518e-08
-7.52105e-08
-7.50735e-08
7.55906e-07
1.84304e-08
2.49351e-07
-3.73278e-08
-6.89082e-08
3.36156e-08
-3.36156e-08
2.13419e-07
1.83911e-07
4.49826e-07
4.19255e-08
4.892e-08
-9.08455e-08
-3.91639e-08
8.55836e-08
-2.07958e-07
1.22675e-07
-3.94807e-07
2.07958e-07
-2.14705e-07
9.74463e-08
1.17259e-07
8.98436e-07
-2.09282e-08
-7.74383e-07
-3.93839e-07
-1.41773e-06
8.40121e-07
5.77612e-07
2.17246e-07
-2.67924e-07
-1.68429e-07
2.67924e-07
1.62292e-07
4.24425e-08
-1.82389e-07
5.54166e-09
-5.27544e-08
-5.54166e-09
5.27544e-08
-1.1089e-07
1.1089e-07
1.16919e-06
1.63567e-07
-5.34443e-07
-2.6795e-07
-6.35856e-08
-2.39623e-08
4.69298e-08
1.12881e-07
-1.12881e-07
-7.23905e-07
-1.59494e-07
7.50735e-08
-6.9124e-08
-2.37071e-08
-1.83939e-07
-2.85051e-07
-1.89818e-07
4.29407e-08
9.50491e-08
1.28685e-06
8.04307e-08
-3.2674e-07
8.45052e-08
-5.19434e-08
-2.06508e-07
-9.62499e-07
6.54789e-07
4.88876e-07
-1.01404e-07
-8.50374e-08
2.57605e-08
2.28218e-07
-8.14776e-08
-9.35565e-08
3.38251e-07
1.21522e-07
-6.29086e-07
4.76871e-07
4.94909e-07
2.13445e-07
-1.45128e-08
1.1243e-06
-2.52272e-07
7.51619e-08
-9.78153e-08
2.34264e-07
-3.58139e-08
7.69975e-08
-2.13419e-07
-1.29407e-07
8.5549e-07
-1.7795e-07
8.84295e-08
3.66577e-07
-8.23869e-08
-1.63567e-07
2.36888e-07
-4.18166e-07
2.63815e-07
8.93903e-07
-4.319e-08
4.79787e-09
3.35785e-07
2.6064e-07
-2.69127e-07
-9.83112e-07
4.05576e-08
-1.16797e-07
-3.4534e-08
1.35589e-07
2.14979e-07
-7.32527e-07
6.71876e-08
5.07395e-08
-3.08574e-08
2.02776e-07
-1.76026e-08
-3.97357e-07
-2.57894e-07
1.6503e-07
)
;

boundaryField
{
    back
    {
        type            empty;
        value           nonuniform List<scalar> 0();
    }
    front
    {
        type            empty;
        value           nonuniform List<scalar> 0();
    }
    top
    {
        type            calculated;
        value           nonuniform List<scalar> 
15
(
-3.96032e-07
-3.74528e-07
-2.88512e-07
-2.24e-07
-2.88512e-07
-1.45152e-07
-1.45152e-07
-3.74528e-07
-3.96032e-07
-3.38688e-07
-5.1968e-08
-5.1968e-08
-3.38688e-07
-4.032e-07
-2.24e-07
)
;
    }
    outer_arc
    {
        type            calculated;
        value           uniform 0;
    }
    bottom
    {
        type            calculated;
        value           nonuniform List<scalar> 
15
(
1.53193e-06
1.08578e-06
-3.27322e-07
-7.76198e-07
1.44939e-06
-1.96531e-06
-1.39321e-06
1.38571e-06
-1.18708e-06
1.2757e-06
1.91854e-07
-1.07545e-06
1.67612e-06
7.35951e-07
1.4331e-06
)
;
    }
    inner_arc
    {
        type            calculated;
        value           uniform 0;
    }
}


// ************************************************************************* //
