/*--------------------------------*- C++ -*----------------------------------*\
  =========                 |
  \\      /  F ield         | OpenFOAM: The Open Source CFD Toolbox
   \\    /   O peration     | Website:  https://openfoam.org
    \\  /    A nd           | Version:  9
     \\/     M anipulation  |
\*---------------------------------------------------------------------------*/
FoamFile
{
    format      ascii;
    class       surfaceScalarField;
    location    "0.85";
    object      phi;
}
// * * * * * * * * * * * * * * * * * * * * * * * * * * * * * * * * * * * * * //

dimensions      [0 3 -1 0 0 0 0];

internalField   nonuniform List<scalar> 
2420
(
1.58397e-07
-3.37082e-07
1.78685e-07
1.7822e-07
-1.7822e-07
6.335e-07
-7.52584e-07
1.19084e-07
-1.05461e-06
1.05461e-06
-5.02999e-07
2.26658e-07
2.76341e-07
1.16559e-07
-1.60123e-07
4.35641e-08
1.89248e-07
4.44252e-07
-6.03103e-07
3.52677e-08
5.67836e-07
1.16142e-06
-1.24945e-06
8.80286e-08
-3.67889e-07
-1.3511e-07
-9.9319e-07
7.32727e-07
2.60463e-07
-2.89566e-07
-7.03624e-07
-6.03103e-07
-8.89042e-08
-5.28103e-08
1.41715e-07
2.96308e-08
-4.19898e-07
3.90267e-07
-2.37871e-08
8.62665e-08
-6.24794e-08
1.79108e-07
2.1324e-07
-3.92348e-07
2.50194e-07
-4.48325e-07
1.98131e-07
1.4734e-07
-2.02461e-07
5.51208e-08
-1.20448e-07
3.15443e-08
-6.99902e-08
2.12375e-07
-1.42384e-07
1.48746e-08
-3.72042e-07
4.97463e-07
-1.25422e-07
-4.69747e-07
9.77051e-08
-2.41583e-07
3.9998e-07
2.75031e-08
1.51605e-07
2.4778e-08
-4.85651e-08
-4.08651e-07
-8.13462e-07
1.22211e-06
-9.75935e-07
5.67284e-07
1.9851e-07
-9.80633e-08
-1.00447e-07
-6.52273e-07
-4.40883e-07
1.09316e-06
3.93688e-07
6.64679e-07
-1.05837e-06
-4.46987e-07
4.32081e-07
1.4906e-08
4.94883e-07
-1.66455e-08
-4.78237e-07
-1.72126e-07
4.2232e-07
2.38767e-07
2.56116e-07
-1.85561e-09
1.18415e-07
8.18233e-08
9.63967e-08
-4.5229e-08
-4.01758e-07
1.88321e-08
-1.97052e-07
3.59308e-08
-1.05921e-07
4.32008e-07
7.29068e-08
-5.04915e-07
3.25547e-07
-3.70776e-07
2.29734e-07
-2.36544e-07
6.81054e-09
1.01959e-07
-5.55456e-08
-4.64132e-08
-1.99176e-08
-1.03469e-06
3.55494e-07
6.99114e-07
1.02732e-07
-7.73341e-10
-2.14223e-07
3.57376e-07
-1.43153e-07
-5.55261e-08
3.81073e-07
-1.38812e-08
-1.46242e-07
-3.58896e-07
-4.84208e-07
5.13838e-07
-8.14408e-07
-4.35046e-07
1.10825e-07
9.73241e-08
-2.0815e-07
1.3471e-07
4.6725e-08
-1.81435e-07
9.73954e-09
3.09813e-08
-4.07208e-08
9.11706e-07
-1.78979e-07
-1.15804e-06
1.25734e-06
-9.93077e-08
1.08413e-07
2.62968e-08
1.91672e-07
-8.43945e-07
-8.87592e-08
3.73611e-08
5.13981e-08
1.04659e-07
-4.41741e-07
-7.42052e-07
7.7732e-07
1.90096e-07
-2.11527e-07
2.14315e-08
-8.51681e-07
4.10798e-07
-1.12332e-07
-2.42265e-07
3.54597e-07
-6.74955e-07
1.09498e-06
-4.20027e-07
1.39229e-07
-3.11355e-07
-3.77385e-08
2.36751e-07
-6.62432e-07
1.65918e-07
-2.6039e-07
9.4472e-08
-1.65445e-07
-2.54453e-07
-1.48512e-08
2.38864e-07
-2.24012e-07
-9.70081e-08
5.35016e-08
4.35065e-08
-9.4089e-07
-3.50456e-08
-7.49749e-08
2.14204e-07
4.56703e-08
9.53766e-08
1.03134e-07
6.34125e-08
1.26684e-07
-8.5728e-08
-1.12801e-08
2.5216e-07
-1.41335e-07
4.10571e-08
1.88677e-07
1.14285e-07
1.65013e-07
-2.79298e-07
-2.2169e-07
-6.82866e-08
2.89976e-07
1.86142e-07
-2.00993e-07
2.36156e-07
-7.02383e-08
-3.50851e-07
1.10182e-07
2.40669e-07
-3.16885e-07
1.0753e-07
2.09356e-07
-1.29712e-07
-1.87173e-07
3.65873e-07
-2.46789e-07
-2.81036e-08
1.75444e-07
4.76558e-08
-2.61879e-07
5.59574e-08
-3.77689e-08
-1.81885e-08
-1.04886e-07
-9.75744e-08
4.4112e-08
-1.56444e-07
-1.24729e-06
8.92569e-08
-1.08551e-07
7.7323e-07
-4.68127e-07
1.71916e-07
2.96212e-07
4.03323e-07
-3.74504e-08
-2.85257e-08
1.30847e-07
-1.02321e-07
2.08972e-07
1.48405e-07
-1.99378e-07
1.70852e-07
2.40618e-07
-2.69491e-07
2.88726e-08
-9.04792e-08
1.71998e-09
-8.59091e-07
1.59815e-07
6.99275e-07
7.22527e-09
-1.05289e-07
-1.91111e-07
-2.77017e-07
2.19351e-07
-1.72626e-07
-7.26563e-09
-3.32764e-07
3.40029e-07
3.46559e-07
-6.36125e-07
2.31959e-07
-1.26081e-08
3.21926e-07
-2.07641e-07
7.97878e-07
-1.24576e-07
-6.73302e-07
-3.51401e-07
-7.26895e-07
-1.32196e-07
1.23743e-06
-5.02661e-08
-3.00585e-07
2.10847e-07
2.97707e-08
6.51885e-08
1.66771e-07
1.23483e-07
-2.24454e-07
1.00971e-07
1.89772e-07
-5.89465e-07
3.99693e-07
-6.19142e-07
-1.86563e-07
8.05705e-07
-2.08942e-07
2.53054e-07
-6.84051e-07
1.58432e-07
5.25619e-07
-3.24583e-07
2.69057e-07
6.84581e-08
-1.25007e-08
7.95093e-08
6.7572e-09
1.74187e-07
-3.72534e-07
1.98347e-07
3.91474e-07
-2.13893e-07
-1.77581e-07
-3.39752e-07
3.32487e-07
-8.92065e-07
1.50013e-07
-4.37798e-07
-2.46253e-07
-4.20445e-08
4.20445e-08
1.46613e-07
1.07247e-07
-2.5386e-07
-2.91185e-07
-1.73863e-07
4.65048e-07
-4.84208e-07
3.09813e-08
1.02142e-08
-2.52479e-07
1.08413e-07
-1.59429e-08
4.07208e-08
1.59429e-08
1.2179e-08
-2.81218e-08
-3.20642e-08
1.57628e-07
-1.25564e-07
2.08877e-07
3.92348e-07
-6.01225e-07
-1.57628e-07
2.81111e-07
-5.53044e-08
1.25564e-07
-7.02593e-08
9.14853e-08
-2.62968e-08
2.1226e-08
-9.14853e-08
7.02593e-08
-9.01419e-07
9.23567e-07
-2.21486e-08
9.01419e-07
-7.09747e-07
-9.23567e-07
6.01225e-07
3.22343e-07
-2.81111e-07
5.19975e-07
-5.19975e-07
7.09747e-07
2.41113e-07
-3.094e-07
-2.93656e-08
-2.95218e-07
1.41228e-08
-2.2565e-07
-1.32219e-07
1.46478e-07
-1.42587e-08
7.09834e-08
-1.35966e-07
-1.87523e-07
5.37268e-08
-2.72319e-07
2.18592e-07
-9.68712e-07
1.54304e-07
1.42466e-07
4.01148e-09
1.10402e-07
-3.11535e-07
-9.35757e-07
-1.24851e-06
5.83724e-07
-7.083e-07
-7.8095e-08
-2.20454e-08
-5.29295e-08
5.8483e-07
-3.7159e-07
-4.1898e-07
7.71686e-08
3.41812e-07
-1.45483e-07
1.66709e-07
-8.92242e-07
1.06741e-07
7.85501e-07
-7.32427e-07
1.2095e-07
2.70524e-07
4.22373e-08
-6.42827e-08
1.04793e-07
2.69433e-07
-3.74226e-07
-1.00037e-07
-2.04118e-08
-7.39056e-08
-2.7132e-07
-1.47661e-07
4.35144e-08
-5.73956e-08
-6.794e-07
6.02582e-08
5.91034e-08
4.02508e-08
-9.93541e-08
-4.36957e-07
8.68327e-08
3.50124e-07
-6.73344e-08
-1.83936e-08
-3.32164e-07
2.86232e-07
7.93052e-08
-3.65537e-07
-3.98536e-07
1.27216e-07
-4.67873e-08
-8.75827e-09
-8.29816e-08
1.20343e-07
-2.49909e-07
5.53502e-09
2.44374e-07
-9.76721e-07
6.17825e-07
-4.65363e-07
5.96597e-08
4.05703e-07
-3.48192e-08
3.63228e-08
-3.7853e-07
-2.00627e-07
3.10809e-07
-1.95888e-07
-2.02648e-07
2.72094e-09
-5.12283e-07
5.09562e-07
-3.75344e-07
3.78065e-07
-1.14489e-08
-1.59446e-07
1.70895e-07
5.32602e-08
1.59114e-07
-4.26434e-07
3.75263e-07
5.11705e-08
2.16035e-07
-2.105e-07
-2.23581e-07
3.97768e-07
-1.39687e-07
1.23042e-07
1.25394e-06
-9.94225e-07
-2.59719e-07
-4.01903e-07
-5.74818e-07
1.65445e-07
7.42156e-07
1.56172e-08
-1.15654e-07
4.27299e-07
-4.17085e-07
1.14052e-07
1.24715e-07
7.06625e-08
-1.69358e-08
-3.25453e-07
1.02326e-06
-6.9781e-07
1.17035e-07
-3.12923e-07
3.53978e-08
9.37716e-08
3.41057e-07
9.10237e-08
-4.27081e-07
3.86658e-07
4.04226e-08
-8.53763e-08
4.58304e-07
-4.88922e-07
3.06182e-08
-3.78375e-08
4.96142e-07
-1.98622e-07
-3.66822e-07
-2.7678e-07
6.43602e-07
1.62533e-07
-5.29355e-07
-3.98875e-07
4.85564e-07
-8.66894e-08
2.57978e-07
1.83891e-08
-2.76367e-07
-2.51088e-07
5.09066e-07
1.0584e-07
1.08364e-07
4.39411e-07
-6.41478e-08
-4.63776e-07
6.49009e-08
-4.29263e-07
1.39233e-07
7.68025e-08
-4.69152e-07
4.31314e-07
5.94666e-07
4.76767e-07
-1.07143e-06
2.16071e-07
8.39665e-08
-2.48631e-08
1.23823e-06
-6.43567e-07
4.51263e-08
-3.08185e-09
-3.9102e-07
-3.60613e-08
-1.4826e-07
7.80216e-08
1.14029e-06
-5.5103e-07
-5.89258e-07
-7.54233e-07
-2.1448e-07
-6.34485e-08
5.03693e-07
-1.75153e-07
-6.13915e-08
1.99694e-07
-1.36277e-07
-6.3417e-08
8.52041e-07
1.4341e-08
4.2507e-07
-1.31968e-06
1.30214e-07
3.56807e-07
-4.87021e-07
-3.97531e-07
6.51181e-09
1.72069e-07
-1.29831e-07
3.77469e-07
-2.86445e-07
2.57379e-07
-5.14079e-07
2.567e-07
3.76513e-07
-1.0708e-07
4.90646e-07
5.49521e-09
4.48444e-07
3.26784e-08
1.67015e-07
7.16696e-07
-6.62867e-07
-5.38293e-08
3.34524e-07
4.29456e-08
1.76338e-07
-2.05703e-07
3.53407e-07
-4.38783e-07
2.3729e-07
-6.03902e-08
-1.769e-07
5.13838e-07
2.56305e-07
-1.50465e-07
3.71792e-08
8.21689e-08
2.94344e-07
5.17005e-08
5.66639e-08
1.99111e-07
5.71942e-08
5.35907e-07
6.04381e-07
3.08054e-08
-4.28337e-07
1.69331e-07
4.78908e-08
-2.17221e-07
8.86082e-07
-2.99425e-07
-5.86656e-07
-2.05653e-07
1.95077e-07
1.05761e-08
6.77787e-07
-6.53615e-07
-2.41713e-08
8.96656e-08
1.09445e-07
-2.14061e-07
-2.70146e-07
-3.20135e-07
1.06074e-07
-1.40659e-07
1.97853e-07
1.92072e-07
5.23022e-08
4.65983e-07
-3.21095e-07
-1.44888e-07
3.85694e-07
2.71854e-07
-3.5116e-07
-2.78994e-08
3.53219e-08
2.67973e-07
-3.03295e-07
6.04856e-07
-5.27688e-07
4.1873e-08
9.736e-08
4.82539e-07
-4.35179e-08
-4.39021e-07
5.67836e-07
-9.7459e-07
-3.08185e-09
4.34945e-07
-2.70244e-07
-1.64702e-07
-3.54691e-07
4.7694e-07
-1.22248e-07
-2.95321e-08
7.71879e-08
-2.95321e-08
-4.74852e-07
4.96343e-07
-2.14915e-08
5.02125e-07
-1.14781e-08
-4.08181e-07
4.83683e-07
-7.55021e-08
-4.32293e-07
3.68844e-07
-4.46271e-08
1.4861e-07
-1.03983e-07
5.31105e-07
-2.89805e-08
1.63322e-07
-2.28582e-07
6.52602e-08
-6.18405e-07
8.27282e-07
-4.8371e-07
7.41089e-07
4.3394e-08
-2.75417e-09
4.74165e-08
5.09778e-07
2.13268e-08
-3.47246e-07
4.7746e-07
-1.8448e-07
2.19802e-07
1.11292e-07
7.68731e-09
6.87592e-08
-9.45433e-07
1.03469e-06
-9.45433e-07
1.49195e-08
-1.02781e-07
4.59588e-07
3.46134e-07
-2.8556e-07
-6.05741e-08
-3.90389e-07
4.0473e-07
1.49662e-07
-6.47054e-08
6.47054e-08
4.32634e-07
-6.37898e-08
-4.60739e-08
1.94684e-07
4.72983e-07
-4.16685e-08
3.07496e-07
3.86381e-08
3.10918e-07
-5.05136e-07
5.10632e-07
3.07286e-08
-4.69494e-07
-5.09306e-07
2.09206e-09
5.07214e-07
1.41366e-07
-4.13685e-08
2.03901e-07
-2.70146e-07
-1.29629e-08
4.40165e-07
4.01957e-07
3.78337e-07
-8.39928e-08
3.59589e-07
-3.59589e-07
-9.25846e-08
-6.68617e-08
-2.29793e-08
-4.00551e-07
4.6931e-07
6.30545e-07
-6.1298e-07
-1.75648e-08
-7.22919e-08
5.8207e-07
-5.03044e-07
5.43438e-07
-3.28062e-08
1.34349e-07
1.71271e-07
-3.05619e-07
4.83118e-07
-5.00674e-07
1.75556e-08
-1.61733e-07
-4.69535e-09
-8.10557e-08
7.11601e-07
6.88468e-07
-8.36981e-07
1.48513e-07
-7.06465e-08
7.06465e-08
5.43376e-08
-2.71525e-07
2.71525e-07
-1.63261e-07
4.85655e-07
4.2917e-08
-5.28572e-07
9.41394e-08
-9.41394e-08
-4.64699e-07
-1.28764e-07
1.28764e-07
5.90528e-07
-5.14457e-07
-7.60712e-08
2.11558e-07
-2.11558e-07
3.03654e-08
6.72747e-07
-3.87504e-07
-2.85242e-07
6.0996e-07
4.26945e-07
5.86191e-08
-4.72426e-07
2.6057e-07
-3.4726e-07
8.94925e-07
-2.06457e-07
5.83252e-07
-6.37081e-07
-5.99467e-07
-2.37514e-07
-5.37527e-08
4.93918e-07
-8.12406e-09
5.18237e-07
2.02076e-07
2.72767e-07
4.61505e-07
-2.89478e-09
-3.5503e-08
-5.70816e-08
3.10707e-07
3.6204e-07
-5.71169e-07
4.34812e-08
5.43101e-07
-3.58871e-08
6.45177e-07
-1.2694e-07
5.18248e-07
6.38226e-08
-8.35289e-07
-2.22642e-07
-5.1707e-07
7.39712e-07
3.45554e-07
-2.17989e-07
-1.27565e-07
1.00145e-07
7.9478e-07
-6.66755e-07
1.31393e-08
2.30037e-07
1.68876e-07
-3.98913e-07
4.55359e-07
-3.0289e-08
-4.43953e-07
-8.13513e-08
4.58482e-08
8.18233e-08
2.4049e-07
-6.27994e-07
-1.58232e-07
1.58232e-07
-8.48186e-07
-6.76961e-09
8.54955e-07
-7.63171e-07
1.63704e-07
4.70526e-07
4.68957e-07
-1.35982e-08
-7.92081e-07
9.72521e-07
-1.80439e-07
5.97402e-08
4.81884e-07
-7.32972e-07
-5.48946e-07
-2.14225e-07
1.19683e-07
5.25494e-07
4.36442e-07
-6.59083e-07
-7.48041e-07
4.52845e-07
-4.96066e-07
4.32204e-08
6.3793e-07
1.76567e-07
-6.76443e-07
4.99877e-07
-2.39844e-07
8.72286e-07
-6.32441e-07
9.58651e-07
5.10295e-07
3.90966e-07
-5.31763e-07
8.88156e-07
-3.56393e-07
-4.83015e-07
7.57284e-08
-8.09198e-07
7.33469e-07
7.02061e-07
1.89892e-07
6.24996e-08
-2.52392e-07
-7.98851e-07
-9.53949e-07
3.03623e-08
9.23587e-07
-4.67156e-08
5.32371e-07
1.1321e-08
1.59574e-07
-1.0345e-07
1.0345e-07
7.04237e-08
9.02097e-07
6.65902e-07
-9.22943e-08
-5.73608e-07
8.50563e-08
-1.66408e-07
5.35948e-07
1.01982e-07
-5.783e-07
7.42004e-07
-8.83526e-07
-9.46215e-07
8.8342e-07
6.27945e-08
1.84967e-07
-1.89703e-07
-7.56511e-07
-1.93358e-07
-9.60013e-07
4.2825e-07
3.52128e-07
6.64543e-07
-1.01667e-06
3.33282e-07
7.08086e-07
-1.04137e-06
-6.4971e-07
7.98223e-07
-6.26731e-07
-6.6725e-07
-5.01825e-08
7.17433e-07
7.76382e-07
-6.5477e-07
-1.21612e-07
-6.89063e-07
1.10763e-07
6.98453e-07
5.28574e-07
-6.79625e-07
8.79011e-07
-1.99387e-07
-1.34817e-09
-6.51148e-07
1.00328e-06
-1.98665e-07
6.35107e-07
-1.25047e-07
-1.53115e-07
6.63053e-07
8.14182e-08
-7.44471e-07
7.64716e-07
1.14296e-07
8.2002e-07
-5.53048e-08
4.65911e-07
-3.89656e-08
2.53932e-07
9.75935e-07
-1.81578e-07
-7.94357e-07
8.1053e-07
9.49007e-09
7.43286e-07
6.72437e-08
-1.03004e-06
5.63668e-08
9.73674e-07
1.26107e-06
-5.67498e-07
-6.93573e-07
5.69462e-07
-8.09412e-07
2.3995e-07
5.46941e-07
-4.60033e-07
-1.67961e-07
1.01626e-06
-3.53208e-07
-3.1417e-07
1.02226e-06
-9.20358e-07
5.27955e-08
8.67562e-07
-2.39736e-07
4.59442e-07
4.91514e-07
-9.50956e-07
-1.30687e-07
-2.68225e-07
1.19895e-07
-5.85836e-07
4.65941e-07
4.31702e-07
5.44233e-07
-9.45773e-07
8.36764e-08
8.62096e-07
8.35821e-07
6.55864e-07
-6.89942e-07
3.40782e-08
-5.16772e-07
1.1405e-06
-6.23732e-07
-8.89996e-07
-8.03825e-07
7.75765e-07
2.80604e-08
-3.4997e-07
-1.06454e-07
-4.46688e-08
7.00533e-07
-7.28108e-07
-6.78984e-07
1.40709e-06
7.96082e-07
-4.50523e-07
-7.72898e-07
1.22342e-06
-4.925e-07
9.01689e-07
-4.09189e-07
1.17863e-06
-2.17281e-07
-9.6135e-07
7.37758e-07
-1.05193e-06
-1.16792e-06
-4.64548e-07
9.56063e-07
1.33972e-07
6.08293e-07
-7.42265e-07
9.1255e-07
2.27954e-07
1.90557e-08
-4.3586e-07
4.16805e-07
9.23929e-07
-2.13198e-07
-6.77285e-07
-1.26566e-08
9.54475e-07
4.88006e-08
1.11574e-06
9.15025e-08
-1.20724e-06
-7.3308e-07
-7.07457e-08
8.0236e-07
-3.91562e-07
-3.57777e-07
4.85779e-07
-1.28002e-07
7.44541e-07
-1.46858e-07
-5.97683e-07
5.8512e-07
-6.40425e-07
6.928e-08
-8.71433e-07
1.33064e-06
-4.59211e-07
-1.12345e-06
9.06165e-07
1.23709e-06
-1.21347e-07
1.10541e-06
-1.27206e-06
1.66654e-07
-1.34894e-06
6.69961e-07
-7.16327e-07
-2.29446e-07
-3.41241e-07
3.41241e-07
2.90431e-07
-2.90431e-07
1.24076e-07
-1.24076e-07
-1.97052e-07
7.71879e-08
-3.81878e-07
3.81878e-07
-1.73012e-07
1.73012e-07
2.9785e-07
-2.9785e-07
-4.46078e-08
-2.19961e-07
2.19961e-07
3.55494e-07
-3.96616e-07
3.96616e-07
3.69979e-08
-3.69979e-08
-1.43581e-07
1.43581e-07
1.63849e-07
-1.63849e-07
4.58139e-08
1.0169e-06
-1.06271e-06
-2.94855e-07
2.94855e-07
-5.49458e-07
5.49458e-07
-8.79963e-07
1.22996e-06
-3.50001e-07
1.09643e-06
-8.68481e-07
3.57123e-07
2.83265e-07
8.55492e-07
6.84375e-08
4.97225e-09
-6.82258e-07
5.57707e-07
-1.29814e-07
4.535e-07
-2.58646e-08
-4.27635e-07
3.89638e-07
-1.42325e-06
1.16353e-06
4.39485e-07
9.63697e-08
-5.35854e-07
-6.34316e-07
2.42753e-07
-3.51793e-07
-6.64879e-07
-4.54147e-08
-1.00651e-06
-2.14268e-07
-5.1675e-07
5.83993e-07
-1.22946e-07
-9.18422e-07
-2.76013e-07
2.95069e-07
-1.44555e-07
-1.27869e-06
-1.16259e-06
8.10797e-07
6.06233e-07
-6.57948e-08
-1.00613e-07
-5.70408e-07
4.99662e-07
9.09076e-07
-2.70116e-08
-4.4278e-07
2.59312e-07
-6.78923e-07
4.58472e-07
-7.30843e-07
1.4008e-06
-1.04706e-06
1.00165e-06
3.77553e-08
7.06785e-07
-1.19577e-06
1.14691e-06
4.88622e-08
9.01686e-07
2.38304e-07
-1.13999e-06
9.01306e-07
-2.47887e-07
4.59113e-07
-2.11227e-07
-5.82039e-07
2.24263e-07
-8.89572e-07
3.80606e-08
8.51512e-07
1.0176e-06
3.13041e-07
-3.27654e-07
6.83702e-08
-1.1788e-06
-9.32596e-08
-1.12946e-06
-1.37512e-06
-1.17846e-07
1.49296e-06
-2.06326e-07
1.05239e-06
-1.17374e-06
-1.19425e-06
8.4425e-07
1.2179e-08
-1.3041e-06
1.35681e-06
-5.27094e-08
-4.21425e-07
7.0469e-07
-1.20475e-06
3.3627e-07
1.22546e-06
-2.30479e-07
7.82371e-08
9.39442e-07
-2.00925e-07
8.21339e-07
-6.20414e-07
-1.25339e-06
1.25591e-06
-2.71553e-07
2.45688e-07
4.58899e-07
-1.22926e-07
-6.6531e-07
-1.05625e-06
-1.39518e-07
-2.25093e-07
1.12719e-06
1.18788e-06
-4.09745e-08
-1.14074e-06
-5.74718e-07
-4.33237e-07
1.00795e-06
-5.98517e-07
-1.46838e-06
-1.09461e-06
1.0676e-06
8.57652e-07
-1.16919e-06
-1.41857e-07
-1.07109e-06
3.10546e-07
-1.08302e-06
7.72473e-07
-8.28207e-07
-2.85703e-08
1.19392e-06
1.1548e-06
-5.30817e-07
3.32151e-07
-6.96005e-09
1.02386e-06
-1.30556e-06
-9.26919e-07
4.68548e-09
9.22233e-07
1.31101e-07
4.53728e-07
-1.42194e-06
1.16313e-07
6.79769e-07
1.42836e-07
1.11307e-06
1.1807e-06
-6.37346e-08
-1.11697e-06
-8.90368e-08
-7.9027e-08
-6.81843e-07
7.6087e-07
1.27098e-06
-1.12814e-06
-1.06209e-06
1.43671e-07
-3.16546e-07
7.75444e-07
-2.8937e-07
3.67607e-07
1.21225e-06
-6.79028e-07
-3.2297e-09
1.00037e-06
8.98563e-08
-1.21932e-06
2.74474e-07
8.01235e-08
5.56278e-07
8.22279e-07
9.14381e-08
-1.23218e-06
-4.1921e-07
3.67302e-07
5.19073e-08
-8.2657e-07
2.09911e-08
8.05579e-07
2.6506e-08
-4.54141e-07
1.13653e-07
-1.1699e-06
-8.03869e-07
4.47476e-07
-6.99035e-08
-1.27619e-09
7.11797e-08
1.44736e-07
1.08318e-07
-9.23894e-07
2.97163e-07
-1.06916e-06
7.06298e-09
9.35286e-07
-8.86424e-07
1.31341e-06
9.39575e-07
-9.32057e-07
-7.51863e-09
5.03766e-07
-6.12909e-07
5.71692e-08
-1.10216e-06
3.30069e-08
-1.15487e-06
-6.52522e-07
8.91416e-08
5.43326e-07
-6.32468e-07
-1.15019e-06
-2.27676e-08
1.04663e-06
-7.80223e-07
7.99511e-07
-9.04769e-07
-1.7825e-07
1.85268e-07
-4.09062e-07
5.25375e-07
-9.04411e-07
9.23016e-07
-1.86051e-08
-8.6636e-07
8.82218e-07
-1.58581e-08
-8.68389e-08
-4.19834e-08
9.81425e-07
-9.10571e-07
1.30348e-07
-9.85957e-07
8.58571e-07
-3.72319e-08
1.35624e-06
1.19379e-07
-1.47562e-06
2.81274e-07
-5.9072e-07
7.76158e-08
4.74624e-08
-1.25078e-07
-3.37478e-07
-1.5253e-07
4.90008e-07
1.02074e-06
3.62871e-07
-2.3177e-07
-3.01775e-08
-1.39177e-06
8.77564e-07
-2.4529e-07
3.1055e-07
1.206e-06
-1.86935e-08
-6.48061e-07
-2.41105e-07
-8.2963e-07
1.07074e-06
-5.06706e-07
1.85214e-07
-9.91514e-08
-8.60629e-08
-1.93937e-07
-2.93867e-07
7.47595e-07
1.03824e-07
2.36585e-07
-3.40409e-07
-1.28117e-07
-1.18036e-06
-4.62711e-07
7.73195e-08
3.85391e-07
-2.26359e-07
-4.96548e-08
8.98414e-07
-7.84761e-07
6.05966e-07
9.4567e-08
6.40532e-07
-5.88625e-07
1.37967e-07
7.20604e-07
-9.13319e-08
-7.48207e-07
6.6364e-08
-9.04353e-07
6.63248e-07
7.0778e-07
-2.60304e-07
2.80776e-07
-1.72458e-07
1.19901e-08
5.79662e-07
-1.62748e-09
5.49911e-07
-5.48284e-07
4.00601e-07
-3.77294e-08
6.24922e-07
-9.18789e-07
-5.63398e-08
-1.35637e-08
-1.3556e-07
2.52973e-08
1.10262e-07
-5.97782e-07
-8.80505e-07
-3.73569e-07
-9.06197e-07
8.66862e-07
3.93351e-08
5.66568e-08
-7.88036e-08
2.24638e-08
4.98313e-09
9.35325e-08
-9.85156e-08
-3.78888e-07
2.91226e-08
7.76457e-07
-7.08759e-07
7.48094e-07
-5.35063e-08
5.708e-08
-5.20969e-08
6.4563e-07
1.44768e-06
1.74931e-07
2.29608e-07
-7.36314e-07
-1.45344e-06
1.41246e-06
-1.33406e-06
5.41478e-08
-6.3381e-07
6.62933e-07
8.33113e-07
-2.06966e-08
2.19045e-07
-1.15221e-07
-3.68175e-07
-2.89096e-07
-9.43085e-07
1.07829e-08
-1.20591e-08
3.8836e-08
9.19722e-07
5.16822e-09
-9.24891e-07
-2.37118e-08
8.07527e-07
-7.83815e-07
5.22704e-07
-3.3402e-07
3.13905e-07
4.27234e-08
-1.41875e-07
2.5748e-07
5.64243e-08
-5.62714e-07
-6.85653e-07
1.32818e-09
6.84325e-07
-9.54406e-07
4.71419e-08
8.35076e-07
-1.56273e-07
4.88424e-07
4.12477e-07
1.56259e-07
-5.68736e-07
-8.8e-09
3.94191e-07
-3.16578e-07
-2.75382e-07
5.9196e-07
4.82691e-08
-3.7206e-07
3.23791e-07
-5.44654e-07
-2.78888e-07
2.7726e-07
-2.5741e-07
6.69887e-07
-7.09365e-07
7.38086e-07
9.50271e-08
4.39437e-07
-1.47358e-06
-7.58629e-08
-5.56605e-07
-2.21808e-07
-4.24754e-07
2.68481e-07
5.20726e-07
7.02695e-07
-7.97834e-07
6.29873e-07
2.88106e-07
-1.08461e-08
7.85228e-07
2.65977e-07
-2.02885e-08
-4.59138e-08
1.52757e-07
4.70563e-07
9.36529e-07
6.79216e-07
-5.84189e-07
-3.12146e-07
2.26084e-07
-8.01153e-07
5.15911e-07
-7.87438e-08
4.95549e-07
8.80192e-07
-8.9605e-07
1.44874e-07
7.41713e-08
1.26586e-08
4.45814e-07
-1.293e-07
1.06426e-08
2.46838e-07
2.01298e-07
5.12607e-08
9.43033e-08
-2.23603e-07
1.26294e-07
-7.88314e-08
-7.15151e-09
-2.5585e-07
2.63001e-07
-8.63247e-07
1.7128e-07
6.91967e-07
-5.20979e-07
1.52805e-07
3.14547e-07
8.26864e-08
-6.82061e-08
-7.29628e-07
1.22611e-07
-4.04834e-07
3.13502e-07
1.01097e-07
1.39573e-07
-8.11986e-07
9.01117e-07
9.62758e-07
4.38047e-07
5.64581e-07
-1.46694e-08
-1.79264e-08
-3.29096e-07
7.16862e-08
-5.34795e-08
-2.58667e-07
-1.11252e-07
-4.26412e-07
5.18667e-07
-7.20531e-08
-3.90979e-07
-4.02794e-07
7.93773e-07
6.0147e-07
-6.20164e-07
1.43332e-06
9.3945e-08
-2.10685e-08
2.16527e-07
-1.95458e-07
-1.24693e-06
3.03844e-07
7.91574e-08
-1.68207e-07
8.90498e-08
6.1391e-07
-1.24393e-08
6.89823e-08
-1.06712e-07
8.17146e-07
-2.11407e-07
-1.29002e-07
1.45725e-06
-3.36649e-07
1.25242e-07
-4.79892e-07
-8.01681e-07
-8.16262e-07
4.25284e-07
-4.61114e-07
6.64342e-07
-2.03228e-07
1.99322e-07
8.10579e-08
2.78635e-07
-3.49339e-07
-1.79411e-07
5.2875e-07
-5.04586e-07
6.24481e-07
-7.48412e-08
-2.30778e-07
8.03684e-07
-2.87773e-07
1.84271e-07
-7.40086e-08
8.61784e-08
-4.92492e-07
-4.0089e-07
7.11596e-07
1.06005e-07
-6.40525e-07
-9.23693e-08
1.14833e-07
-3.9323e-08
-2.34793e-07
1.54621e-07
-7.54634e-08
5.89738e-07
-5.33244e-07
6.67216e-07
2.43188e-08
-4.4224e-07
4.17922e-07
4.72996e-07
2.386e-07
-4.04828e-08
8.01649e-08
-3.96821e-08
9.19016e-08
-5.5886e-08
8.11283e-07
-8.06115e-07
-8.96777e-08
5.21839e-07
-4.32162e-07
3.7996e-07
1.15588e-07
-1.17178e-06
8.44724e-07
5.02571e-07
-3.94236e-07
-3.41008e-08
-3.55901e-07
6.164e-07
-1.43404e-07
-1.46484e-08
-6.05516e-07
6.10931e-07
-1.54639e-08
-5.95467e-07
2.99293e-07
-3.87225e-08
-6.02557e-07
5.67734e-07
3.48225e-08
-5.77538e-07
6.5397e-07
-7.64317e-08
1.31098e-07
2.29561e-07
-1.43382e-07
1.99682e-08
-1.21907e-07
-4.97541e-07
-1.78902e-07
3.92428e-08
-2.21061e-07
-1.86524e-07
-5.56951e-07
-5.37253e-07
-1.10305e-08
2.85477e-07
1.71947e-07
-1.28726e-07
4.19195e-07
-5.22858e-07
-8.15295e-08
6.04388e-07
2.557e-07
-1.85769e-07
-6.99317e-08
-1.92932e-07
-5.51539e-07
7.96614e-07
1.1881e-06
2.45222e-07
5.06688e-09
2.44079e-07
8.37387e-09
5.10663e-07
1.05737e-07
-6.34274e-08
-1.0478e-07
2.79834e-07
-3.71733e-07
9.18991e-08
-9.24683e-07
4.50682e-07
-4.59512e-08
-4.79347e-07
2.17144e-07
5.02743e-07
-5.3863e-07
1.59013e-08
-2.79604e-08
-5.26645e-07
5.11997e-07
-1.01883e-09
3.29162e-07
-1.82441e-08
-5.8522e-07
5.80871e-07
4.34921e-09
1.01922e-07
-5.7244e-07
5.97655e-07
-2.52147e-08
1.20566e-07
2.84979e-07
-4.05545e-07
4.76644e-07
-2.61987e-07
2.97396e-07
9.0433e-08
-3.87829e-07
8.67965e-09
-2.30487e-07
5.34982e-07
5.90832e-07
-2.3098e-08
9.10072e-08
-1.93171e-07
1.02164e-07
5.47007e-07
-3.68908e-07
-1.2634e-07
5.19518e-07
-2.06695e-07
-5.5292e-08
4.70086e-07
4.94319e-08
4.03602e-07
-5.84904e-07
5.72464e-07
-5.1736e-07
-9.28497e-09
1.24347e-08
-3.9992e-07
2.7358e-07
5.04909e-07
-3.49349e-08
6.15806e-07
-2.35609e-07
-1.82507e-08
-4.69077e-07
-5.08676e-07
4.95713e-07
2.60327e-07
4.7359e-07
5.8781e-08
-5.52295e-07
1.02906e-08
1.07005e-07
2.38548e-07
-4.7343e-08
4.21059e-07
8.38499e-08
3.88403e-07
5.27307e-07
-5.37177e-08
2.15934e-07
1.7247e-07
-6.40628e-07
1.27224e-08
6.27906e-07
5.36675e-08
-6.27275e-07
-7.1567e-08
-6.64886e-07
1.68248e-08
4.32633e-07
9.46745e-08
-5.01984e-07
3.20315e-08
4.69953e-07
-6.54595e-07
-3.1036e-08
-3.28338e-08
6.38698e-08
-4.80185e-08
-1.83986e-07
-1.01551e-06
5.24353e-07
4.91159e-07
-1.41159e-07
-2.33067e-07
-2.70123e-07
5.61524e-07
-3.5677e-07
3.24467e-07
2.91054e-07
-1.82872e-08
8.56644e-08
1.70036e-07
2.29291e-07
-1.59155e-07
3.68127e-07
-1.79528e-07
1.75714e-08
1.61956e-07
-4.33925e-07
3.61886e-08
3.97737e-07
1.17744e-08
1.03059e-07
-2.82105e-07
5.23066e-07
-4.37083e-07
-6.23803e-07
-5.06057e-08
-5.80657e-07
-2.24511e-07
4.49831e-08
-2.56828e-07
-1.3295e-08
-2.19304e-07
2.03847e-07
1.54575e-08
-3.70258e-07
5.35878e-07
-5.69979e-07
-2.86069e-07
8.59975e-07
-7.05671e-07
1.02597e-07
-1.38995e-07
2.24718e-07
2.46749e-07
1.13697e-07
5.13875e-08
-5.85406e-08
4.23976e-07
-4.78049e-09
-5.62845e-07
7.21554e-07
-1.1326e-07
5.48601e-07
-1.25683e-08
-6.61238e-07
6.73806e-07
-4.33203e-08
6.88442e-07
-6.45122e-07
5.55112e-07
2.24516e-07
-4.714e-09
5.42814e-07
-2.67867e-07
1.10395e-08
-5.91117e-07
7.46046e-08
5.16513e-07
3.56113e-07
6.18082e-08
7.79382e-08
2.13116e-07
-1.78426e-08
-6.6509e-07
6.69439e-07
5.49839e-07
5.27363e-09
7.28547e-07
-7.36671e-07
-3.00981e-07
3.31139e-08
5.90261e-07
-3.51728e-08
3.45723e-07
1.55884e-07
2.84778e-07
1.79627e-07
2.6624e-07
-1.5309e-07
2.47721e-07
7.13758e-08
-3.19097e-07
2.71651e-08
-6.50968e-07
2.73363e-07
-1.52797e-07
6.36124e-07
-6.59223e-07
7.39043e-07
-3.04678e-07
-4.34365e-07
2.92441e-07
1.38179e-07
3.1215e-08
2.24664e-08
-5.36814e-08
-3.21242e-07
2.74531e-07
-5.77693e-07
6.37433e-07
-2.13742e-07
1.43811e-07
3.17593e-07
3.17514e-07
-6.40939e-07
6.84421e-07
6.41045e-07
-5.41702e-07
-9.87222e-08
-6.63227e-07
-1.86246e-09
-4.91161e-07
5.92124e-07
-2.06272e-07
-8.99716e-08
2.96243e-07
7.03626e-08
6.52711e-07
-6.96031e-07
-3.27436e-07
4.19335e-07
-3.50628e-09
-2.51077e-07
-7.83136e-07
-8.32587e-07
5.22505e-08
-7.84678e-07
-2.65798e-07
-6.66774e-07
7.13073e-08
-4.35758e-08
-8.07936e-07
1.48439e-08
1.68973e-07
1.74494e-07
1.00153e-07
1.49106e-07
3.7396e-07
-6.46319e-07
4.13123e-07
2.28037e-07
-1.97671e-07
2.99484e-07
4.94289e-07
-8.54686e-08
3.85923e-07
5.96203e-08
5.35816e-07
3.68829e-07
3.8722e-07
3.52492e-07
-7.99711e-08
5.27187e-08
3.62208e-07
-1.50982e-07
-1.77431e-07
-6.15046e-07
4.36144e-07
-3.05887e-07
-6.61085e-07
-5.61037e-07
6.14648e-08
-1.51436e-07
1.39176e-07
1.27491e-07
1.89707e-07
1.53759e-07
9.12395e-08
-5.95005e-07
8.93095e-07
7.79022e-07
3.60968e-07
-6.79897e-07
-1.4831e-07
6.24724e-07
-7.37984e-07
1.71852e-07
-7.32889e-07
-1.38051e-07
-3.50829e-07
7.172e-07
9.45589e-08
7.82411e-08
-4.73098e-07
7.72582e-07
-3.52264e-07
-4.02721e-07
4.36823e-07
-4.58575e-08
-5.24302e-07
8.2417e-07
-2.99869e-07
2.75031e-08
2.70189e-07
-5.66132e-07
-3.62239e-07
3.15386e-07
-5.90768e-07
-7.38526e-07
7.13694e-07
-3.40065e-07
3.73179e-07
4.18981e-07
-9.20975e-08
-2.784e-07
7.82543e-08
7.04734e-07
-7.77776e-07
8.81874e-07
-8.2363e-08
1.5622e-07
5.4643e-07
-4.89135e-07
-3.13051e-07
-2.90052e-07
-5.56508e-08
-3.16409e-07
8.0495e-08
9.2305e-08
3.40883e-07
-5.22428e-07
1.04678e-06
-4.33321e-07
4.50877e-07
7.42122e-07
-4.26736e-07
-5.16698e-07
5.52887e-07
-1.43406e-08
3.58839e-07
-2.06449e-07
3.08149e-07
-1.40929e-07
2.03965e-08
-1.21106e-06
2.3384e-07
2.12027e-07
-2.29241e-07
6.65385e-07
-3.70156e-07
-2.70369e-07
-2.21968e-07
4.39136e-07
1.67259e-07
3.45544e-07
3.17188e-07
-7.1536e-07
3.69594e-07
-4.26874e-07
5.01479e-07
-5.00692e-07
6.85302e-08
2.2205e-07
-2.61577e-08
3.71701e-07
1.56211e-07
1.08121e-06
-4.63031e-07
7.19906e-07
-1.08711e-07
-3.71041e-07
3.17623e-07
8.49288e-07
1.21603e-07
4.24719e-07
-3.8448e-08
-4.82525e-07
4.42253e-07
-2.3865e-07
3.64484e-08
-1.4516e-07
1.22381e-06
-7.81034e-07
-5.24527e-07
5.78059e-08
1.61283e-07
1.50551e-08
4.58558e-07
-9.4552e-07
1.1737e-07
4.80748e-08
1.59225e-07
-3.34755e-07
-3.44645e-07
2.2888e-07
-3.89875e-08
2.86962e-07
-2.60121e-08
1.10831e-06
-5.41022e-07
2.73887e-08
2.09998e-07
-1.07834e-07
-6.2929e-07
6.44165e-07
3.10281e-07
4.93492e-07
-8.03773e-07
3.41955e-07
-1.43823e-07
-1.57695e-07
-1.73176e-07
-2.10854e-10
1.09047e-08
1.12237e-07
1.14341e-07
2.57494e-07
-1.06564e-08
4.32778e-07
-2.0612e-07
1.41592e-07
-1.09211e-07
2.84142e-07
3.11786e-07
-3.54451e-08
5.93007e-09
3.34318e-07
1.63146e-07
-1.96903e-07
5.14196e-08
1.50454e-07
-1.37923e-07
2.6071e-07
-1.22787e-07
5.76068e-07
-8.2322e-09
4.87557e-07
5.92823e-07
6.73199e-07
3.75377e-07
1.49998e-07
4.68557e-07
6.39749e-07
-1.11125e-06
-5.41065e-07
-5.73178e-07
5.67681e-07
2.09438e-08
5.76068e-07
-7.61878e-09
-1.60733e-07
-2.22131e-07
5.73999e-08
-8.53603e-08
2.92039e-07
-1.89441e-07
-1.81069e-07
-8.5825e-07
2.98141e-07
-2.90714e-10
-3.04952e-07
1.00971e-08
-1.81099e-07
-2.00779e-07
1.68563e-07
-4.44869e-08
-8.05621e-08
-3.08977e-07
7.28437e-07
-2.4273e-07
-1.68563e-07
8.05621e-08
2.4273e-07
-2.27683e-08
2.41383e-09
-1.45995e-07
3.08977e-07
-7.28437e-07
2.98141e-07
-3.04952e-07
-1.81099e-07
2.41383e-09
7.27993e-08
-1.24896e-07
7.40432e-09
5.19978e-07
2.14846e-07
-1.7382e-07
1.7382e-07
7.40432e-09
-3.48801e-07
-2.25325e-07
2.08667e-07
4.17187e-07
-2.0516e-07
4.63097e-07
1.83695e-07
-1.96304e-07
-2.47044e-07
-9.4197e-08
2.47044e-07
-1.03463e-07
-7.60011e-07
-4.88496e-07
9.46276e-08
-5.12274e-08
-1.43203e-07
4.53484e-07
-2.91495e-07
5.3083e-08
-3.53668e-07
8.99499e-08
-9.74491e-07
-1.9804e-07
-4.61053e-07
1.90809e-07
5.19287e-07
6.27171e-08
-4.9022e-07
-5.08449e-08
1.77751e-07
1.93606e-07
1.38703e-07
-3.31611e-08
7.49552e-08
3.60301e-07
-3.72088e-07
1.17874e-08
4.26723e-07
-9.24051e-08
5.35729e-08
-5.35729e-08
-1.8899e-07
-6.24397e-08
-4.8429e-07
1.74565e-08
1.95144e-07
-2.89341e-07
-8.45756e-08
4.44877e-07
4.47043e-07
-4.55309e-07
1.34214e-07
-4.13363e-08
6.60298e-07
-9.5807e-08
3.09318e-07
-2.67447e-07
1.10819e-07
-3.997e-07
-9.89399e-08
-4.62198e-08
2.66625e-07
4.55692e-07
7.86209e-07
-9.03437e-08
-8.59615e-09
-3.77689e-08
-2.97578e-07
-4.65383e-08
5.72157e-07
-3.06408e-07
9.3366e-08
-9.3366e-08
3.43533e-07
-2.29183e-09
-3.43533e-07
4.68372e-08
-1.17484e-07
1.17484e-07
-3.40681e-07
-4.52028e-07
-2.15303e-07
4.33299e-08
-1.82325e-07
-1.03294e-06
-1.1232e-07
1.73785e-07
-4.38619e-08
7.00784e-08
-3.1992e-07
-6.2097e-07
3.8472e-08
1.45223e-07
-1.60535e-09
-2.08008e-08
-7.77148e-08
-3.48192e-08
-1.41458e-07
5.25626e-07
-5.25626e-07
3.98268e-07
7.06907e-08
-8.8103e-09
-4.10703e-07
-3.23051e-07
2.46847e-08
2.98367e-07
1.8047e-07
3.39634e-08
8.44512e-08
-1.25208e-07
-3.03454e-09
-1.09935e-07
2.70475e-08
-1.66477e-07
-6.19159e-08
-8.95204e-08
-3.49554e-08
3.49554e-08
1.33853e-07
1.26857e-07
3.13051e-07
2.5985e-07
-1.33953e-07
-1.25897e-07
7.3709e-09
2.69113e-08
-5.69602e-08
-7.86209e-07
1.81789e-08
5.69602e-08
-1.89084e-07
6.69415e-08
1.22143e-07
-1.12842e-07
-4.06797e-08
1.96228e-07
-1.81885e-08
-1.06138e-06
6.16633e-07
4.44746e-07
-3.31611e-08
-1.7912e-07
-1.22787e-07
1.7912e-07
9.37699e-08
3.25667e-08
-1.73496e-07
-3.65082e-08
-6.44622e-08
3.65082e-08
6.44622e-08
1.56478e-07
-1.56478e-07
-2.14407e-07
1.95989e-07
-3.30835e-07
-1.7408e-07
-6.38727e-08
2.59017e-07
-7.81403e-08
-2.12291e-07
2.12291e-07
-5.41022e-07
6.2719e-08
3.03454e-09
-1.1528e-07
2.69365e-08
-7.06907e-08
1.13879e-07
-1.30249e-07
1.93138e-08
1.40248e-07
4.21571e-07
2.08849e-07
-5.88513e-08
-3.01318e-08
-3.78131e-07
-2.15303e-07
-9.80049e-08
3.67293e-08
-2.35821e-08
-1.04659e-07
-8.90447e-08
-2.95749e-09
2.37878e-07
-4.36924e-07
-1.99201e-07
4.04943e-07
-7.44166e-08
-1.15092e-07
9.42909e-08
3.4012e-07
1.24929e-07
-5.2458e-08
8.08416e-07
-1.48118e-07
9.42344e-08
4.74801e-08
9.76555e-07
1.67513e-07
1.00162e-07
-1.33853e-07
-7.77053e-08
6.39749e-07
4.51173e-08
2.52168e-07
-2.40804e-07
2.68765e-08
-1.95989e-07
-5.26441e-07
-4.42466e-07
1.64917e-07
6.29202e-07
4.27669e-08
3.54856e-07
3.86996e-07
3.04569e-07
-2.89663e-07
1.49987e-07
1.48379e-07
1.98774e-07
2.25291e-07
-1.86175e-08
2.08143e-08
-1.4571e-07
1.19216e-07
-6.405e-08
2.56725e-07
1.00599e-07
9.69428e-08
-2.51786e-07
-2.11033e-07
1.0998e-07
)
;

boundaryField
{
    back
    {
        type            empty;
        value           nonuniform List<scalar> 0();
    }
    front
    {
        type            empty;
        value           nonuniform List<scalar> 0();
    }
    top
    {
        type            calculated;
        value           nonuniform List<scalar> 
15
(
-4.71467e-07
-4.45867e-07
-3.43467e-07
-2.66667e-07
-3.43467e-07
-1.728e-07
-1.728e-07
-4.45867e-07
-4.71467e-07
-4.032e-07
-6.18667e-08
-6.18667e-08
-4.032e-07
-4.8e-07
-2.66667e-07
)
;
    }
    outer_arc
    {
        type            calculated;
        value           uniform 0;
    }
    bottom
    {
        type            calculated;
        value           nonuniform List<scalar> 
15
(
1.14655e-06
3.63972e-08
-4.40662e-07
-4.3062e-07
9.20615e-07
2.72524e-08
3.70497e-07
5.68454e-07
-1.73387e-07
2.41194e-07
-3.39569e-07
6.92103e-07
1.2608e-06
-1.53452e-07
1.0845e-06
)
;
    }
    inner_arc
    {
        type            calculated;
        value           uniform 0;
    }
}


// ************************************************************************* //
