/*--------------------------------*- C++ -*----------------------------------*\
  =========                 |
  \\      /  F ield         | OpenFOAM: The Open Source CFD Toolbox
   \\    /   O peration     | Website:  https://openfoam.org
    \\  /    A nd           | Version:  9
     \\/     M anipulation  |
\*---------------------------------------------------------------------------*/
FoamFile
{
    format      ascii;
    class       volVectorField;
    location    "2.55";
    object      U;
}
// * * * * * * * * * * * * * * * * * * * * * * * * * * * * * * * * * * * * * //

dimensions      [0 1 -1 0 0 0 0];

internalField   nonuniform List<vector> 
1655
(
(0.032577 -0.0116027 -4.57814e-18)
(0.00981987 -0.0213763 3.02197e-17)
(-0.0839551 0.019517 2.45064e-17)
(-0.0166222 0.00499573 -1.46487e-17)
(0.0534431 0.0551333 0)
(0.0191781 0.00912363 9.2109e-18)
(-0.115357 0.0292355 0)
(0.0438919 0.159029 -1.62752e-17)
(0.095163 0.262831 0)
(0.0517474 0.049493 -7.98098e-18)
(0.0310629 -0.00721096 3.66481e-17)
(0.0432857 -0.0128616 -3.61042e-17)
(0.0294762 0.0948771 -1.97111e-21)
(0.0173585 -0.00557176 -1.90431e-17)
(0.00272628 -0.0920438 1.86972e-17)
(-0.152032 0.0106324 0)
(-0.187867 0.0945983 3.23646e-17)
(0.0225462 -0.134193 9.73466e-18)
(0.00989262 0.00263914 -3.67774e-17)
(0.00961471 -0.00158947 -1.05715e-17)
(-0.0122175 -0.0633707 4.28862e-18)
(0.089783 0.280795 0)
(0.0645268 0.104362 -1.96559e-17)
(0.0521145 0.0904506 9.13481e-18)
(0.0365177 -0.0118776 -5.75764e-18)
(-0.185106 0.0900973 -3.82522e-17)
(-0.0646956 -0.0204023 -1.69774e-17)
(0.0694259 0.245841 -1.94671e-17)
(0.057483 0.231773 2.62751e-17)
(0.0393203 -0.037062 -1.89791e-17)
(-0.164107 0.0448045 4.71807e-17)
(-0.00111351 0.0210962 -5.09164e-18)
(0.0125438 -0.059061 -6.99054e-18)
(-0.0847115 -0.0169473 0)
(0.0121294 -0.133842 0)
(-0.0844896 -0.0234716 0)
(0.0257998 0.0136442 -2.47867e-17)
(0.00757566 -0.0254718 0)
(0.0100026 -0.0584843 -9.56703e-18)
(0.0156514 -0.0320269 -3.26267e-17)
(0.00709315 -0.0703352 1.8366e-17)
(0.0618138 0.0874176 1.59e-17)
(0.00922424 -0.0524417 -1.00035e-17)
(0.0051097 -0.000473826 2.91337e-17)
(-0.00520966 -0.0432844 0)
(-0.0191306 0.0071058 0)
(-0.0228305 0.00449885 4.55676e-17)
(-0.0074514 -0.0106465 0)
(0.0433976 0.0289177 1.77877e-17)
(0.00968823 -0.0486984 2.43586e-18)
(0.0292249 0.0142028 2.73859e-17)
(-0.0359578 0.0261766 -1.83351e-17)
(0.0112551 0.0140259 -2.0149e-17)
(0.0933211 0.25577 1.73892e-17)
(0.0766764 0.0982437 -2.27043e-17)
(-0.027738 -0.00765568 0)
(0.0220246 -0.0630169 -8.89534e-18)
(0.00955763 -0.00458624 0)
(0.0214618 -0.00269008 0)
(0.0111774 0.0371045 1.9317e-17)
(-0.177803 0.0322782 -4.71493e-17)
(0.00988323 0.00508974 0)
(0.0465982 -0.0161631 0)
(0.0590889 0.180507 -4.49398e-18)
(0.0182141 0.00248235 0)
(-0.112124 0.046678 0)
(0.00642476 -0.00153903 4.25621e-17)
(0.0163332 -0.000549291 -2.10744e-17)
(-0.00460322 -0.148162 0)
(0.0548746 0.0813629 -1.81793e-17)
(0.000888169 0.000711557 2.34044e-17)
(-0.0916944 0.0337931 -1.11237e-18)
(0.0517284 -0.0424025 -1.17902e-18)
(-3.40501e-05 -0.10896 1.71037e-17)
(-0.149068 -0.0259189 -2.18081e-17)
(-0.00743149 -0.00865881 1.03738e-17)
(0.0516758 0.211209 -5.96717e-18)
(-0.00880409 -0.149742 0)
(-0.00101121 -0.0612253 0)
(0.052373 -0.0385693 0)
(0.0179149 0.00337212 2.34337e-17)
(-0.00968026 0.00752368 -1.05563e-17)
(0.070886 0.0875329 2.3186e-17)
(0.0147541 0.00162602 1.17544e-17)
(0.0569355 -0.0401287 0)
(-0.025162 -0.125713 0)
(-0.144541 -0.0183915 -1.31638e-17)
(0.0456888 -0.0512723 0)
(0.0613566 -0.0570094 -9.12755e-18)
(-0.0626274 -0.0697792 0)
(-0.0663929 -0.104096 0)
(-0.0923387 0.0129566 1.1495e-17)
(0.0197049 0.00689153 2.25128e-17)
(0.0251565 0.0149247 0)
(0.000557586 0.0277469 0)
(0.0177204 0.00476815 3.74855e-17)
(-0.00341697 -0.00269729 -3.6051e-17)
(0.0028501 0.000242113 0)
(-0.0209056 0.017912 -1.09092e-17)
(0.0280941 -0.0592459 2.31129e-17)
(-0.116205 0.00743315 -7.25192e-17)
(-0.0121282 -0.00338756 -2.37917e-17)
(0.0371809 0.0269728 -2.32168e-17)
(0.0052437 -0.00473167 2.49544e-17)
(0.0373785 -0.0192672 0)
(0.0173957 0.00792311 -1.43957e-18)
(0.0944021 0.202884 -1.9809e-17)
(0.0231508 -0.0259976 0)
(0.0241469 -0.0621992 0)
(-0.0572354 -0.0169773 -2.0393e-17)
(0.00968153 -0.0648944 1.60933e-17)
(0.0159265 -0.000432454 1.86489e-17)
(-0.0666165 -0.0055649 1.23202e-17)
(0.0570431 -0.0426468 2.11342e-17)
(0.103971 0.18034 1.88348e-17)
(-0.0346309 -0.128997 -1.18937e-17)
(0.0943034 0.191003 -2.01377e-17)
(0.00733852 0.00294499 0)
(0.0657003 -0.0530227 1.80876e-17)
(0.0370161 -0.0132342 -4.05987e-17)
(-0.0623584 -0.00276614 -3.48222e-17)
(-0.137652 -0.037949 3.54235e-17)
(-0.162779 0.00496035 -2.80399e-17)
(0.0996149 -0.00130328 2.6301e-17)
(-0.000114494 0.000825962 9.25688e-18)
(0.0644525 0.143799 0)
(0.0094382 -0.0432304 -2.30076e-17)
(0.00182587 0.0225281 2.07215e-17)
(-0.176178 0.0278717 -2.83413e-18)
(0.0348282 -0.0507233 -2.7564e-18)
(0.0634367 0.0390023 5.24853e-18)
(0.00958781 -0.0658926 2.83954e-17)
(0.069142 0.183845 1.74088e-17)
(0.0639731 0.132323 1.83415e-17)
(0.0150517 -0.0203057 0)
(0.0472547 -0.0691129 0)
(0.0616164 0.0679994 -1.07255e-17)
(0.0215045 0.0168648 1.82614e-17)
(0.017229 -0.0565387 9.71257e-18)
(0.0050747 -0.00267169 -9.65462e-18)
(0.0188647 0.0484282 1.25933e-17)
(-0.00751096 -0.03284 1.74216e-17)
(-0.0737908 0.00778862 0)
(-0.116987 -0.0437401 0)
(-0.213738 0.0976264 -1.07004e-17)
(-0.124535 -0.0368514 0)
(-0.0943734 -0.0343812 -3.74205e-17)
(-0.0327587 0.016565 3.01351e-17)
(-0.0579026 -0.00848958 1.94658e-17)
(-0.202302 0.0555271 0)
(-0.177469 0.0282977 1.84035e-17)
(-0.217235 0.0791882 -9.90267e-18)
(-0.138442 -0.0198261 1.92748e-17)
(-0.157068 0.000876892 1.68128e-17)
(-0.0160273 -0.147999 0)
(0.0061409 -0.0408183 3.71163e-17)
(0.00572008 -0.00235301 2.37113e-18)
(-0.123375 -0.034741 9.89242e-18)
(0.104617 0.192148 0)
(-0.0110009 0.00193876 -2.53162e-17)
(-0.113998 -0.0346236 2.82907e-17)
(0.13151 -0.0939223 0)
(0.102854 0.247649 -1.55559e-21)
(-0.126948 -0.0384573 0)
(-0.132989 -0.0441232 0)
(0.0185498 -0.00240037 -9.76212e-18)
(0.0810892 0.246587 0)
(0.0920868 0.167978 -3.80197e-17)
(-0.0098529 -0.00194888 5.85851e-18)
(-0.00964848 -0.162866 0)
(-0.203857 0.106742 0)
(0.100106 0.146387 0)
(-0.0887353 -0.014944 1.16361e-17)
(0.104031 0.221796 1.99897e-17)
(0.0596477 -0.0416948 1.23201e-18)
(0.104325 0.211371 1.99192e-17)
(0.0570653 0.0359697 5.2675e-18)
(-0.012845 -0.177197 0)
(0.051107 -0.0396803 -2.19733e-17)
(0.00766012 -0.0126651 1.7297e-17)
(-0.0263115 -0.0297836 2.50069e-17)
(0.0926536 0.113786 1.56481e-17)
(0.011524 0.00340609 -3.35373e-17)
(0.0733059 -0.000853646 -5.75597e-18)
(0.0161597 -0.0548658 -1.10458e-17)
(0.0309554 -0.0314866 0)
(-0.00312364 -0.0147499 0)
(0.0392038 -0.0358142 0)
(0.0356624 -0.0717899 0)
(0.101192 0.123876 -1.52196e-17)
(0.0048379 -0.0379548 -1.99084e-17)
(0.0194625 0.0098087 0)
(0.0309776 -0.0294461 -2.05056e-17)
(-0.0178428 0.0267683 2.57681e-17)
(-0.00941718 -0.0300149 0)
(0.0200534 -0.0219383 -1.24657e-17)
(0.0415616 -0.0443089 0)
(0.0185973 -0.0269261 0)
(0.038017 -0.0323889 2.37461e-17)
(0.0933696 0.0922642 0)
(0.0197739 0.00124342 1.3213e-17)
(-0.00487402 0.000323128 -5.91992e-18)
(-0.147339 -0.0039612 2.1402e-17)
(-0.154649 0.0203329 4.77932e-17)
(-0.0777561 -0.0789615 -1.81449e-17)
(-0.066384 -0.0495415 1.44499e-17)
(0.0124889 -0.059509 0)
(0.0172379 -0.0522887 0)
(0.0402631 -0.0522537 6.53145e-17)
(-0.109597 -0.0232915 0)
(0.0842952 0.0207398 3.45803e-17)
(0.0294693 0.0246959 -9.56167e-18)
(0.0359593 -0.0663969 0)
(0.0800228 0.162436 1.98839e-17)
(0.014077 -0.0163183 -2.05526e-18)
(0.0258354 0.00162892 4.49196e-17)
(-0.111724 -0.0294445 -1.11669e-17)
(0.105039 -0.0769158 0)
(0.0832196 0.0190454 1.96618e-17)
(0.105828 0.105036 0)
(-0.00651537 -0.00323998 0)
(0.00664312 -0.0547034 -4.19373e-17)
(0.0133634 -0.0577007 2.95938e-17)
(0.131311 0.138778 2.02615e-17)
(0.0141769 -0.0583931 -2.13635e-17)
(-0.058035 -0.0420442 2.05304e-17)
(-0.0984474 -0.05329 -2.03766e-17)
(-0.0686835 -0.102281 0)
(0.0857071 0.0171974 2.49234e-17)
(0.102538 0.0138867 1.99759e-17)
(0.00205334 -0.0886762 0)
(0.100494 0.0156649 -2.4964e-17)
(0.119141 0.011755 2.49729e-17)
(-0.0106514 -0.144968 -3.90047e-17)
(0.0108824 -0.0590045 -2.10986e-17)
(0.00281514 -0.0827043 2.05461e-17)
(-0.0143498 -0.0297077 0)
(0.0236412 -0.0428611 0)
(-0.0994992 -0.0484592 2.53812e-17)
(0.123585 0.0156002 1.99696e-17)
(-0.022442 -0.0550138 -1.91214e-17)
(0.00791868 -0.0258542 3.64752e-17)
(0.144313 0.00871217 -2.49848e-17)
(0.0343102 -0.0552256 1.73919e-17)
(0.129816 0.116169 5.06825e-18)
(0.0449673 -0.0595298 -2.57673e-17)
(-0.181646 0.0682805 1.51748e-17)
(0.102345 0.238813 0)
(-0.0327709 -0.0338177 -5.11945e-18)
(0.122375 0.135544 0)
(0.017124 0.000483778 -1.6665e-17)
(0.0489048 -0.0526606 4.13088e-18)
(-0.00121161 -0.0244264 -2.02017e-17)
(0.0504501 0.0237148 -1.44959e-17)
(0.00719263 -0.0611407 2.07406e-17)
(0.0977707 0.019307 -2.46814e-17)
(0.0309214 -0.0491574 -2.13262e-17)
(0.138828 0.11849 -5.04832e-18)
(-0.0127168 -0.190228 2.6828e-17)
(0.0142244 -0.0545239 1.95205e-17)
(0.146168 -0.139823 1.4999e-17)
(0.0497086 -0.034069 2.10225e-17)
(-0.132731 -0.0805858 2.02253e-17)
(0.0476599 0.0242133 1.99128e-17)
(-0.00492508 -0.0437691 2.02444e-17)
(0.113075 0.167627 2.01126e-17)
(0.0162262 -0.0574032 0)
(0.00660186 -0.0309551 -2.87266e-17)
(0.0145827 -0.0600419 1.11616e-17)
(0.0183379 -0.0348876 0)
(0.010903 0.0205683 -2.16375e-17)
(-0.0036156 -0.128161 1.53833e-17)
(0.000231444 -0.0305898 1.0686e-17)
(0.0251651 -0.0321482 0)
(-0.0129973 -0.162705 -3.18672e-23)
(-0.00467724 -0.120368 -1.54895e-17)
(-0.184384 0.0739047 0)
(0.136172 0.0953956 2.52364e-17)
(0.0461614 -0.0109185 -2.57898e-17)
(0.175286 -0.174243 4.90908e-18)
(0.0605783 0.0315775 2.08484e-17)
(0.119572 0.153757 5.04953e-18)
(-0.0103028 -0.143787 2.05024e-17)
(0.0277111 0.0380919 1.81986e-17)
(-2.01779e-05 -0.0555388 -3.42392e-17)
(-0.00191694 -0.0978863 -2.06527e-17)
(0.0533387 0.0113486 2.05773e-17)
(0.0190065 -0.0613507 1.85513e-17)
(0.0147082 -0.0595991 0)
(0.0102698 -0.11993 0)
(0.011243 -0.079895 2.02248e-17)
(0.0362859 -0.073126 1.9783e-17)
(0.0244099 -0.0513584 4.30146e-17)
(0.112851 0.17678 0)
(0.0560328 0.00119649 -2.05516e-17)
(-0.00284446 -0.0535356 5.19751e-18)
(0.025971 0.101865 0)
(0.0985636 0.0162752 -3.48045e-17)
(0.0239406 -0.0450595 -2.01527e-17)
(0.0438161 -0.047869 -5.13445e-17)
(0.0188182 -0.0551943 -2.1613e-17)
(0.00510947 0.000948816 0)
(-0.00174855 -0.00461227 3.12943e-17)
(-0.0304733 -0.060379 -5.15686e-18)
(-0.173683 -0.0936277 -4.02512e-17)
(0.0499305 -0.00496058 -2.19687e-17)
(0.0103892 -0.0480954 -5.23918e-18)
(-0.0318043 -0.0349347 5.11047e-18)
(0.0727411 -0.0118718 -5.11348e-18)
(-0.166155 -0.119883 -2.00523e-17)
(-0.000109239 -0.119399 0)
(-0.210765 0.103605 1.07691e-17)
(0.0206001 -0.028415 -5.14799e-18)
(0.164759 -0.152321 -4.99712e-18)
(0.114219 0.179135 0)
(0.0810585 0.0181533 0)
(0.0290047 -0.0787792 -2.01292e-17)
(0.0720067 0.0704369 -2.05453e-17)
(-0.177028 -0.12127 6.28643e-21)
(0.0241359 -0.0490534 2.26262e-17)
(0.0667482 0.0479042 0)
(0.02839 -0.0437672 -2.16538e-17)
(0.017758 -0.0592807 2.85548e-18)
(-0.0132136 -0.0608328 -5.18316e-18)
(0.0128421 -0.0542466 -2.10332e-17)
(-0.0194255 0.00534383 2.91147e-17)
(-0.017193 0.00387987 9.97167e-18)
(0.121436 0.1646 -2.54326e-17)
(0.0306408 -0.0424048 0)
(0.0517516 0.0257566 -2.01195e-17)
(0.009356 -0.0643579 0)
(0.0667372 0.0317772 2.0538e-17)
(0.00352597 0.00573513 9.22695e-18)
(-0.0647822 -0.0440744 -2.05292e-17)
(0.0408111 -0.0557851 2.04823e-17)
(-0.147596 -0.0602437 -1.52024e-17)
(0.0609027 0.023315 1.51209e-17)
(0.0225133 -0.0577645 -2.15165e-17)
(-0.119595 -0.0882215 0)
(0.018305 -0.0625603 0)
(0.0231226 -0.0558783 2.22909e-17)
(-0.0668246 -0.0813736 2.04321e-17)
(-0.012769 -0.165033 0)
(0.0918064 0.0159682 -2.48585e-17)
(0.0210283 0.0428289 0)
(-0.0427016 -0.0775468 -3.59799e-17)
(0.023295 -0.0274959 0)
(-0.000789668 -0.0503072 5.21676e-18)
(0.0157656 -0.0474141 0)
(0.00746445 -0.0412207 0)
(0.0274728 0.0667805 0)
(-0.0620792 -0.0636009 1.99776e-17)
(0.109577 0.012261 0)
(0.00975134 -0.055449 2.09684e-17)
(0.110029 0.19912 0)
(-0.141058 -0.139928 0)
(-0.0794013 -0.0724292 0)
(-0.118026 -0.120421 -5.07927e-21)
(0.118403 0.0385464 -2.02364e-17)
(-0.191232 -0.0933895 2.50326e-17)
(0.0238168 0.0504036 -1.74163e-17)
(0.0133651 -0.0641794 0)
(0.108948 0.219697 -5.40329e-18)
(0.171714 -0.151662 1.97705e-17)
(-0.00805004 0.0231729 2.10616e-17)
(0.00194259 -0.0255965 -1.76691e-17)
(0.0392771 -0.0445034 5.39266e-18)
(0.0238319 0.0495701 -2.00273e-17)
(0.0986411 0.0752511 0)
(-0.0215616 -0.100485 0)
(-0.00828375 0.000553813 0)
(0.0117937 -0.0583879 2.09821e-17)
(-0.00995714 0.0169815 0)
(-0.116562 -0.162616 0)
(0.0206109 0.0328633 0)
(0.0998227 0.00145578 5.08768e-18)
(0.101581 0.0638794 1.4999e-17)
(0.0818901 0.175821 -1.33179e-21)
(-0.00333513 -0.0912048 5.08636e-18)
(-0.0544531 -0.0485655 -2.05592e-17)
(0.00389685 -0.0861675 -5.2223e-18)
(0.197498 -0.147425 0)
(0.101399 0.158995 -2.09025e-17)
(0.143253 -0.168273 -2.46819e-17)
(-0.00928692 -0.0432344 -5.18115e-18)
(0.113074 0.19817 0)
(-0.11537 -0.160946 0)
(0.125764 0.0676234 -4.54805e-22)
(-0.00587422 -0.144772 0)
(-0.181911 -0.0795669 -5.02827e-18)
(-0.0453786 -0.0390573 1.91269e-17)
(-0.0545296 -0.0374731 -2.00289e-17)
(0.10512 0.0650464 -2.00147e-17)
(0.117874 0.177628 0)
(-0.0677587 -0.107748 0)
(-0.072127 -0.181196 -1.99407e-17)
(-0.12736 -0.127702 1.99647e-17)
(0.00215452 -0.0931929 0)
(0.108995 0.230543 0)
(0.117851 0.0711585 0)
(-0.144338 -0.134202 -2.00681e-17)
(0.0137444 -0.0655251 4.27361e-17)
(0.214731 -0.131412 4.92133e-18)
(0.126685 0.149448 -2.52001e-17)
(0.0412155 0.0324614 -5.02774e-18)
(0.00297053 -0.0602365 -2.07967e-17)
(0.116702 0.155344 2.03992e-17)
(-0.0682544 -0.0235224 -2.51216e-17)
(0.00206356 -0.0101142 0)
(0.0851911 0.0546946 0)
(0.0142724 0.0155243 0)
(0.221193 -0.0947353 4.92626e-18)
(0.0975438 -0.163413 4.97832e-18)
(0.0669143 0.0443852 0)
(-0.00220717 -0.0644725 0)
(0.217338 -0.0592422 -1.97432e-17)
(0.12371 0.158023 0)
(0.111434 0.0161593 0)
(0.0688624 -0.179122 -1.49669e-17)
(-0.0545599 -0.168511 1.99268e-17)
(0.112132 0.0655656 1.99653e-17)
(0.209095 -0.109982 -4.92526e-18)
(-0.0517542 -0.0111957 5.06106e-18)
(-0.0806047 -0.141774 0)
(0.0223793 -0.205338 1.9902e-17)
(-0.156492 0.0817568 -1.26701e-17)
(0.130965 0.0115802 0)
(-0.096089 -0.126411 1.51754e-17)
(-0.138922 -0.0520577 2.03225e-17)
(0.130514 0.0452055 2.49029e-17)
(-0.0035322 -0.0405494 0)
(0.0156448 0.0115249 -2.30582e-22)
(-0.0048442 -0.183555 0)
(0.0372218 0.0343818 -6.57632e-18)
(0.210843 -0.0709674 1.48126e-17)
(0.21771 -0.0796636 -1.48141e-17)
(-0.0154515 -0.110333 2.03349e-17)
(-0.106153 -0.0606081 8.58859e-18)
(0.00883146 0.00797568 0)
(0.22503 -0.0646002 0)
(-0.0394687 -0.00821716 1.76247e-17)
(0.0674274 -0.0881546 0)
(-0.0374113 -0.00670982 2.52024e-17)
(-0.0613795 -0.124162 0)
(0.0683914 -0.134784 0)
(0.226523 -0.0819607 -2.46453e-17)
(0.108583 0.0487538 1.9955e-17)
(0.0718677 0.0420791 0)
(0.111091 0.0454332 -3.34941e-22)
(-0.00797842 -0.00379958 2.01446e-17)
(0.118846 0.0402403 -4.98535e-18)
(0.185829 -0.0266727 -1.98498e-17)
(0.108468 0.0326006 -4.98826e-18)
(0.151274 -0.125723 4.94183e-18)
(0.123052 0.037447 -3.98719e-17)
(0.154743 -0.0797996 2.47633e-17)
(0.126695 0.0734899 0)
(0.0114244 -0.120388 0)
(0.127568 0.0487128 0)
(-0.00790538 0.00708763 0)
(0.195245 -0.144112 -4.92734e-18)
(0.0967276 -0.0682144 -4.98135e-18)
(0.19635 -0.160296 4.92407e-18)
(0.179167 -0.0275117 -1.98675e-17)
(0.101809 0.0602863 -1.99965e-17)
(0.0914472 0.155363 4.01909e-17)
(0.0971094 -0.116066 -4.97016e-18)
(-0.0100185 -0.138577 0)
(0.153737 -0.038049 5.00604e-18)
(0.204733 -0.130888 0)
(0.193596 -0.115939 -1.97726e-17)
(-0.00111186 -0.096836 1.52217e-17)
(0.17696 -0.107491 4.94292e-18)
(0.0189375 0.0171964 5.03428e-18)
(0.183046 -0.0196042 1.98595e-17)
(0.196218 -0.105405 -4.93882e-18)
(0.179163 -0.0920605 -3.4656e-17)
(0.200355 -0.0685179 -1.48432e-17)
(0.157864 -0.00222251 1.50019e-17)
(-0.0196095 -0.000162987 -9.66638e-18)
(-0.150134 -0.103401 -2.50749e-17)
(0.0832145 0.0555719 0)
(0.169219 -0.0259528 -4.96167e-18)
(0.0845958 0.0289623 5.0027e-18)
(0.193499 -0.0817065 -4.94619e-18)
(0.175999 -0.0628821 -1.48528e-17)
(0.0275778 0.0153186 -2e-17)
(0.0246324 0.0132348 0)
(0.0408575 0.0341096 0)
(-0.0277422 -0.192197 -5.00985e-18)
(0.182404 -0.0150877 -4.46898e-17)
(0.069376 0.0352635 -2.00223e-17)
(0.203726 -0.038253 4.94697e-18)
(0.159951 0.026754 -4.97058e-18)
(0.15552 -0.0284069 -1.99029e-17)
(0.209279 -0.0897859 4.93543e-18)
(-0.0965795 0.0627642 -2.82748e-19)
(-0.00399757 0.00603623 0)
(0.213415 -0.0716137 1.48109e-17)
(0.162848 0.0300561 2.48413e-17)
(0.144849 -0.0132533 0)
(0.177909 -0.0840977 1.97993e-17)
(-0.0449856 -0.00916561 1.01222e-17)
(0.171392 -0.0174359 2.48487e-17)
(-0.0830273 0.062457 0)
(0.145897 -0.019023 1.4937e-17)
(0.0625496 0.023734 -2.00737e-17)
(0.155577 -0.0163608 -4.98203e-18)
(0.173739 -0.0310436 3.53737e-22)
(0.0553507 0.0224178 -1.50526e-17)
(0.111781 0.0833304 1.50458e-17)
(0.145427 -0.0245849 -2.48793e-17)
(0.14279 0.0515879 -4.97503e-18)
(0.189602 -0.074066 -4.94694e-18)
(0.0363717 0.0166744 0)
(0.159378 0.0219054 1.98796e-17)
(0.172852 -0.0242848 0)
(0.192494 -0.0419198 1.48624e-17)
(-0.08205 0.054086 1.79776e-17)
(-0.0812872 0.0466828 0)
(0.142442 0.00194033 -1.99415e-17)
(0.160811 -0.00401761 0)
(0.174989 -0.114268 3.97203e-17)
(0.177648 -0.020574 0)
(-0.10576 0.0564066 -1.92262e-17)
(0.190301 -0.0154455 2.4801e-17)
(0.121491 -0.0156661 -1.50615e-17)
(0.15616 -0.0224416 -2.61459e-22)
(0.181042 -0.0415702 4.96185e-18)
(0.135 0.0114807 -2.48933e-17)
(0.120896 -0.0109899 2.00928e-17)
(0.0720654 0.0328803 2.00241e-17)
(0.0131421 -0.00996138 -1.11813e-17)
(-0.0205468 0.000893006 1.89687e-17)
(-0.0101837 -0.00828158 1.25778e-18)
(0.0129679 -0.0177507 2.38908e-18)
(0.00280529 0.00221846 -1.13058e-22)
(-0.00770011 0.00521596 -4.08574e-17)
(-0.0207199 -0.00421669 0)
(-0.0176167 0.0042101 -1.7686e-17)
(-0.0151184 -0.00698765 -2.95813e-17)
(-0.0382552 0.0334987 -5.23835e-17)
(-0.0121058 -0.00686871 -2.00845e-17)
(-0.0209115 0.0048183 0)
(0.0197485 -0.0161641 2.93921e-17)
(-0.00731215 -0.00533019 2.02213e-17)
(0.00517174 -0.00243927 2.19275e-17)
(-0.0253362 -0.00414793 0)
(0.176522 -0.057303 1.48814e-17)
(-0.0241092 -0.00609661 -3.11404e-17)
(-0.016159 0.00856377 0)
(0.153473 -0.034031 -4.97495e-18)
(-0.15326 0.0717507 0)
(0.11988 -0.0201276 -1.49759e-17)
(0.173862 -0.0378301 4.96223e-18)
(-0.066696 0.0586181 0)
(-0.0747611 -0.0297576 0)
(0.167705 -0.064856 4.9608e-18)
(0.148981 0.0181549 -1.99033e-17)
(0.0791006 0.0305464 -5.00346e-18)
(0.185281 -0.0221611 1.48949e-17)
(0.116101 0.0131322 -3.4935e-17)
(0.190189 -0.0165196 4.98679e-18)
(0.100634 0.0221806 -1.48544e-17)
(0.107286 0.0579594 0)
(-0.0335931 0.0396444 -1.44292e-21)
(0.188923 -0.0291244 2.48105e-17)
(0.0178546 -0.168255 -4.97156e-18)
(0.071147 0.0239709 4.69794e-24)
(0.124168 0.0149743 -1.48538e-17)
(0.158456 -0.0893348 -5.01135e-18)
(0.114443 0.0308258 3.99095e-17)
(-0.0671547 -0.027842 1.82576e-17)
(0.136545 0.0461152 4.48044e-17)
(0.125539 0.0199288 -2.4792e-17)
(0.189081 -0.0339063 -1.48762e-17)
(0.143435 -0.0299305 2.48749e-17)
(-0.0289951 0.00944727 -4.02558e-17)
(-0.0283391 0.0435074 2.01126e-17)
(0.216568 -0.122185 -2.46297e-17)
(0.106455 -0.0164989 2.00273e-17)
(0.107585 -0.0124833 -2.7099e-22)
(0.124936 0.075039 0)
(-0.015104 0.0329225 3.40598e-17)
(0.13565 0.0176839 1.49399e-17)
(0.106487 -0.0083754 2.03314e-17)
(0.0458148 0.0207316 3.95828e-17)
(0.175268 -0.0135453 1.98928e-17)
(0.164453 0.00715559 4.97087e-18)
(0.187374 -0.0186275 -1.49068e-17)
(0.161319 -0.0587566 -1.9845e-17)
(0.166029 -0.00927773 4.97609e-18)
(0.159602 -0.00449001 0)
(0.155492 0.00114478 -4.9786e-18)
(0.201668 -0.0271762 -4.95855e-18)
(-0.0102651 0.0383341 -2.01176e-17)
(0.157283 -0.0972126 3.97015e-17)
(0.0018888 0.00989028 -1.86416e-17)
(0.153289 0.00740904 -1.4929e-17)
(0.0981211 0.0269194 -1.99739e-17)
(0.152623 0.0139529 -1.49164e-17)
(-0.123985 0.0192022 4.9753e-18)
(0.0346396 0.0235526 1.45737e-17)
(0.05001 0.0249866 2.00749e-17)
(-0.141762 0.0391241 9.76767e-18)
(-0.146745 0.0552507 0)
(-0.0814663 -0.0243352 -1.06442e-17)
(0.0174634 0.0452761 -3.41661e-17)
(0.00932125 -0.0387774 4.06005e-17)
(-0.0936146 -0.0131254 4.6335e-18)
(0.172654 -0.0448727 -1.98432e-17)
(0.139587 -0.0348025 4.97541e-18)
(-0.0763045 0.0272665 0)
(-0.106092 0.000502841 -4.11057e-17)
(-0.0334762 -0.0119328 0)
(0.153198 0.0206344 -2.48579e-17)
(-0.0214814 0.0467059 2.0103e-17)
(0.103508 -0.0203396 1.9967e-17)
(0.205782 -0.0318968 -1.979e-17)
(0.0291083 0.0268857 2.50006e-17)
(-0.00480866 0.04153 -2.01199e-17)
(0.185335 -0.0194858 0)
(-0.0134679 0.0461959 -4.02099e-17)
(0.0583547 0.0235723 -2.40868e-17)
(0.197511 -0.0266293 2.48311e-17)
(0.0994015 0.0116702 1.99849e-17)
(0.175682 -0.0142606 -1.49275e-17)
(0.168681 -0.00921284 0)
(0.16394 -0.00349367 4.97926e-18)
(0.160967 0.00260686 -9.9411e-18)
(0.221751 -0.0570128 -4.93731e-18)
(0.171202 0.00947432 1.4898e-17)
(0.160988 0.00290926 0)
(0.0617551 -0.00289769 2.20715e-17)
(0.116624 -0.0241865 -2.49576e-17)
(0.159374 0.00971549 4.47478e-17)
(0.073478 -0.0100788 0)
(0.0503581 -0.00966293 9.99158e-18)
(0.14955 -0.0393251 0)
(0.193354 -0.0364986 4.95825e-18)
(0.0914068 -0.0253174 -2.49691e-17)
(-0.0491133 -0.00230159 -1.72918e-17)
(0.226288 -0.0932349 1.47885e-17)
(0.0701278 -0.0126706 0)
(0.112217 -0.0274121 -2.63126e-17)
(0.0931598 0.0533441 2.00079e-17)
(0.169189 -0.052096 -4.96021e-18)
(0.0762617 -0.0052504 -2.19047e-17)
(0.166923 0.023685 -1.9865e-17)
(-0.179482 0.0915351 -4.99803e-18)
(0.15882 0.0166049 0)
(0.153769 -0.0702376 0)
(0.1996 -0.0342669 -4.95779e-18)
(0.195013 -0.0513893 0)
(0.194869 -0.0624374 2.47404e-17)
(0.107218 -0.0412651 0)
(0.203528 -0.0420321 4.95247e-18)
(0.134341 0.0315736 0)
(0.183272 -0.0203214 1.48956e-17)
(0.0426241 0.0304919 0)
(0.180221 -0.0492638 1.98432e-17)
(0.136547 0.0225161 4.97295e-18)
(0.146105 0.0135455 3.48273e-17)
(0.197878 -0.0451959 -2.47725e-17)
(0.215482 -0.0419574 0)
(0.106411 0.0256685 0)
(0.0436639 -0.00145267 1.96608e-17)
(0.0993709 -0.0232936 3.0838e-17)
(0.0554894 -0.00921744 0)
(0.133573 -0.0465814 0)
(0.134735 0.0168748 3.47566e-17)
(0.171884 -0.000500053 1.98693e-17)
(0.080899 0.00299369 -5.08478e-18)
(0.134081 0.0568718 0)
(0.111802 0.00937211 1.99603e-17)
(0.144744 0.00122757 9.96001e-18)
(0.143831 0.0462006 -4.9737e-18)
(0.0560282 0.0109091 0)
(0.089648 0.0230097 4.97692e-18)
(0.0331776 -0.000785617 -9.00573e-18)
(0.139599 0.0387528 0)
(0.139917 0.0285351 0)
(0.154518 0.00846401 -9.94413e-18)
(0.210717 -0.0383808 4.94821e-18)
(0.166094 0.0160464 -9.93444e-18)
(0.00450355 0.042892 5.02665e-18)
(0.0659913 -0.0138535 9.96683e-18)
(-0.0986487 -0.0337624 9.34117e-18)
(0.154458 0.0275364 0)
(0.158862 0.0234779 9.9402e-18)
(0.166462 0.0209224 -4.87819e-22)
(0.127814 0.0100459 4.98585e-18)
(0.123579 0.0601431 0)
(0.167263 0.0214396 4.96658e-17)
(0.143048 -0.0443548 2.4881e-17)
(0.143663 0.0352072 -4.97629e-18)
(0.0511889 0.000494722 -1.49262e-17)
(0.129185 0.0252941 0)
(0.124636 -0.0422437 -2.58522e-17)
(0.102412 -0.0295542 3.52123e-17)
(0.209054 -0.0450543 -4.95023e-18)
(0.132919 -0.0391331 4.97643e-18)
(0.131041 -0.0647035 2.11763e-17)
(0.157713 0.0130866 -2.98357e-17)
(0.118982 0.0582447 0)
(0.126544 0.0661738 -2.49156e-17)
(0.0870313 0.00576743 0)
(0.190574 -0.026625 -1.98522e-17)
(0.155596 0.0345663 4.473e-17)
(0.0947751 0.0386725 -3.04088e-22)
(0.0115743 0.0416458 2.01173e-17)
(0.177637 -0.0002196 2.48296e-17)
(-0.0587536 0.056884 0)
(0.195621 -0.0326647 -4.95877e-18)
(0.188507 -0.0254808 1.48887e-17)
(0.0624715 0.0464179 0)
(0.0590895 0.00584314 5.27955e-18)
(0.150746 0.0483138 1.9887e-17)
(0.21623 -0.060383 -1.48294e-17)
(-0.197077 0.0861844 0)
(0.168767 0.0142141 0)
(0.165109 0.028373 0)
(0.0143131 -0.117617 0)
(0.210463 -0.0549688 1.97743e-17)
(0.123289 0.139302 2.51545e-17)
(0.0150866 0.0395716 -2.01989e-17)
(0.146779 0.0423308 -4.97341e-18)
(0.126505 0.0321276 -1.99339e-17)
(0.18042 -0.034413 1.48946e-17)
(0.0753929 0.00724292 0)
(-0.137976 0.0711969 4.97214e-18)
(0.0922927 0.038663 4.49889e-17)
(0.136282 0.0532058 0)
(0.169794 0.0167736 -2.48319e-17)
(0.102533 0.048209 -4.99324e-18)
(0.137589 0.0422433 -1.49345e-17)
(0.120894 0.0549845 0)
(0.131358 0.00228059 -3.90327e-22)
(0.161627 0.0347737 -3.97475e-17)
(0.0982789 0.00347506 -5.08751e-18)
(0.0596885 0.030631 0)
(0.0956011 0.0524244 0)
(0.114245 -0.0469343 -1.64681e-17)
(-0.00935332 0.035866 3.8727e-21)
(0.158878 0.0303716 -1.98786e-17)
(0.17128 0.0143215 -1.48995e-17)
(0.148292 0.0492387 -1.98882e-17)
(0.148346 -0.063736 0)
(0.0416618 0.000960488 2.34748e-17)
(0.137542 0.00608362 1.00592e-17)
(0.146077 0.053329 -5.55821e-22)
(0.0705003 0.00456711 -5.0982e-18)
(0.0103348 0.0186496 0)
(-0.176599 0.0693728 -3.45691e-17)
(-0.122482 0.0740144 -4.0134e-17)
(0.0562713 0.0137684 0)
(0.111389 0.0323096 1.99624e-17)
(0.153865 0.0476735 1.98814e-17)
(0.210584 -0.0998213 0)
(0.115521 0.0533377 -1.99474e-17)
(-0.0504679 0.0521837 -2.00036e-17)
(-0.0752103 0.0581903 2.05967e-17)
(0.127965 0.0631783 1.49458e-17)
(0.0778588 0.0213156 0)
(-0.099261 -0.0109391 -1.96856e-17)
(0.147855 0.0441677 -1.98944e-17)
(0.122683 0.00617971 5.08021e-18)
(-0.00963054 0.041594 0)
(0.139241 0.0602772 0)
(0.0986535 0.0368631 -1.49838e-17)
(-0.0698587 0.0485846 2.00014e-17)
(0.12633 0.0359087 -4.98376e-18)
(0.0942254 0.0248005 0)
(-0.0981405 -0.0137884 0)
(0.183062 -0.0189991 -3.47679e-17)
(0.174039 0.00210203 -4.96691e-18)
(0.133922 -0.070903 5.33234e-18)
(0.155713 0.0414414 2.48506e-17)
(0.174876 0.00721438 1.48975e-17)
(0.175066 0.00240698 -3.47623e-17)
(0.149219 0.0525463 -2.48609e-17)
(0.145348 0.0592299 -1.98937e-17)
(0.137463 0.0638744 2.48858e-17)
(0.14719 0.0552649 4.47567e-17)
(0.170157 0.00684638 1.49009e-17)
(0.17202 0.00952518 -1.4899e-17)
(0.0782669 0.0314174 -5.09594e-18)
(0.200973 -0.0558946 0)
(0.155655 0.0432526 -3.97605e-17)
(0.176265 -0.00528087 -1.98728e-17)
(0.0740779 0.0150314 -2.00316e-17)
(-0.110394 0.060998 1.99127e-17)
(0.158103 0.03709 -1.98772e-17)
(0.0879809 0.0463349 0)
(0.131356 0.0730204 0)
(0.00331251 -0.0572982 0)
(0.177981 -0.0141925 1.98684e-17)
(0.00468813 0.0190837 0)
(0.0904828 0.0404286 -1.49952e-17)
(0.110169 0.0254936 0)
(0.0766531 0.0363389 0)
(0.114779 0.0645283 0)
(0.126275 0.0676394 -4.98242e-18)
(0.0939623 0.0219147 0)
(0.221473 -0.108838 1.96969e-17)
(0.174339 -0.00759109 -4.96773e-18)
(0.131582 0.0694243 0)
(0.0803958 0.0479677 -2.53148e-17)
(-0.0725497 0.0359348 -2.01038e-17)
(0.100383 0.0496245 0)
(0.179119 -0.0123545 4.96778e-18)
(0.109311 -0.167686 0)
(-0.116486 -0.016284 1.51312e-17)
(0.109966 0.0567814 0)
(-0.0223827 0.0126798 0)
(-0.0521594 0.0273944 -2.01679e-17)
(0.132722 0.0705716 0)
(0.138802 0.0655539 -1.99062e-17)
(0.121149 0.0619689 4.98407e-18)
(-0.128515 0.0524025 0)
(0.169514 0.000611433 1.49114e-17)
(0.132902 0.0639671 4.97875e-18)
(-0.0640296 -0.00213594 0)
(0.0669612 0.0386199 -1.36193e-17)
(0.175746 -0.0134764 -2.48547e-17)
(-0.0475953 0.0437775 -2.97209e-21)
(0.0994446 0.062615 -1.9999e-17)
(-0.0357895 0.00702955 2.01528e-17)
(0.137155 0.0686689 -1.99087e-17)
(0.102701 0.0150801 0)
(0.0114001 0.0265732 -1.51015e-17)
(0.130115 0.0751382 0)
(0.153672 -0.0101657 -1.99389e-17)
(0.141077 0.0629916 0)
(0.140088 0.0345952 4.97873e-18)
(0.112945 0.0704651 4.99465e-18)
(0.141196 0.0553529 0)
(0.114308 0.0637983 4.98975e-18)
(0.0617398 0.0264969 1.75176e-17)
(0.134546 0.0681356 1.49345e-17)
(0.018309 -0.0932889 0)
(0.138105 0.0221154 -1.49424e-17)
(-0.107635 0.0415267 0)
(0.0756633 0.0377071 0)
(0.0604693 0.028267 -1.80474e-17)
(0.130429 0.0720527 0)
(-0.129308 0.0293815 0)
(0.0634629 0.00813474 -5.23106e-18)
(0.116011 -0.129137 2.50096e-17)
(0.121987 0.0727499 -1.99529e-17)
(0.1561 0.0402231 -1.98816e-17)
(-0.0544509 -0.0434511 2.09486e-17)
(-0.0704994 -0.000786054 2.0361e-17)
(0.0991863 0.0614802 0)
(0.13493 0.0612252 -4.97905e-18)
(0.0855004 0.0452702 0)
(0.0814493 -0.0824751 -1.03529e-17)
(0.122221 0.0707933 6.60118e-22)
(0.10356 0.0544531 0)
(0.118259 -0.00634919 -2.53927e-17)
(0.0875066 0.0444731 0)
(0.0422362 0.0339819 -5.02654e-18)
(-0.074553 -0.00105238 1.59146e-17)
(-0.0791024 0.0134429 2.01499e-17)
(0.111729 0.0692534 1.99693e-17)
(0.139734 0.0302582 1.49361e-17)
(0.069666 0.0377501 -8.38522e-18)
(0.156954 0.0355774 3.97618e-17)
(0.113486 0.0659354 1.99653e-17)
(0.0397483 0.0364143 -5.0268e-18)
(0.0625572 0.0468754 0)
(0.124778 0.079799 0)
(0.111507 0.133673 2.01275e-17)
(0.148659 0.0397805 1.49201e-17)
(0.142309 -0.00757669 2.53539e-17)
(0.106521 -0.107186 -4.9603e-18)
(0.142865 0.0594984 0)
(0.0840512 -0.106869 0)
(0.18 -0.00772809 0)
(-0.220792 0.0254747 -1.98747e-17)
(0.0152401 0.0057258 0)
(0.103891 0.134199 -2.04625e-17)
(-0.192586 0.0582653 3.49963e-17)
(0.0470109 0.0247294 4.012e-17)
(0.106553 0.0437618 -1.99706e-17)
(0.169135 -0.0105152 0)
(0.108348 0.0413844 -1.99717e-17)
(0.151296 0.0314586 0)
(0.0835715 0.053412 0)
(0.124958 0.0792738 0)
(0.0980507 0.0709203 1.512e-17)
(0.108927 0.0586271 0)
(0.0218222 -0.0411844 0)
(0.123221 0.0205696 0)
(0.0759909 0.0548046 0)
(-0.0542916 -0.194528 -5.01398e-18)
(0.12692 0.0474995 0)
(0.180576 -0.0123569 2.48316e-17)
(0.121011 0.0754346 -4.9906e-18)
(0.115026 0.0874978 0)
(0.110613 0.0354846 -1.99663e-17)
(0.15069 0.0267679 -4.97388e-18)
(0.068708 -0.103835 5.17081e-18)
(0.124 0.0692556 0)
(0.0651292 0.0445738 -1.95077e-17)
(0.116556 0.0727798 -2.00189e-17)
(0.0863769 0.0132512 5.09936e-18)
(0.0899069 0.0637888 -1.50823e-17)
(0.0784147 0.0234394 2.55167e-17)
(0.0998913 -0.129368 -1.99386e-17)
(0.122375 0.0774805 0)
(-0.110761 0.0148561 0)
(-0.193058 0.0254099 0)
(0.108086 0.146539 0)
(0.102366 0.0791662 -1.50827e-17)
(0.099466 0.0459175 -5.03581e-18)
(0.119996 0.0756082 2.00341e-17)
(-0.191856 0.0817992 1.18196e-17)
(0.0951513 0.0307962 -5.04341e-18)
(0.0710176 -0.0841387 2.08624e-17)
(0.0668535 0.0401349 0)
(0.0869778 0.0736237 -1.59935e-17)
(0.131631 0.052602 4.98172e-18)
(0.178056 -0.00495017 0)
(0.126416 0.0755368 -1.99504e-17)
(0.129731 0.0555924 4.98119e-18)
(0.141688 0.0983065 -2.52035e-17)
(0.0995573 -0.147187 0)
(0.114791 0.0679027 -4.01373e-17)
(0.106455 0.122308 0)
(0.132259 0.0836977 0)
(0.00431984 -0.0865854 5.21268e-18)
(0.138372 0.089893 0)
(0.106437 0.0879975 -1.5107e-17)
(0.0945567 0.0721447 -5.03178e-18)
(0.0738433 -0.123452 -2.5125e-17)
(0.124999 0.0245993 4.98689e-18)
(0.109242 0.0220337 0)
(-0.00131613 -0.211473 -3.99039e-17)
(-0.109546 -0.0243491 4.87462e-18)
(0.122475 0.0459011 1.49592e-17)
(-0.134745 0.00079081 -1.50265e-17)
(0.125807 0.0775366 -1.99778e-17)
(0.0192349 0.0194372 0)
(0.173173 -0.00630754 1.98878e-17)
(0.126208 0.0774676 4.48998e-17)
(-0.08615 -0.0206756 -2.60935e-17)
(0.11777 0.0512508 1.99491e-17)
(-0.00593531 -0.106699 -2.02912e-17)
(0.0892312 0.0820655 -1.80535e-17)
(0.0989734 0.0808907 -5.04049e-18)
(0.123918 0.042785 -1.9941e-17)
(0.0899633 0.0436394 0)
(0.035063 -0.0867796 0)
(0.0959254 -0.0245117 -5.04714e-18)
(0.0154462 -0.0585625 0)
(0.0653215 0.0430992 2.50709e-17)
(0.150322 -0.0042248 0)
(0.102213 0.0573102 0)
(0.0403225 0.00156046 2.52872e-17)
(0.136366 0.0935124 0)
(0.165798 -0.00378739 -1.98901e-17)
(0.120835 0.0731561 3.36625e-22)
(0.0844349 0.052268 -2.00174e-17)
(-0.225215 0.00791909 1.99121e-17)
(-0.0319425 -0.0512539 5.16243e-18)
(-0.0120176 -0.166377 1.80035e-17)
(0.137897 -0.00234743 -2.47121e-17)
(-0.172342 0.0403632 0)
(0.00638528 -0.0696336 0)
(-0.195731 -0.100449 6.04212e-21)
(0.0938823 0.0332547 0)
(-0.0502516 -0.113636 -5.07923e-18)
(0.0724769 0.0129568 1.99541e-17)
(0.0919859 0.111145 -1.50979e-17)
(0.0801871 0.0725009 1.78802e-17)
(0.0230538 -0.0628765 -2.07194e-17)
(0.112986 0.109171 0)
(0.088999 0.0161651 0)
(0.0784178 0.0295499 -5.09675e-18)
(0.110656 0.0978258 0)
(0.097919 0.0145772 -2.02326e-17)
(-0.0115124 -0.06591 -5.16414e-18)
(-0.177596 0.00818359 1.49733e-17)
(0.0169477 -0.14526 5.03461e-18)
(0.103306 0.0901565 0)
(-0.0570622 -0.00212061 -2.55638e-17)
(0.117036 0.0622497 0)
(-0.0231032 0.00303108 5.04959e-18)
(0.142252 0.103204 2.00988e-17)
(0.0341163 -0.126999 0)
(0.0936053 0.0544611 0)
(0.0629063 0.0583442 9.31028e-18)
(0.0447602 0.028787 -2.00653e-17)
(0.0810116 -0.144215 2.50968e-17)
(0.125896 0.0718662 0)
(-0.20043 -0.00799355 -1.99661e-17)
(0.121983 0.0591686 2.00876e-17)
(0.100475 0.0564576 2.00909e-17)
(0.0870863 0.120421 4.57968e-18)
(0.0849017 0.0982865 -4.63691e-18)
(0.106341 0.100575 -2.13189e-17)
(0.0735651 -0.157336 1.51543e-17)
(0.0820424 0.10764 -4.53238e-18)
(0.132236 0.0743029 -2.01118e-17)
(0.107426 0.111133 -2.07479e-17)
(0.0372702 -0.0555028 -2.18777e-17)
(0.136031 0.0752789 2.51764e-17)
(-0.0334891 -0.0838162 2.04742e-17)
(0.00341022 -0.0951607 -2.07693e-17)
(-0.0234847 -0.129146 5.06229e-18)
(0.0933783 0.101341 1.94396e-17)
(0.113391 0.120738 -2.01154e-17)
(0.0098316 -0.0773625 -1.59963e-17)
(0.0882814 0.0412718 0)
(0.0989073 0.146055 0)
(0.128885 0.0625405 -2.01184e-17)
(0.0297034 -0.142366 -5.04651e-18)
(-0.0107461 -0.137655 -5.05605e-18)
(0.0433277 -0.156922 2.02318e-17)
(0.140882 0.141383 -2.01679e-17)
(0.00683299 -0.0733133 0)
(-0.030818 -0.148319 1.01803e-17)
(0.129196 0.13396 -2.01391e-17)
(-0.0111405 -0.160377 -2.23605e-21)
(-0.0105693 -0.0791991 0)
(0.124432 0.125176 2.01166e-17)
(0.0051963 -0.0760913 -1.17059e-18)
(0.137719 0.0825112 -5.03778e-18)
(0.0550888 -0.149042 0)
(0.0684181 0.0181684 5.03518e-18)
(0.0506555 -0.0448691 2.19391e-17)
(-0.230114 -0.00692898 -2.00506e-17)
(-0.03948 -0.133631 5.07293e-18)
(0.00862578 -0.0820744 0)
(0.0193128 -0.0680439 -5.185e-18)
(-0.00466581 -0.172006 0)
(0.0110305 -0.120716 0)
(0.00555856 -0.0961893 0)
(0.0542249 0.041782 2.76012e-17)
(0.0172388 -0.116966 0)
(-0.0159338 -0.0121304 0)
(0.0612134 0.0189543 -1.75252e-17)
(0.0674114 0.169898 -9.76697e-22)
(0.00676068 -0.164414 0)
(-0.00226033 -0.0754408 -2.05109e-17)
(0.0123445 -0.039194 0)
(0.138646 0.134437 -2.01468e-17)
(0.0373527 -0.0825354 -2.04482e-17)
(-0.0163108 -0.0753611 5.14267e-18)
(-0.0887304 -0.171594 5.01644e-18)
(0.000563849 -0.0693372 0)
(0.0122053 -0.104953 -5.24409e-18)
(-0.0327084 -0.101437 0)
(-0.231816 -0.0212689 0)
(-0.00757537 -0.189433 -9.40224e-18)
(0.0107984 -0.127577 -5.06429e-18)
(0.145268 0.117384 1.50994e-17)
(0.0104243 -0.143299 -2.02364e-17)
(0.105736 0.240733 -2.0834e-17)
(0.0609255 0.0665116 7.89633e-19)
(0.00540536 -0.0650537 0)
(0.0600179 0.0214993 4.32398e-18)
(-0.0102676 -0.0869882 0)
(-0.152619 0.0422117 1.37739e-17)
(-0.0877861 -0.0181585 4.23392e-17)
(0.000586474 -0.111146 2.03168e-17)
(0.0772821 0.139118 -2.14663e-17)
(0.118043 0.0882125 2.51049e-17)
(0.145424 0.134094 5.04044e-18)
(0.130097 0.176565 0)
(1.39949e-06 -0.126261 2.54054e-17)
(0.00621801 -0.105958 -1.56839e-17)
(0.122363 0.096674 -2.53561e-17)
(0.142911 0.136992 -5.04528e-18)
(0.0283432 -0.0376768 0)
(0.143185 0.101086 4.02334e-17)
(-0.208354 -0.0267158 2.00629e-17)
(-0.0657457 -0.0790366 2.01148e-17)
(0.087614 0.0247913 5.03828e-18)
(-0.00713818 -0.191015 0)
(-0.2121 -0.0847269 2.00809e-17)
(0.122965 0.112296 0)
(0.140987 0.153053 -5.05033e-18)
(0.115657 0.212713 0)
(-0.176435 -0.0360534 0)
(0.136991 0.156849 -1.52067e-17)
(0.0138361 -0.146008 -2.53688e-17)
(0.0220037 -0.10811 7.09867e-19)
(0.00349201 -0.0612254 2.03435e-17)
(0.0297223 -0.0574482 -2.02597e-17)
(-0.0696676 -0.0485199 -2.09256e-17)
(0.141518 0.124487 6.33624e-22)
(0.145554 0.116843 5.03991e-18)
(0.0768103 -0.015626 2.03006e-17)
(0.138914 0.110104 1.32452e-22)
(0.109963 0.222991 -2.07622e-17)
(0.11036 0.0742479 -2.0084e-17)
(0.0105198 -0.177529 0)
(0.0235072 -0.090845 0)
(0.0242371 -0.135937 5.06326e-18)
(0.077874 0.0480768 5.14705e-18)
(0.129709 0.175784 -5.10897e-18)
(0.0616937 -0.0767438 0)
(-0.0085083 -0.184175 0)
(0.133777 0.171624 5.08606e-18)
(0.0991955 0.0612029 -2.00385e-17)
(-0.099779 -0.0505264 0)
(0.122549 0.19436 0)
(0.0243996 -0.113352 0)
(0.136383 0.15101 2.52404e-17)
(0.168531 -0.123519 -1.96671e-17)
(0.126235 0.106974 1.51921e-17)
(-0.0299896 -0.172319 -1.51169e-17)
(0.0876468 0.0551036 1.47128e-17)
(0.0230028 -0.0514957 -2.16927e-17)
(-0.0528206 -0.154694 -5.03933e-18)
(0.129106 0.097049 9.07637e-24)
(-0.00911185 -0.175339 -1.78742e-17)
(0.125778 0.189347 0)
(0.131098 -0.145734 -1.50396e-17)
(-0.0769528 -0.154986 5.04258e-18)
(0.166176 -0.172012 4.94518e-18)
(0.104456 0.262217 -2.08259e-17)
(0.113261 0.207934 5.08607e-18)
(-0.00575678 -0.0664971 5.62307e-18)
(0.130481 0.0877176 1.97267e-22)
(0.129327 0.00630236 0)
(0.125375 0.0103839 1.48732e-17)
(0.128855 0.119594 0)
(0.137594 0.119367 -2.01363e-17)
(0.00857873 -0.0470602 0)
(-0.0435987 -0.197239 0)
(0.0272727 -0.0547544 2.18692e-17)
(0.117757 0.206575 0)
(-0.0269996 -0.0781134 -2.02515e-17)
(0.0190042 -0.184274 -2.00973e-17)
(0.130804 0.167713 0)
(0.0482737 0.0254692 -2.50428e-17)
(0.0886333 -0.0309444 -5.08747e-18)
(0.125203 0.0822316 1.50372e-17)
(0.0541666 0.0261746 -1.50298e-17)
(-0.0914818 -0.0499143 2.06805e-17)
(0.0829713 -0.0447227 2.02892e-17)
(0.136824 0.159235 -5.06286e-18)
(0.107817 0.0758127 -1.77273e-22)
(0.113755 0.0350572 0)
(0.115498 0.0722638 5.01585e-18)
(-0.0193084 -0.185957 1.98598e-22)
(0.145865 0.000933354 -4.98397e-18)
(0.136113 0.00307317 1.98712e-17)
(0.119937 0.101103 5.0689e-18)
(0.0518875 -0.101269 0)
(0.0222549 -0.212012 -7.52615e-21)
(0.051163 -0.0283806 1.52111e-17)
(0.133845 0.106742 -2.01073e-17)
(0.127196 0.0813949 -5.02533e-18)
(0.0151081 -0.0256149 2.47973e-17)
(0.0625578 -0.0714414 0)
(0.00772981 -0.0369247 0)
(0.00237435 -0.0469637 0)
(0.063041 0.0264271 5.0157e-18)
(0.072887 0.0271843 0)
(-0.000287682 -0.172624 2.09409e-17)
(0.103632 0.0358438 -2.02229e-17)
(0.0164502 0.0167331 2.09858e-17)
(0.174066 -0.00541117 4.97305e-18)
(0.158675 -0.00101696 0)
(-0.0382838 0.00459092 3.69334e-17)
(0.115932 0.0915847 5.04537e-18)
(0.124637 0.0897739 2.00854e-17)
(0.12679 0.0845916 -1.50716e-17)
(0.102512 -0.0138668 -1.52633e-17)
(0.0813155 0.0274949 0)
(0.123111 0.183672 0)
(0.00227455 -0.202228 4.50857e-17)
(0.0063008 -0.0255366 0)
(0.12209 0.0814256 -2.00802e-17)
(0.0150286 0.0310015 -5.06069e-18)
(0.134166 0.0990386 0)
(0.129057 0.0913594 4.02483e-17)
(0.0113042 -0.0760949 0)
(0.0556058 -0.00273964 2.53262e-17)
(0.0173832 -0.146007 0)
(0.115347 0.0194244 0)
(-0.184734 -0.0584094 0)
(0.127589 -0.198323 0)
(-0.101966 0.0621768 1.16553e-17)
(-0.0234056 -0.107116 0)
(0.124962 0.0859544 -2.51461e-17)
(-0.061441 -0.00119545 0)
(0.100945 -0.183694 2.01262e-17)
(0.0938419 -0.20121 1.9984e-17)
(0.121961 0.192819 2.01884e-17)
(-0.204739 -0.0469722 5.05054e-18)
(-0.214568 -0.0671628 0)
(-0.0109831 -0.146369 3.43414e-17)
(0.114186 0.198137 -2.53831e-17)
(0.0191496 -0.0666669 0)
(0.10652 0.067485 0)
(0.118183 0.0782272 -2.00949e-17)
(0.177911 -0.141839 0)
(0.0934223 -0.0304092 2.50913e-17)
(-0.0920307 -0.0399666 -3.85084e-17)
(0.0379537 -0.181 -2.01364e-17)
(-0.083813 -0.0972053 -1.50941e-17)
(0.0425218 0.131959 1.09756e-17)
(-0.14235 -0.0307921 -1.51434e-17)
(-0.166185 -0.0481134 0)
(0.000681143 -0.023792 0)
(0.130401 -0.164024 -4.99785e-18)
(0.0931511 0.0068656 5.02576e-18)
(-0.207612 -0.072117 -5.0167e-18)
(0.103266 -0.203311 0)
(0.0075996 -0.0286635 0)
(-0.231812 -0.0644286 2.50797e-17)
(-0.230066 -0.0469668 -2.51038e-17)
(0.157927 -0.186295 -4.95331e-18)
(0.13742 0.00637707 4.97004e-18)
(0.12487 0.0807026 2.50959e-17)
(0.11405 0.0809809 0)
(0.119993 0.0766978 1.50595e-17)
(0.0166483 -0.0738985 5.17804e-18)
(0.0340241 0.0294547 2.00527e-17)
(0.0180577 -0.0441371 0)
(0.0351705 0.0200249 1.01572e-17)
(0.09918 -0.0813327 0)
(0.150066 -0.00143676 -4.97058e-18)
(0.136184 0.00950891 4.98836e-18)
(0.00683947 -0.0612544 4.6922e-17)
(0.121042 0.083826 5.02871e-18)
(0.0517525 -0.211668 0)
(0.0933349 0.0630621 1.51011e-17)
(0.0697097 0.0464176 -4.88414e-18)
(0.0521861 0.0306076 -5.00704e-18)
(0.0843407 0.0554628 5.04316e-18)
(0.0941857 0.138948 0)
(-0.172621 -0.0160181 -3.87207e-17)
(-0.236009 -0.0374794 0)
(0.0606669 -0.192094 0)
(0.069965 -0.00618727 2.51781e-17)
(-0.000850305 0.0100826 0)
(0.17444 -0.00748288 -4.9611e-18)
(0.103837 0.0685591 0)
(0.0715749 0.0543129 0)
(-0.0845725 -0.0546599 -2.0165e-17)
(0.0773504 0.0642303 -2.81681e-17)
(0.0150289 -0.034079 0)
(-0.0429635 -0.129607 1.55259e-18)
(-0.207046 -0.040486 0)
(0.0291308 -0.00161698 1.98626e-17)
(-0.0181357 -0.0496562 0)
(0.0647879 0.0284382 0)
(0.00652702 -0.0769612 -5.2651e-18)
(0.148326 -0.114433 1.99675e-17)
(-0.0134063 -0.1784 -3.92078e-17)
(0.147003 -0.00746205 -2.49457e-17)
(-0.011674 0.0194557 4.03552e-17)
(0.0838563 0.200536 -2.07872e-17)
(0.0360445 -0.0347428 2.07245e-17)
(-0.191667 -0.0598992 -5.00801e-18)
(0.0689332 -0.0432116 -2.00737e-17)
(-0.0830703 -0.0175883 5.04567e-18)
(-0.0154195 -0.0925749 0)
(-0.123477 -0.0494449 2.01224e-17)
(0.133076 -0.198587 4.99091e-18)
(0.0757659 -0.181357 -4.02747e-17)
(0.0636083 -0.21061 0)
(0.00211855 -0.0523634 0)
(0.0807644 -0.212975 0)
(0.0802743 -0.025715 -2.002e-17)
(-0.185555 -0.0257255 -5.02726e-18)
(0.0599365 -0.00808794 0)
(0.0620746 -0.00550787 0)
(-0.128529 -0.0873234 -5.00943e-18)
(0.00858828 -0.0318857 3.58148e-17)
(0.143622 -0.181406 -4.96557e-18)
(0.0131374 -0.0631012 -2.40624e-17)
(0.030679 -6.77437e-05 -2.15493e-17)
(0.0445784 -0.0841955 1.93983e-17)
(0.000927711 0.00201114 1.0684e-17)
(-0.19866 -0.00121407 2.00161e-17)
(-0.14884 -0.065317 5.00239e-18)
(0.0622011 -0.00167846 0)
(0.0823414 0.0649475 0)
(0.0305479 0.0274629 5.94129e-18)
(0.134494 -0.08824 -2.07366e-17)
(0.0880847 0.0231608 -5.02111e-18)
(-0.0668521 -0.0375499 2.01487e-17)
(0.0117518 0.00862608 -2.53322e-17)
(0.0575088 -0.116272 5.14715e-18)
(0.0311244 0.198169 0)
(0.106157 0.242957 2.02089e-17)
(0.0412929 -0.118898 0)
(0.0768987 0.266874 1.61265e-17)
(-0.0059064 0.00551702 -2.14116e-17)
(0.0276665 -0.102021 -1.47077e-17)
(0.0466729 -0.0425924 0)
(-0.00537707 -0.165832 2.20214e-17)
(-0.00821302 -0.169598 4.2471e-17)
(-0.203543 0.0729993 -2.24233e-17)
(0.0354303 0.00655529 -1.84505e-17)
(0.118115 -0.104776 0)
(0.0613419 0.0310536 0)
(0.0713831 0.0705106 0)
(0.0718627 0.0777733 2.34181e-17)
(0.104011 -0.0586314 -1.92951e-17)
(0.0424368 0.0457051 0)
(0.108036 0.221319 5.48272e-18)
(0.0616412 0.110494 5.86968e-18)
(-0.0952843 -0.00734623 -1.53305e-17)
(0.0381279 -0.0436242 0)
(0.0288359 0.0349653 0)
(0.0769004 -0.00827307 0)
(-0.214655 0.0885195 0)
(0.0394523 0.171785 0)
(0.0551571 -0.000996366 -3.39799e-17)
(0.0699104 0.256842 0)
(0.0758932 -0.00271383 0)
(0.101403 -0.0482859 1.08034e-17)
(0.0313274 0.216722 0)
(0.114932 -0.00228611 -1.57731e-17)
(0.103287 0.214664 2.18153e-17)
(0.138715 -0.120492 -1.49639e-17)
(-0.197921 0.0615233 -1.54744e-17)
(0.0625385 -0.000260913 1.00983e-17)
(0.10809 0.000997431 0)
(0.0228058 0.113812 0)
(-0.0136668 -0.179045 2.26085e-17)
(0.0659154 0.0598732 2.00165e-22)
(0.00524839 -0.0588199 -3.58711e-17)
(0.0513462 0.00812515 0)
(0.0771174 0.114874 -2.35447e-17)
(0.00423793 -0.0515992 1.22792e-17)
(-0.196416 0.0911977 0)
(-0.0106085 -0.161305 -4.24295e-17)
(-0.0191535 -0.00798138 1.03241e-17)
(-0.0253791 -0.00839422 2.14994e-17)
(-0.00392869 0.00730909 2.11372e-17)
(-0.0143113 -0.00749207 1.98563e-17)
(-0.00974816 -0.00853457 0)
(-0.0293977 -0.00481398 1.77285e-17)
(-0.00996763 0.010464 1.72377e-17)
(-0.0160717 -0.00880315 -5.29892e-18)
(-0.0132496 -0.00839204 0)
(-0.00491013 -0.0072062 0)
(-0.015488 -0.00766458 4.26549e-17)
(0.00528433 0.0022613 -2.13696e-17)
(-0.0271926 -0.00752187 -2.82768e-17)
(-0.0160937 0.00502584 0)
(-0.0181473 -0.00667089 -2.04956e-17)
(-0.0200939 -0.00724299 0)
(-0.00346928 0.00421198 4.03902e-17)
(-0.0128335 -0.00634546 -2.11722e-17)
(-0.00821972 -0.00776266 0)
(-0.0228309 -0.00548289 3.41626e-17)
(0.000872098 0.000336031 1.98772e-17)
(-0.00961149 0.00505357 0)
(-0.0149964 -0.00650069 -1.58765e-17)
(-0.11594 -0.0211462 -1.54238e-19)
(-0.0314949 -0.0039701 2.18207e-18)
(-0.179882 0.0524079 -3.19453e-17)
(0.0578477 -0.0368082 2.09492e-17)
(0.0360407 0.0712364 3.41763e-17)
(0.0351417 0.0578246 -2.27533e-17)
(-0.0245549 -0.00124319 2.09756e-17)
(0.0556751 -0.130599 -5.24442e-18)
(0.0533889 -0.0436327 -2.07827e-17)
(-0.0107671 -0.0526896 4.33402e-17)
(0.0179608 -0.0411301 -2.36632e-17)
(0.0153153 -0.0590007 -2.42917e-17)
(-0.130295 0.0759181 1.08528e-17)
(-0.106241 -0.0311826 -6.56063e-18)
(0.0158511 -0.00997328 2.31767e-17)
(0.012117 -0.00169564 2.85831e-18)
(0.0816798 0.235004 0)
(0.0139214 -0.0519327 -2.21842e-17)
(0.00202811 -0.0544193 -8.75558e-18)
(-0.014968 0.0017374 1.92643e-17)
(0.0446301 -0.051974 -2.77349e-17)
(0.02021 0.0347625 2.51284e-17)
(0.0449183 -0.0368939 2.00109e-17)
(-0.000227836 -0.0412733 2.1018e-17)
(0.0948346 0.235125 0)
(0.0174892 -0.0520607 2.85507e-18)
(0.038673 -0.0536873 2.25033e-17)
(0.0774615 -0.0299571 4.44655e-17)
(0.054979 0.02924 8.94487e-18)
(0.0256692 -0.0827769 0)
(0.0988982 0.18931 -2.3014e-17)
(0.00954022 -0.00510585 -2.79986e-18)
(0.106718 -0.0666368 0)
(0.0292481 -0.0572572 -6.7658e-17)
(0.00256199 -0.065443 0)
(-0.209429 0.08718 0)
(0.00384651 0.00567157 2.33284e-17)
(0.0436275 0.0131024 -1.0926e-17)
(-0.00694782 -0.0799916 -2.48709e-17)
(0.0536258 0.102449 1.76743e-17)
(0.00301729 -0.00584013 -1.98965e-17)
(0.0938454 0.223419 0)
(0.0157296 -0.0775733 0)
(0.101565 0.195097 0)
(0.00606988 -0.0707136 1.37564e-18)
(0.0395234 -0.0225771 -4.28424e-17)
(-0.0213916 -0.00898709 1.07052e-17)
(-0.000181482 0.00189576 -2.07909e-17)
(-0.0137748 -0.125579 2.53715e-17)
(0.0814788 0.118574 -6.8469e-19)
(0.0157749 -0.0631171 -4.01322e-17)
(0.029074 -0.0105496 2.22405e-17)
(0.0831282 0.21249 0)
(-0.212504 0.0588342 0)
(0.0519771 -0.0409387 -1.56526e-17)
(0.0323975 -0.0573657 4.49751e-17)
(0.0468071 0.0222432 0)
(0.075293 0.127997 1.32469e-17)
(0.00297645 -0.0274294 -1.14799e-17)
(0.0532011 0.0298982 2.54591e-17)
(-0.191919 0.0968217 0)
(-0.0183364 0.00879833 -2.65986e-17)
(-0.0054206 0.00413 1.13197e-17)
(0.000586652 0.0142362 1.11036e-17)
(0.0251901 -0.0584278 2.38195e-17)
(0.0565648 0.137163 -2.14168e-17)
(0.054533 0.048359 0)
(-0.00742417 0.0105581 0)
(-0.0134708 0.0164153 0)
(0.0456352 0.0510147 1.42939e-17)
(0.00187871 -0.0559127 2.70392e-17)
(0.087216 -0.037707 -8.09115e-22)
(0.0191326 -0.0133921 1.73626e-17)
(0.0212561 -0.0188408 -2.01695e-17)
(-0.0100959 0.032546 -2.07097e-17)
(-0.0136333 0.0257249 0)
(-0.111418 -0.013692 0)
(0.104437 -0.004589 0)
(0.0196971 0.00174823 -1.24898e-17)
(0.0190163 -0.0313598 2.14783e-17)
(0.0533878 0.0414659 4.8296e-17)
(0.084946 0.14061 0)
(0.0461104 -0.0101872 -2.06115e-17)
(-0.0102364 0.0172404 -1.07003e-17)
(0.00972317 -0.0125311 -2.37373e-17)
(0.00161979 0.0143544 -1.09234e-17)
(0.0912674 0.000877938 0)
(0.0334225 -0.0492378 -1.28569e-17)
(0.0597886 0.212866 1.63023e-17)
(0.0461496 -0.0475647 -2.16684e-17)
(-0.112443 -0.0235696 3.28442e-17)
(0.0294599 0.00262735 -2.31657e-17)
(-0.122599 -0.0179789 -3.02913e-17)
(0.0475128 0.00627668 0)
(0.00203703 -0.00680401 1.22493e-17)
(0.00243507 -0.0426084 -1.28228e-17)
(0.0034917 0.0247563 -1.16968e-17)
(0.0863688 0.0828222 2.29151e-17)
(-0.0297488 -0.00285019 -2.85035e-17)
(0.0449881 0.0195791 0)
(0.0876956 0.0921155 -1.21196e-17)
(-0.00796665 -0.171413 0)
(0.0508349 0.11403 -2.3204e-17)
(0.0110667 0.00462541 -1.33348e-17)
(0.00084606 -0.030927 -1.3788e-17)
(-0.00488366 -0.00470184 0)
(-0.00741262 -0.187829 3.0128e-18)
(0.000388819 -0.0119512 0)
(0.00641603 0.000931565 0)
(0.016728 -0.00443595 -1.39857e-17)
(-0.13363 -0.040179 0)
(0.000271323 -0.00423956 -1.27377e-17)
(0.0277583 0.0381175 0)
(0.0411251 0.112663 2.23999e-17)
(0.0225801 -0.062308 -2.42235e-17)
(-0.0219297 0.00329661 -2.4317e-17)
(-0.0244417 0.0026951 -2.49895e-17)
(-0.00063885 -0.00868622 0)
(-0.0106674 -0.00977244 0)
(-0.0202503 0.00780565 -3.20632e-17)
(-0.00418364 -0.121837 -2.68812e-17)
(0.0080775 -0.0100375 -1.33199e-17)
(0.0233299 0.0186626 1.24331e-17)
(0.0476478 -0.0477534 1.41807e-18)
(0.0534517 0.0257712 2.34663e-17)
(0.0258311 0.0155571 1.17609e-17)
(-0.0100955 -0.182056 3.07327e-17)
(-0.00404684 0.0212392 1.1317e-17)
(0.0535869 0.265987 -4.81908e-17)
(0.0126216 -0.0442019 -2.77567e-17)
(-0.116107 -0.0242479 0)
(-0.0100416 -0.132468 1.47271e-17)
(0.00238844 0.000743941 -1.3043e-17)
(0.0467386 0.0168605 5.28358e-18)
(0.0391308 0.0945819 0)
(0.0120236 0.0171571 1.20912e-17)
(0.0360009 0.0796193 -2.46339e-17)
(0.0310392 0.0321483 0)
(0.0170816 0.00840503 -1.00153e-23)
(0.011812 0.00973885 0)
(0.0204374 0.0216721 -1.55206e-18)
(0.00822948 0.00252119 -2.45265e-17)
(0.0151698 0.0136977 6.29783e-18)
(-0.0292226 0.00288102 4.00947e-17)
(-0.0359341 0.000706748 -1.25587e-17)
(-0.0119268 -0.175188 -3.18443e-17)
(0.026291 -0.0204959 -5.27564e-17)
(0.059152 0.0776357 3.88219e-17)
(0.0491937 -0.0287391 2.59827e-17)
(-0.0282738 0.00411463 -1.31462e-17)
(-0.0256516 0.00306811 2.84349e-17)
(0.00823372 0.132482 0)
(0.0804752 0.123806 6.92799e-22)
(-0.0151949 0.00516785 2.21767e-17)
(-0.000217209 -0.00340736 -2.14048e-17)
(-0.149828 0.0822153 1.98115e-17)
(0.0126027 -0.0634702 -3.0588e-17)
(0.0035394 0.0156736 -1.02057e-17)
(-0.0292898 -0.00472566 -3.43646e-17)
(0.0805289 -0.0519149 -1.2487e-17)
(-0.0178467 0.00233739 5.91303e-18)
(0.00181206 -0.0647557 -1.05392e-17)
(0.0366146 0.0300528 0)
(0.00731119 -0.0553726 0)
(0.0362616 -0.0414445 3.2853e-17)
(0.0124691 -0.0104737 5.89103e-18)
(-0.00703417 0.0134537 0)
(0.00356935 -0.0663913 0)
(0.100361 0.170894 0)
(0.0744629 -0.037277 1.37574e-17)
(-0.0939232 -0.0046539 1.38914e-17)
(-0.0971205 -0.00799965 -7.42952e-18)
(0.0156761 -0.0186987 1.16833e-17)
(0.0566642 0.0493775 0)
(-0.0100455 0.0211316 -2.08268e-17)
(-0.0686592 -0.0523384 -7.80269e-18)
(0.0371039 -0.0801791 0)
(-6.45816e-05 0.00849674 2.41804e-17)
(-0.000244817 -0.00169552 -4.2836e-17)
(0.0200027 -0.0485123 2.62823e-17)
(0.0491819 0.249547 0)
(0.0267492 0.0159502 2.65052e-17)
(0.000986837 -0.00274666 -2.46743e-17)
(0.0210082 -0.0472684 8.57933e-18)
(-0.104816 -0.0478841 -6.01463e-18)
(0.0517666 0.0410513 -2.84322e-17)
(0.0507057 0.0296764 -3.33227e-17)
(0.0324996 -0.00632844 -2.61793e-17)
(0.00703192 -0.0631379 1.35265e-17)
(0.00900146 0.0153909 -2.68251e-17)
(-0.126269 -0.0165031 3.81212e-17)
(-0.0241117 -0.00158926 2.72472e-17)
(0.0440602 0.0100684 5.38355e-18)
(0.0603328 0.0703497 0)
(0.0116113 -0.0903126 0)
(-0.00503792 0.0222084 2.36093e-17)
(-0.153766 0.0635981 0)
(0.0752926 0.210206 -6.77222e-18)
(-0.00440768 -0.00578244 1.0574e-17)
(0.016212 0.000289194 2.93218e-17)
(0.0227264 0.0691455 1.24153e-17)
(0.0341966 -0.0527174 -2.22529e-17)
(0.00177591 -0.00127015 -2.49226e-17)
(0.0707467 -0.0247694 -5.09273e-17)
(0.0962769 0.164858 -2.15539e-17)
(0.0532041 0.150076 2.24458e-17)
(0.0075793 -0.0395398 1.152e-17)
(0.0714266 0.283869 4.31032e-17)
(0.0195961 0.000295969 -2.50761e-17)
(0.0111948 -0.000890913 -1.29074e-17)
(0.085821 0.132648 -1.22118e-17)
(0.00180419 -0.00305153 3.21802e-17)
(-0.216205 0.0379111 2.51371e-17)
(0.0706922 0.0847515 -1.17783e-17)
(0.0429611 -0.0158055 3.54586e-18)
(0.045767 0.0226781 0)
(0.0701476 0.221252 3.14417e-18)
(0.0309759 0.0475664 1.415e-17)
(0.00680521 0.150248 0)
(0.000411157 -0.00228844 -1.34407e-17)
(-0.106375 -0.0310065 1.2608e-17)
(0.0450927 0.00814175 -2.5696e-17)
(0.0348641 -0.0801041 -2.8685e-17)
(-0.142386 0.0714758 3.86363e-19)
(-0.0113167 0.00603695 1.94812e-17)
(-0.00519686 0.0333337 -1.17981e-17)
(0.00061031 -0.036741 1.47809e-17)
(0.0420887 -0.0378053 3.17397e-17)
(0.0368224 0.00537445 -6.85557e-18)
(0.0148556 0.0198299 0)
(0.0220463 -0.0289392 -4.42597e-17)
(-0.137857 -0.0354192 -5.25288e-17)
(-0.0643372 0.00234509 -1.81919e-17)
(0.0200225 -0.0630453 -1.2021e-17)
(0.0364078 -0.000249214 4.20174e-17)
(0.0240108 0.234405 -1.42093e-17)
(0.0587481 -0.0149901 -1.5851e-17)
(0.0205047 0.00317287 -3.8937e-17)
(0.00918635 -0.0192385 0)
(0.0621175 0.195392 6.7898e-18)
(-0.0152942 -0.105219 -2.35857e-17)
(0.0514598 0.192584 -1.41992e-17)
(0.0219158 0.0103888 2.74809e-17)
(0.023126 -0.0761668 9.93536e-18)
(0.0251772 0.0273168 1.33258e-17)
(0.0103016 -0.0652734 0)
(0.0125901 -0.0608433 1.1217e-17)
(-0.00293406 -0.157372 0)
(-0.00438784 -0.00510858 0)
(0.00133611 -0.000745301 -1.16703e-17)
(0.0149815 -0.0606015 -2.76484e-22)
(-0.0103282 -0.169761 -1.63986e-17)
(0.0388297 -0.098949 7.13914e-18)
(0.0786414 -0.0439403 0)
(0.0479705 0.0177078 2.44184e-17)
(-0.016463 -0.181168 2.28475e-17)
(0.00327303 -0.00802676 1.36745e-17)
(0.0062696 -0.101275 3.62944e-17)
(0.0210744 -0.0169253 1.48042e-17)
(0.00690121 0.00603001 -5.60561e-18)
(-0.134358 0.0652313 -1.45477e-17)
(0.0381041 0.00351361 -3.49804e-17)
(0.0144256 -0.0156662 3.11269e-17)
(-0.12916 -0.023752 -1.49426e-17)
(0.0154738 -0.0285384 2.10316e-18)
(-0.122553 -0.0210706 7.75338e-18)
(0.0194921 0.0457277 0)
(0.0636025 0.0530642 2.93032e-17)
(0.000221285 -0.0196102 0)
(0.0960178 0.0944057 1.32217e-17)
(-0.0195586 0.00340199 -4.3446e-17)
(0.0352107 -0.00150572 1.53265e-17)
(-0.0216563 0.00241598 1.98284e-18)
(0.00162329 4.8075e-05 0)
(-0.049665 0.0116687 2.67622e-17)
(0.0438498 -0.0227066 0)
(0.0104382 -0.00271383 0)
(0.0311271 -0.024313 0)
(0.00373452 -0.0177658 2.56856e-17)
(0.0237199 -0.0100574 -3.32275e-17)
(0.0336406 0.185549 7.79064e-18)
(0.00662121 -0.0207857 -3.52603e-17)
(0.08344 -0.0606953 1.50646e-17)
(-0.00710092 -0.174088 -2.9002e-17)
(0.00852176 0.0147034 -2.90433e-17)
(0.0425432 0.0630079 -1.6822e-17)
(0.0489455 -0.0378846 -2.9109e-17)
(-0.116543 -0.0203931 0)
(0.011 -0.0626306 -3.33227e-17)
(-0.112513 -0.0244884 -2.27772e-22)
(0.0333047 -0.0395897 -7.90815e-23)
(0.0175734 -0.0656779 0)
(-0.123872 -0.017447 -8.91729e-18)
(0.017489 -0.0649923 -4.368e-17)
(0.0450036 0.0587304 0)
(0.0279723 -0.0667472 2.03742e-17)
)
;

boundaryField
{
    back
    {
        type            empty;
    }
    front
    {
        type            empty;
    }
    top
    {
        type            codedFixedValue;
        value           nonuniform List<vector> 
15
(
(0 -0.0660053 0)
(0 -0.0624213 0)
(0 -0.0480853 0)
(0 -0.0373333 0)
(0 -0.0480853 0)
(0 -0.024192 0)
(0 -0.024192 0)
(0 -0.0624213 0)
(0 -0.0660053 0)
(0 -0.056448 0)
(0 -0.00866133 0)
(0 -0.00866133 0)
(0 -0.056448 0)
(0 -0.0672 0)
(0 -0.0373333 0)
)
;
        name            ParabolicTimeDependentU_max;
        code            #{
		const vectorField& Cf = patch().Cf();
		vectorField& field = *this;

		const scalar r = 18.0*1e-3;
		const scalar Umax = 0.4;
		const scalar Umin = 0.02;

		scalar 	Uvar = 0.08;
		scalar 	t = this->db().time().value();
		scalar	tau = fmod(t,1);
		
		if (tau > 0 && tau <= 0.35)
		{
			Uvar = 0.08+Umax*(1-(pow(tau-0.175,2)/(0.175*0.175)));
		}
		if (tau > 0.35 && tau <= 0.6)
		{
			Uvar = 0.08+Umin*(-1+(pow(tau-0.475,2)/(0.125*0.125)));
		}
		if (tau > 0.6 && tau <= 1)
		{
			Uvar = 0.08;
		}
		
		forAll(Cf, faceI)
		{
			const scalar x = Cf[faceI][0];
			const scalar y = Cf[faceI][1];
			field[faceI] = vector(0, Uvar*(-1+(pow(x+(0.02+r),2))/(r*r)), 0);
		}
	#};
    }
    outer_arc
    {
        type            noSlip;
    }
    bottom
    {
        type            zeroGradient;
    }
    inner_arc
    {
        type            noSlip;
    }
}


// ************************************************************************* //
