/*--------------------------------*- C++ -*----------------------------------*\
  =========                 |
  \\      /  F ield         | OpenFOAM: The Open Source CFD Toolbox
   \\    /   O peration     | Website:  https://openfoam.org
    \\  /    A nd           | Version:  9
     \\/     M anipulation  |
\*---------------------------------------------------------------------------*/
FoamFile
{
    format      ascii;
    class       volScalarField;
    location    "2.9";
    object      p;
}
// * * * * * * * * * * * * * * * * * * * * * * * * * * * * * * * * * * * * * //

dimensions      [0 2 -2 0 0 0 0];

internalField   nonuniform List<scalar> 
1655
(
10.3026
10.3024
10.2964
10.3104
10.305
10.3029
10.2956
10.3039
10.299
10.3051
10.308
10.3071
10.3041
10.3042
10.2999
10.3001
10.3007
10.2992
10.2983
10.3042
10.3003
10.2989
10.3043
10.3044
10.3032
10.3009
10.3001
10.3007
10.3016
10.3004
10.292
10.2942
10.3035
10.3075
10.2993
10.3074
10.3032
10.3025
10.3036
10.3022
10.3003
10.3046
10.304
10.2987
10.3028
10.3105
10.3096
10.3029
10.3052
10.304
10.3024
10.2929
10.3001
10.3
10.3001
10.3018
10.3002
10.3094
10.3086
10.3021
10.2942
10.2996
10.3013
10.3036
10.3015
10.289
10.308
10.3095
10.2987
10.3048
10.3098
10.2898
10.3005
10.2997
10.3061
10.3037
10.302
10.2987
10.3002
10.3005
10.3027
10.3036
10.2995
10.2989
10.3006
10.3007
10.3063
10.3004
10.3005
10.3005
10.3001
10.2997
10.2981
10.305
10.3042
10.2983
10.3081
10.3094
10.2984
10.3021
10.3021
10.3056
10.3054
10.3049
10.2987
10.2999
10.3029
10.3004
10.302
10.3014
10.3029
10.3072
10.3016
10.3007
10.3033
10.3001
10.3032
10.3086
10.2994
10.2993
10.3023
10.308
10.301
10.3056
10.3067
10.3043
10.304
10.3042
10.3002
10.301
10.3043
10.3027
10.3035
10.3042
10.3004
10.302
10.3049
10.3003
10.3003
10.3085
10.3021
10.3002
10.3003
10.3073
10.3005
10.3078
10.3056
10.3025
10.3038
10.2946
10.2956
10.2979
10.3059
10.3018
10.3005
10.3041
10.3012
10.3067
10.3031
10.3036
10.3058
10.2972
10.3001
10.3077
10.3076
10.3093
10.3007
10.3038
10.3066
10.2983
10.3013
10.3009
10.3039
10.302
10.3005
10.3024
10.3047
10.2983
10.301
10.3043
10.3013
10.3012
10.3016
10.3073
10.3026
10.3012
10.3032
10.3012
10.3004
10.3016
10.3027
10.2991
10.3014
10.2875
10.3015
10.3004
10.301
10.3015
10.3004
10.3019
10.3078
10.3077
10.3022
10.2977
10.2991
10.3003
10.3036
10.3013
10.3011
10.3072
10.2845
10.2845
10.3025
10.3039
10.3043
10.3085
10.3086
10.2979
10.2784
10.3021
10.3031
10.3004
10.3037
10.3023
10.3035
10.3018
10.3016
10.2995
10.2749
10.274
10.3035
10.2802
10.2831
10.2991
10.3034
10.3036
10.3018
10.3015
10.3013
10.2943
10.3013
10.3026
10.2962
10.3004
10.3021
10.3004
10.2936
10.3007
10.3013
10.3022
10.2982
10.3004
10.2979
10.2866
10.3034
10.2805
10.3018
10.3021
10.2982
10.3038
10.2996
10.3009
10.3016
10.2801
10.2981
10.3034
10.3039
10.3042
10.3033
10.3042
10.299
10.2996
10.3027
10.3009
10.299
10.3
10.2946
10.3018
10.3003
10.3
10.3012
10.3034
10.2998
10.3015
10.301
10.3006
10.3018
10.3028
10.3038
10.2998
10.3008
10.3003
10.3041
10.3013
10.3018
10.3027
10.3038
10.2755
10.3003
10.3014
10.3026
10.3051
10.3048
10.3025
10.3014
10.3008
10.3024
10.3011
10.3012
10.3015
10.3004
10.3005
10.3011
10.2993
10.3032
10.3017
10.3003
10.3009
10.3013
10.3021
10.3016
10.3042
10.3028
10.3028
10.3027
10.3108
10.3109
10.3032
10.3016
10.2976
10.3037
10.3019
10.3042
10.3009
10.301
10.3012
10.2978
10.304
10.3019
10.3012
10.3024
10.3023
10.2994
10.2754
10.3019
10.3026
10.3042
10.3025
10.3022
10.3007
10.3046
10.2984
10.2767
10.3029
10.3005
10.3013
10.3021
10.3019
10.3011
10.3009
10.3021
10.3038
10.3003
10.2999
10.304
10.3018
10.3014
10.3047
10.3021
10.3029
10.3028
10.3031
10.3034
10.3017
10.3048
10.301
10.2988
10.3037
10.3032
10.302
10.3036
10.2994
10.3037
10.3004
10.3022
10.301
10.3015
10.3016
10.3001
10.3012
10.3001
10.2981
10.299
10.3017
10.3023
10.3016
10.3011
10.3008
10.3008
10.3028
10.3017
10.3041
10.2989
10.3032
10.2979
10.3032
10.3019
10.2984
10.3025
10.2984
10.3051
10.2989
10.3007
10.2978
10.3033
10.2988
10.3021
10.2876
10.301
10.3014
10.3027
10.2992
10.3065
10.3011
10.3017
10.2966
10.2905
10.3021
10.3009
10.2942
10.302
10.3036
10.3014
10.3054
10.2991
10.2978
10.3028
10.2996
10.3054
10.2984
10.3003
10.3002
10.2982
10.3009
10.3005
10.2982
10.2967
10.2978
10.296
10.2977
10.2953
10.2911
10.2955
10.2999
10.2946
10.2997
10.3011
10.3007
10.2948
10.3051
10.2983
10.3
10.2993
10.2942
10.3033
10.3039
10.3002
10.3009
10.2996
10.2977
10.2967
10.303
10.2996
10.2977
10.2874
10.2966
10.2962
10.2982
10.2988
10.3051
10.3009
10.2984
10.2992
10.297
10.2973
10.2995
10.3034
10.302
10.2982
10.3023
10.2843
10.2999
10.2988
10.2957
10.2997
10.2975
10.2901
10.3044
10.2981
10.2946
10.2964
10.2969
10.3067
10.2916
10.2952
10.2977
10.2982
10.2951
10.2969
10.3003
10.3039
10.2999
10.2937
10.2982
10.3005
10.2966
10.294
10.2975
10.2869
10.286
10.2748
10.2862
10.2965
10.2909
10.2878
10.2969
10.3008
10.2973
10.299
10.2774
10.2996
10.2994
10.2989
10.3089
10.3014
10.3021
10.3052
10.3069
10.3046
10.3107
10.2987
10.2861
10.2995
10.3101
10.3001
10.3034
10.3005
10.308
10.2997
10.3011
10.3106
10.3013
10.3008
10.3026
10.2992
10.2909
10.3079
10.2988
10.2984
10.2982
10.2876
10.3004
10.2977
10.287
10.3015
10.2823
10.292
10.3011
10.2962
10.2799
10.2961
10.2941
10.3064
10.2943
10.286
10.2948
10.3017
10.2988
10.2829
10.2981
10.3029
10.3015
10.3019
10.282
10.2988
10.3012
10.296
10.2869
10.2968
10.2928
10.3
10.2804
10.2762
10.2754
10.2962
10.2804
10.2961
10.3033
10.2784
10.2942
10.2835
10.294
10.2912
10.3012
10.2959
10.2995
10.307
10.3025
10.3002
10.3031
10.3004
10.3028
10.3005
10.2974
10.3048
10.2889
10.2876
10.3045
10.2983
10.2791
10.2832
10.2902
10.2937
10.2926
10.295
10.3004
10.2841
10.2787
10.2762
10.2968
10.2981
10.2939
10.2774
10.3054
10.304
10.2815
10.3053
10.3079
10.302
10.2955
10.3058
10.3057
10.2983
10.3066
10.3047
10.303
10.3007
10.3039
10.294
10.3008
10.2871
10.2975
10.2953
10.2988
10.299
10.3016
10.297
10.2934
10.2861
10.2803
10.2998
10.2887
10.2996
10.2975
10.2978
10.292
10.3078
10.3054
10.3068
10.3012
10.283
10.2798
10.3055
10.2946
10.3022
10.2999
10.2937
10.2978
10.2904
10.3064
10.2938
10.2921
10.2994
10.2975
10.2962
10.2891
10.3073
10.2992
10.2924
10.2913
10.2958
10.3018
10.2981
10.2926
10.302
10.2933
10.3067
10.291
10.3025
10.3046
10.2972
10.303
10.2973
10.2988
10.2964
10.2971
10.3039
10.2915
10.2933
10.2975
10.2955
10.2858
10.2963
10.2942
10.2896
10.2986
10.3016
10.2933
10.298
10.301
10.2885
10.2939
10.3004
10.2981
10.3034
10.2993
10.2934
10.2954
10.2971
10.3019
10.301
10.2978
10.294
10.292
10.2989
10.2943
10.2957
10.3029
10.2941
10.3053
10.2936
10.3022
10.3001
10.3
10.293
10.2941
10.2931
10.2988
10.305
10.3022
10.2935
10.3037
10.3018
10.3007
10.3002
10.2975
10.2955
10.2933
10.2971
10.2979
10.2996
10.2991
10.2961
10.2967
10.302
10.2939
10.3031
10.2984
10.2943
10.2967
10.3005
10.295
10.2963
10.3033
10.2846
10.2827
10.2965
10.2935
10.2898
10.2894
10.2934
10.2938
10.2952
10.2933
10.2835
10.2873
10.2979
10.2984
10.2933
10.2803
10.2975
10.3009
10.2935
10.2987
10.2992
10.303
10.2811
10.299
10.2988
10.2963
10.2995
10.3018
10.2998
10.2966
10.2979
10.2788
10.2973
10.3035
10.3007
10.3001
10.281
10.302
10.3003
10.3004
10.3021
10.3006
10.2988
10.2955
10.2994
10.3009
10.2927
10.2971
10.3035
10.3031
10.2891
10.3008
10.2989
10.301
10.2967
10.299
10.2997
10.3002
10.2946
10.2951
10.295
10.2995
10.2942
10.2979
10.2986
10.2975
10.3003
10.2975
10.3008
10.3005
10.2995
10.2985
10.3006
10.3002
10.3009
10.2995
10.294
10.3007
10.3008
10.2987
10.2958
10.3018
10.3006
10.2988
10.2977
10.3002
10.3009
10.3005
10.2997
10.3006
10.2993
10.2956
10.3024
10.2943
10.2985
10.2998
10.299
10.3016
10.3037
10.2941
10.297
10.3004
10.2941
10.3018
10.2836
10.3002
10.2976
10.3039
10.3006
10.3018
10.2969
10.291
10.2961
10.2953
10.2989
10.3022
10.3048
10.3018
10.3017
10.2976
10.3052
10.302
10.3009
10.2854
10.3003
10.3021
10.2955
10.2961
10.3024
10.3009
10.3051
10.2998
10.299
10.3049
10.2967
10.3017
10.3007
10.3005
10.3003
10.3037
10.3045
10.2987
10.3001
10.3006
10.2961
10.3017
10.3001
10.305
10.2949
10.2861
10.3003
10.2958
10.3016
10.3022
10.2993
10.3039
10.3007
10.3033
10.3009
10.3042
10.3049
10.3025
10.2967
10.2969
10.3018
10.3
10.2953
10.3004
10.3018
10.3028
10.2898
10.3009
10.3071
10.2968
10.3028
10.3047
10.3046
10.2949
10.2983
10.2988
10.2999
10.3031
10.2999
10.2964
10.2982
10.2979
10.3012
10.2928
10.2998
10.299
10.3001
10.3023
10.2997
10.2999
10.3005
10.3037
10.301
10.2965
10.3025
10.2981
10.3043
10.305
10.3041
10.3038
10.298
10.2972
10.3039
10.2993
10.303
10.3003
10.3026
10.3043
10.305
10.2993
10.3045
10.3015
10.3026
10.2982
10.3052
10.3017
10.3025
10.2999
10.3002
10.2997
10.2986
10.3041
10.3044
10.3041
10.3027
10.3043
10.3004
10.304
10.302
10.3011
10.3028
10.303
10.3026
10.3043
10.3037
10.304
10.2982
10.3039
10.3004
10.3027
10.3025
10.3028
10.3026
10.3004
10.2997
10.3031
10.3025
10.3032
10.3033
10.3028
10.301
10.3028
10.2995
10.301
10.3001
10.3025
10.3038
10.304
10.2999
10.299
10.3027
10.3054
10.3025
10.3004
10.2973
10.3038
10.3025
10.3035
10.3019
10.3027
10.3006
10.303
10.302
10.3035
10.3025
10.3027
10.3002
10.2995
10.3025
10.3019
10.2994
10.2995
10.2983
10.3021
10.2976
10.3031
10.3003
10.3063
10.3026
10.3042
10.3034
10.3023
10.3028
10.3026
10.3026
10.3031
10.3023
10.3042
10.3014
10.3002
10.3006
10.2986
10.2998
10.301
10.3033
10.3025
10.3014
10.3003
10.3024
10.3
10.2984
10.3035
10.2985
10.3005
10.3023
10.3019
10.2991
10.3021
10.3013
10.304
10.2983
10.3026
10.2997
10.304
10.3023
10.2993
10.2995
10.3025
10.3039
10.3003
10.3019
10.3026
10.3029
10.2972
10.303
10.3023
10.3044
10.3042
10.3023
10.3024
10.2999
10.3023
10.3006
10.3021
10.3002
10.2984
10.3023
10.3012
10.3012
10.2738
10.2752
10.303
10.3025
10.3008
10.3019
10.3042
10.3019
10.2984
10.3025
10.3029
10.2765
10.3004
10.3019
10.2771
10.3006
10.2994
10.3028
10.3042
10.3
10.3033
10.2981
10.2827
10.2765
10.3034
10.2997
10.3022
10.2985
10.3024
10.3007
10.3042
10.3003
10.3006
10.3041
10.282
10.2891
10.3
10.2992
10.2988
10.2953
10.29
10.3039
10.3036
10.3026
10.3014
10.3001
10.2956
10.3028
10.3023
10.3005
10.3028
10.3004
10.3019
10.302
10.3039
10.2983
10.2986
10.3002
10.3008
10.3011
10.3008
10.2988
10.3023
10.3004
10.3023
10.3013
10.3026
10.3005
10.3008
10.298
10.3027
10.3041
10.304
10.3034
10.2983
10.304
10.3001
10.3026
10.3007
10.3044
10.3004
10.3006
10.3043
10.3013
10.2998
10.3007
10.3019
10.3002
10.3006
10.3005
10.3006
10.2742
10.3011
10.3038
10.3031
10.304
10.2775
10.3007
10.3049
10.2989
10.2793
10.2977
10.3016
10.303
10.3022
10.3047
10.3049
10.2866
10.3047
10.3004
10.3001
10.3003
10.3026
10.3
10.3012
10.2928
10.3043
10.3053
10.3005
10.3052
10.3005
10.2991
10.3004
10.3076
10.3004
10.2981
10.3038
10.2976
10.298
10.2991
10.3004
10.303
10.3005
10.3005
10.3001
10.3004
10.3005
10.3004
10.3015
10.3025
10.3016
10.3039
10.302
10.3055
10.3003
10.3056
10.3048
10.3007
10.3043
10.301
10.3018
10.3071
10.3025
10.31
10.3001
10.3006
10.307
10.3052
10.3054
10.2964
10.2991
10.3004
10.3003
10.3027
10.3004
10.2987
10.3027
10.2995
10.3095
10.2995
10.3006
10.2984
10.2982
10.3005
10.2983
10.2993
10.3011
10.3048
10.3048
10.2969
10.3051
10.2996
10.3046
10.3033
10.3007
10.305
10.304
10.3007
10.3034
10.3083
10.3002
10.305
10.2984
10.3017
10.3028
10.2983
10.2988
10.2933
10.3078
10.3053
10.3031
10.2987
10.3004
10.3036
10.2991
10.2987
10.3039
10.2988
10.2982
10.2987
10.3002
10.3059
10.3009
10.302
10.3036
10.308
10.2987
10.2999
10.303
10.2991
10.3014
10.3018
10.3097
10.299
10.2997
10.3047
10.3005
10.3024
10.3027
10.3023
10.3088
10.299
10.3044
10.3074
10.2914
10.3007
10.3047
10.3047
10.3073
10.3027
10.3008
10.3005
10.3042
10.3014
10.2976
10.3009
10.2989
10.2997
10.3013
10.3039
10.3031
10.3096
10.3014
10.3047
10.2993
10.3036
10.3015
10.301
10.3016
10.3031
10.3021
10.3026
10.2987
10.2994
10.2968
10.3013
10.303
10.297
10.3043
10.2976
10.2987
10.3046
10.3043
10.302
10.3026
10.2993
10.3027
10.2982
10.2992
10.3036
10.2983
10.3043
10.303
10.3004
10.3026
10.3004
10.3006
10.3016
10.3
10.3042
10.304
10.3035
10.3004
10.3105
10.304
10.3042
10.3023
10.3044
10.3052
10.3029
10.3032
10.3049
10.3038
10.3
10.299
10.2996
10.3038
10.3035
10.3069
10.3028
10.3076
10.3017
10.2987
10.2983
10.3082
10.3039
10.3042
10.3042
10.3062
10.2984
10.3025
10.3008
10.301
10.3046
10.3018
10.3001
10.3004
10.3041
10.2976
10.3048
10.3054
10.2986
10.3044
10.3002
10.3045
10.3038
10.3042
10.3038
10.3
10.3004
10.2972
10.3042
10.3078
10.3042
10.305
10.3045
10.3018
10.3086
10.3083
10.3043
10.3027
10.311
10.2991
10.3027
10.3054
10.3012
10.3
10.3054
10.2989
10.3041
10.2991
10.3006
10.306
10.3009
10.3042
10.298
10.3046
10.305
10.3046
10.3052
10.3044
10.3055
10.3053
10.3052
10.3053
10.3086
10.3084
10.2985
10.3005
10.3046
10.298
10.3087
10.3095
10.302
10.2992
10.3106
10.3046
10.2997
10.303
10.3042
10.3066
10.2973
10.3085
10.3034
10.3054
10.3012
10.3013
10.2994
10.3031
10.3026
10.3001
10.2983
10.3025
10.3052
10.3016
10.2992
10.3038
10.3006
10.3
10.2985
10.3093
10.3041
10.3001
10.3042
10.2983
10.3025
10.3002
10.3054
10.3039
10.3056
10.3033
10.3042
10.3023
10.3061
10.2977
10.3048
10.3025
10.3041
10.2903
10.3027
10.3042
10.3042
10.3044
10.3018
10.2988
10.304
10.2995
10.3042
10.3042
10.2986
10.3079
10.3055
10.3042
10.3042
10.3002
10.3046
10.2996
10.3008
10.3023
10.3048
10.3001
10.3027
10.3078
10.2984
10.3026
10.2929
10.3084
10.304
10.3042
10.3
10.2991
10.3049
10.3012
10.308
10.3036
10.3026
10.3076
10.2969
10.3074
10.3087
10.3004
10.3032
10.2979
10.3031
10.3012
10.2987
10.3051
10.3023
10.3034
10.3002
10.2998
10.3007
10.3033
10.2998
10.3027
10.2977
10.2995
10.3001
10.3043
10.3008
10.3042
10.3053
10.3006
10.3026
10.3009
10.3042
10.3041
10.3005
10.3045
10.3053
10.3043
10.3044
10.3091
10.307
10.3085
10.3054
10.3008
10.2982
10.3002
10.2986
10.3042
10.2992
10.3025
10.3042
10.2979
10.2989
10.3043
10.3047
10.2986
10.3018
10.3033
10.3048
10.2994
10.3022
10.3033
10.3025
10.3048
10.2992
)
;

boundaryField
{
    back
    {
        type            empty;
    }
    front
    {
        type            empty;
    }
    top
    {
        type            zeroGradient;
    }
    outer_arc
    {
        type            zeroGradient;
    }
    bottom
    {
        type            uniformFixedValue;
        uniformValue    
        {
            type            table;
            format          csv;
            file            "outlet_p.csv";
            nHeaderLine     1;
            refColumn       0;
            componentColumns List<label> 1(1);
            separator       ",";
            mergeSeparators 0;
        }
        value           uniform 10.2982;
    }
    inner_arc
    {
        type            zeroGradient;
    }
}


// ************************************************************************* //
