/*--------------------------------*- C++ -*----------------------------------*\
  =========                 |
  \\      /  F ield         | OpenFOAM: The Open Source CFD Toolbox
   \\    /   O peration     | Website:  https://openfoam.org
    \\  /    A nd           | Version:  9
     \\/     M anipulation  |
\*---------------------------------------------------------------------------*/
FoamFile
{
    format      ascii;
    class       volScalarField;
    location    "0.65";
    object      p;
}
// * * * * * * * * * * * * * * * * * * * * * * * * * * * * * * * * * * * * * //

dimensions      [0 2 -2 0 0 0 0];

internalField   nonuniform List<scalar> 
578
(
8.79
8.8
8.79
8.81
8.78
8.8
8.78
8.78
8.79
8.8
8.8
8.78
8.81
8.78
8.78
8.79
8.8
8.8
8.78
8.79
8.81
8.79
8.8
8.8
8.8
8.78
8.81
8.81
8.8
8.79
8.81
8.8
8.79
8.8
8.78
8.79
8.78
8.78
8.79
8.78
8.78
8.78
8.78
8.78
8.79
8.78
8.78
8.79
8.79
8.81
8.8
8.81
8.8
8.8
8.81
8.8
8.81
8.79
8.8
8.79
8.8
8.8
8.8
8.78
8.81
8.78
8.79
8.8
8.8
8.78
8.8
8.8
8.81
8.78
8.8
8.78
8.79
8.79
8.81
8.79
8.8
8.79
8.8
8.8
8.79
8.77
8.8
8.8
8.78
8.78
8.81
8.79
8.78
8.81
8.8
8.8
8.81
8.81
8.8
8.78
8.78
8.78
8.81
8.79
8.81
8.78
8.8
8.78
8.77
8.78
8.79
8.78
8.79
8.8
8.8
8.81
8.81
8.8
8.78
8.81
8.78
8.8
8.78
8.81
8.8
8.77
8.8
8.79
8.78
8.77
8.78
8.77
8.81
8.78
8.78
8.79
8.78
8.81
8.8
8.78
8.78
8.77
8.78
8.8
8.78
8.79
8.77
8.81
8.78
8.77
8.78
8.79
8.79
8.77
8.78
8.81
8.8
8.81
8.79
8.78
8.78
8.78
8.78
8.78
8.8
8.77
8.8
8.78
8.81
8.81
8.79
8.78
8.79
8.77
8.78
8.81
8.81
8.8
8.79
8.8
8.78
8.8
8.77
8.81
8.79
8.81
8.79
8.78
8.78
8.8
8.78
8.78
8.79
8.78
8.8
8.81
8.81
8.81
8.78
8.78
8.81
8.81
8.8
8.81
8.81
8.78
8.78
8.79
8.78
8.79
8.77
8.78
8.78
8.81
8.78
8.81
8.78
8.78
8.78
8.77
8.78
8.78
8.77
8.78
8.78
8.77
8.81
8.81
8.81
8.8
8.8
8.8
8.78
8.77
8.77
8.79
8.78
8.78
8.81
8.77
8.78
8.78
8.81
8.78
8.81
8.78
8.78
8.8
8.79
8.81
8.81
8.78
8.8
8.77
8.8
8.77
8.8
8.78
8.78
8.8
8.77
8.78
8.81
8.81
8.8
8.78
8.77
8.77
8.8
8.77
8.77
8.77
8.77
8.81
8.81
8.81
8.81
8.77
8.78
8.8
8.78
8.81
8.81
8.81
8.8
8.78
8.77
8.77
8.8
8.8
8.77
8.78
8.81
8.78
8.81
8.81
8.78
8.77
8.8
8.81
8.8
8.77
8.8
8.8
8.81
8.8
8.77
8.8
8.8
8.8
8.77
8.8
8.8
8.77
8.8
8.81
8.77
8.77
8.77
8.8
8.78
8.8
8.81
8.8
8.81
8.8
8.78
8.78
8.78
8.8
8.81
8.79
8.8
8.8
8.78
8.8
8.81
8.8
8.8
8.81
8.81
8.81
8.8
8.8
8.8
8.8
8.8
8.78
8.78
8.78
8.78
8.78
8.78
8.8
8.78
8.78
8.8
8.78
8.78
8.78
8.8
8.81
8.8
8.78
8.8
8.8
8.8
8.8
8.81
8.79
8.78
8.8
8.79
8.8
8.79
8.8
8.81
8.78
8.78
8.8
8.81
8.78
8.78
8.8
8.8
8.8
8.81
8.78
8.78
8.78
8.81
8.8
8.8
8.77
8.79
8.8
8.8
8.8
8.8
8.8
8.79
8.8
8.81
8.8
8.81
8.8
8.8
8.8
8.8
8.8
8.8
8.8
8.8
8.77
8.8
8.8
8.78
8.78
8.78
8.81
8.78
8.8
8.78
8.78
8.78
8.77
8.77
8.8
8.77
8.77
8.79
8.8
8.79
8.81
8.78
8.78
8.78
8.8
8.77
8.8
8.8
8.81
8.81
8.8
8.79
8.8
8.8
8.79
8.79
8.8
8.78
8.81
8.78
8.81
8.78
8.8
8.8
8.8
8.8
8.8
8.8
8.79
8.8
8.77
8.8
8.79
8.77
8.79
8.8
8.77
8.8
8.81
8.79
8.81
8.8
8.78
8.78
8.79
8.79
8.79
8.8
8.8
8.79
8.8
8.81
8.77
8.8
8.82
8.81
8.79
8.82
8.79
8.77
8.81
8.81
8.78
8.81
8.78
8.82
8.82
8.78
8.8
8.77
8.81
8.8
8.81
8.78
8.81
8.77
8.81
8.8
8.8
8.81
8.78
8.78
8.8
8.78
8.78
8.8
8.81
8.8
8.8
8.8
8.78
8.78
8.81
8.8
8.81
8.79
8.8
8.79
8.78
8.81
8.8
8.8
8.79
8.8
8.78
8.79
8.81
8.81
8.8
8.79
8.78
8.8
8.8
8.8
8.8
8.79
8.78
8.8
8.78
8.78
8.79
8.8
8.8
8.79
8.8
8.81
8.81
8.81
8.79
8.78
8.81
8.81
8.8
8.81
8.8
8.82
8.82
8.78
8.8
8.8
8.8
8.8
8.8
8.79
8.79
)
;

boundaryField
{
    front
    {
        type            empty;
    }
    back
    {
        type            empty;
    }
    bottom
    {
        type            uniformFixedValue;
        uniformValue    
        {
            type            table;
            format          csv;
            file            "outlet_p.csv";
            nHeaderLine     1;
            refColumn       0;
            componentColumns List<label> 1(1);
            separator       ",";
            mergeSeparators 0;
        }
        value           uniform 8.77;
    }
    left
    {
        type            zeroGradient;
    }
    top
    {
        type            zeroGradient;
    }
    right
    {
        type            zeroGradient;
    }
    inner_arc
    {
        type            zeroGradient;
    }
}


// ************************************************************************* //
