/*--------------------------------*- C++ -*----------------------------------*\
  =========                 |
  \\      /  F ield         | OpenFOAM: The Open Source CFD Toolbox
   \\    /   O peration     | Website:  https://openfoam.org
    \\  /    A nd           | Version:  9
     \\/     M anipulation  |
\*---------------------------------------------------------------------------*/
FoamFile
{
    format      ascii;
    class       surfaceScalarField;
    location    "1.42";
    object      phi;
}
// * * * * * * * * * * * * * * * * * * * * * * * * * * * * * * * * * * * * * //

dimensions      [0 3 -1 0 0 0 0];

internalField   nonuniform List<scalar> 
2420
(
2.14298e-07
-2.20192e-07
5.89372e-09
2.67284e-07
-2.67284e-07
6.94417e-07
-5.4502e-08
-6.39915e-07
8.85927e-08
-8.85927e-08
-6.31596e-07
2.21106e-07
4.10489e-07
1.6786e-07
-1.90797e-07
2.29368e-08
6.67024e-07
2.73929e-08
-8.95205e-07
8.24731e-08
8.12732e-07
1.51342e-06
-1.72917e-06
2.1575e-07
-4.93931e-07
-1.37665e-07
-3.56854e-07
1.21431e-07
2.35422e-07
-1.98691e-07
-1.58163e-07
-8.95205e-07
-9.01615e-08
1.26073e-07
-3.59119e-08
1.98271e-07
1.02449e-06
-1.22276e-06
9.66455e-07
-1.92503e-06
9.58573e-07
2.3831e-06
-7.02963e-07
-1.68014e-06
1.47697e-07
-4.78927e-07
3.3123e-07
-1.41923e-07
1.29429e-07
1.24932e-08
1.03749e-07
-1.9391e-07
-8.46825e-07
-4.60979e-07
1.3078e-06
-3.47115e-08
-6.01823e-07
7.96836e-07
-1.95013e-07
-7.61508e-07
1.59685e-07
9.99711e-08
1.14327e-07
1.25562e-06
1.12748e-06
-6.62041e-07
1.6285e-06
-5.97494e-07
-1.04837e-06
1.64586e-06
-1.37285e-06
7.75355e-07
-2.00114e-07
7.32355e-08
1.26878e-07
-1.31056e-06
-2.66484e-07
1.57705e-06
1.99277e-07
-1.60916e-08
-1.83185e-07
-3.83531e-07
4.04837e-07
-2.13069e-08
-6.87572e-07
6.40855e-07
4.67166e-08
-3.11095e-07
4.58793e-07
-3.87923e-07
-2.99649e-07
4.16856e-08
1.26175e-07
1.89283e-07
7.8001e-08
-4.51085e-08
-3.38422e-07
-6.177e-08
-2.05514e-07
-1.16301e-06
3.16186e-07
6.99676e-07
7.46843e-08
-7.7436e-07
2.62719e-07
-3.07827e-07
-1.58606e-07
1.52336e-07
6.26912e-09
1.45865e-07
-1.6813e-08
-1.29052e-07
2.51184e-09
8.60809e-08
-1.34461e-07
4.5868e-08
1.58178e-07
-1.23126e-08
-2.04964e-07
3.65814e-07
-1.6085e-07
-1.45945e-07
4.08664e-07
-1.001e-07
-9.0697e-08
1.44775e-07
9.1093e-07
-7.12659e-07
-1.08215e-06
-6.47017e-07
1.10782e-06
-1.24895e-07
-9.8292e-07
2.23256e-08
8.83206e-07
-9.05532e-07
4.89603e-07
1.91371e-07
-6.80974e-07
1.01003e-07
2.04281e-08
-1.83993e-07
2.44076e-07
-6.00834e-08
-1.12482e-06
1.14714e-06
9.89266e-08
-1.40949e-06
1.01874e-07
-1.19964e-07
1.80895e-08
-1.22823e-07
-9.73684e-08
-1.06139e-06
1.14387e-06
-3.23934e-07
1.84236e-07
1.39698e-07
-8.42673e-07
5.76189e-07
1.8664e-07
-2.8155e-07
9.49095e-08
-9.2793e-08
1.53045e-07
-6.02525e-08
4.65712e-07
-7.76807e-07
-6.1832e-08
8.21025e-09
-1.75649e-07
-9.01299e-07
3.40013e-07
5.61286e-07
1.17801e-07
9.06688e-07
8.04132e-07
3.00322e-07
-1.10445e-06
-8.77081e-08
-3.96722e-08
1.2738e-07
-1.30977e-06
-6.30759e-08
-7.00787e-07
1.1665e-06
-6.73408e-07
1.27801e-07
-3.27915e-07
-1.66006e-07
-1.57929e-07
-1.0931e-07
2.1602e-08
1.06527e-06
4.25429e-08
-7.79002e-08
-8.07054e-08
4.18529e-07
-4.67814e-07
4.92852e-08
6.98626e-07
-1.12268e-06
4.24057e-07
1.1168e-06
-3.12669e-07
-4.93194e-07
-4.08105e-07
2.18499e-07
7.89117e-10
-2.19288e-07
-5.84104e-07
-3.81499e-07
9.65604e-07
-8.00386e-07
2.16282e-07
-3.23394e-07
-3.16521e-07
-5.8124e-08
-8.37986e-08
4.4729e-08
-2.49693e-07
-4.32878e-09
3.64864e-07
-3.60535e-07
6.94054e-08
6.00239e-08
2.24486e-07
-3.7846e-08
-2.0748e-07
2.34874e-08
-8.53197e-08
6.92281e-08
-4.31918e-07
3.40649e-07
9.12692e-08
1.99126e-07
-5.2252e-07
9.73671e-08
-9.90401e-08
1.67294e-09
1.85754e-07
1.8006e-07
1.01287e-07
-3.91987e-09
-4.2616e-07
-1.9735e-07
6.2351e-07
4.19731e-08
5.99009e-08
-1.21055e-06
2.84688e-07
9.25861e-07
1.39054e-07
-6.58185e-08
-2.73608e-07
-1.5831e-07
1.23673e-06
-3.53524e-07
-5.90573e-08
-2.52105e-07
3.11163e-07
-2.75316e-08
-1.71159e-07
9.42632e-07
2.94098e-07
1.08821e-08
4.07647e-07
1.13509e-06
-2.05774e-07
-9.29315e-07
-1.0176e-07
-9.78603e-07
-2.31947e-07
2.46588e-07
9.41246e-08
1.24374e-07
6.75776e-08
-4.93737e-07
-1.48612e-07
1.09124e-06
1.25572e-07
-1.34712e-06
1.22155e-06
-6.61704e-08
-1.31593e-06
1.3821e-06
-7.87363e-08
-5.77863e-07
6.56599e-07
1.21713e-07
1.02773e-07
-1.07762e-06
2.77287e-07
8.00329e-07
-4.01994e-07
2.56049e-07
-1.61181e-07
1.56852e-07
-1.3887e-06
-5.36331e-07
4.76006e-07
-3.26606e-07
-1.49399e-07
3.84278e-07
-1.77825e-07
-2.06453e-07
-2.95154e-07
2.36097e-07
-1.32809e-06
2.66699e-07
-6.62475e-07
-4.15141e-07
-2.28462e-07
2.28462e-07
-1.13502e-07
5.24576e-08
6.10444e-08
-4.50922e-07
-2.27732e-07
6.78654e-07
9.1093e-07
1.91371e-07
-2.15692e-07
-6.58577e-08
-1.12482e-06
-1.34302e-06
6.80975e-07
1.34302e-06
-1.29284e-06
-5.01736e-08
6.52889e-08
9.75615e-07
-1.0409e-06
-2.81922e-07
1.68014e-06
-1.39822e-06
-9.75615e-07
1.10119e-06
-2.56287e-07
1.0409e-06
-7.84616e-07
9.98531e-07
-1.14714e-06
2.13914e-07
-9.98531e-07
7.84616e-07
-1.43426e-06
1.54831e-06
-1.14043e-07
1.43426e-06
-1.33534e-06
-1.54831e-06
1.39822e-06
1.50091e-07
-1.10119e-06
1.40151e-06
-1.40151e-06
1.33534e-06
-7.33429e-07
-3.89254e-07
-1.55081e-07
-2.46913e-07
8.09559e-09
1.7614e-07
-8.6089e-07
1.27417e-06
-4.13276e-07
1.56487e-07
-6.47187e-08
-1.11718e-06
-2.28895e-07
-4.93655e-07
7.22551e-07
-1.41827e-06
3.36114e-07
9.11118e-07
3.63048e-07
9.76407e-07
-6.61206e-08
-1.41359e-07
-1.69539e-06
8.17403e-07
-1.02318e-06
2.26728e-08
8.75007e-07
-1.57579e-06
9.49288e-07
-1.65225e-06
-1.09256e-06
-1.33023e-07
1.22559e-06
-7.43144e-07
9.57058e-07
-1.28218e-06
2.4841e-07
1.03377e-06
-9.97489e-07
1.19145e-07
2.65133e-07
-6.85931e-07
1.56094e-06
8.81564e-07
-3.85414e-07
-4.96151e-07
1.56361e-07
-5.26119e-08
-1.28703e-06
-1.12309e-06
3.05243e-08
1.93718e-08
-1.19472e-07
-4.49604e-07
3.70868e-07
8.64415e-08
-5.4773e-08
-3.16685e-08
-7.85625e-07
9.76085e-07
-1.9046e-07
-7.61189e-08
-3.31912e-08
9.59397e-08
2.30489e-07
-4.14156e-07
1.83667e-07
-1.08512e-06
-3.79688e-08
-1.15882e-08
-5.22483e-09
-6.64865e-08
-5.34771e-08
5.34676e-07
-7.51408e-07
2.16733e-07
-1.70503e-07
3.15278e-07
-1.03127e-06
8.92292e-07
1.38976e-07
-8.94085e-08
7.65165e-07
-5.51834e-08
-7.72392e-08
7.80283e-08
-1.00186e-06
-8.32637e-08
5.69896e-08
-3.02661e-07
2.45671e-07
-8.78188e-08
1.44808e-07
-5.40898e-07
1.33854e-07
4.07043e-07
1.05913e-06
-1.5201e-06
-4.67668e-07
3.35838e-07
1.31829e-07
-3.48429e-07
-4.02979e-07
2.75539e-08
4.48452e-07
7.57953e-07
-1.17098e-07
2.29103e-07
-6.24315e-07
3.95211e-07
1.12894e-07
-2.83398e-07
-1.75272e-07
1.09469e-06
2.02454e-07
-4.60938e-08
1.06236e-07
-3.21929e-07
3.70716e-07
-7.58639e-07
-5.0656e-07
2.77664e-07
3.95714e-07
1.95387e-07
-5.91101e-07
6.10511e-08
-1.06291e-06
8.20589e-08
8.1461e-07
3.10292e-07
9.4545e-08
-1.10393e-06
1.05404e-06
4.98893e-08
-1.57375e-07
4.43449e-07
-1.14557e-06
7.02125e-07
-7.93895e-07
1.23734e-06
-3.24616e-07
-5.76407e-07
4.13324e-07
1.63082e-07
-4.61002e-07
-1.15404e-07
-6.92643e-07
5.62908e-07
1.29735e-07
-5.94773e-07
5.34937e-07
5.98363e-08
-6.36489e-07
4.17161e-08
6.86889e-07
4.7961e-07
5.69556e-07
-2.33718e-07
-5.05858e-07
-1.86785e-07
-2.53282e-07
3.03499e-07
-6.51929e-07
-1.06849e-06
2.74591e-07
-6.25212e-07
7.54814e-07
-1.29602e-07
-8.62974e-07
1.1168e-07
-2.52385e-08
2.59656e-07
-8.84868e-07
8.69164e-08
1.41546e-07
-9.65537e-07
-1.38394e-07
2.40998e-07
-6.49104e-07
1.59904e-06
-7.30645e-07
-8.68395e-07
-1.04584e-06
-3.7243e-07
-9.2951e-07
1.11509e-06
8.32663e-08
6.90702e-08
2.0683e-07
-4.98351e-07
2.91521e-07
3.41997e-07
1.91544e-07
3.78012e-07
-2.286e-07
5.24208e-07
6.72265e-08
-5.91435e-07
-1.09235e-06
1.26809e-07
-1.7163e-06
1.03037e-06
4.66293e-07
-3.71748e-07
3.62873e-07
-9.87279e-07
6.24406e-07
2.95638e-07
-6.81052e-07
6.44872e-07
5.92472e-07
-8.80108e-08
4.43611e-07
-2.36781e-07
1.02187e-06
-9.49517e-07
-7.23496e-08
4.16532e-07
4.97615e-08
6.36698e-08
-2.18751e-07
2.55565e-07
-4.1294e-07
2.74166e-07
1.28498e-07
-4.02664e-07
-7.12659e-07
6.82997e-07
3.89265e-09
1.00092e-07
8.78063e-07
-5.82426e-07
1.25025e-06
-7.70644e-07
6.45984e-08
6.18398e-07
1.06218e-06
5.36863e-07
-2.04441e-07
-8.87905e-07
-6.39609e-07
7.64583e-07
-1.24974e-07
1.24745e-06
-3.92844e-07
-8.54603e-07
-1.25556e-07
1.0156e-06
-8.90046e-07
9.51848e-07
-9.64381e-07
1.25337e-08
-7.46665e-07
8.11264e-07
5.96225e-08
8.51308e-07
9.82396e-07
-9.22774e-07
3.5445e-07
2.63948e-07
9.7331e-07
-7.56577e-07
4.41376e-07
-1.98483e-07
-2.42893e-07
5.48361e-07
4.62685e-07
-4.85287e-08
-3.32917e-07
-4.30196e-08
4.64482e-07
-4.21462e-07
1.08429e-06
-1.21732e-06
-6.23337e-07
9.26836e-07
7.66388e-07
-4.53568e-07
-3.1282e-07
8.12732e-07
-1.77777e-07
1.41546e-07
6.55e-07
3.20374e-08
-6.87037e-07
-1.9154e-07
5.54344e-07
-3.62804e-07
2.77438e-08
1.69853e-08
2.77438e-08
-4.00556e-07
9.15138e-07
-5.14581e-07
1.2446e-06
-5.99728e-07
-2.06686e-07
7.16518e-07
-5.09831e-07
-6.87603e-07
-2.41907e-07
8.63575e-07
-3.44116e-07
-5.19459e-07
8.41559e-07
4.03041e-07
-5.64833e-07
1.88338e-07
3.76495e-07
-1.5053e-06
1.22338e-06
-7.6239e-07
1.12526e-06
9.25512e-08
2.40238e-07
1.04613e-06
1.20346e-06
-3.61903e-07
-1.33278e-07
6.57486e-07
-4.0024e-07
3.5722e-07
2.49836e-07
3.65831e-07
3.47658e-07
1.09568e-07
-8.60809e-08
1.09568e-07
2.33091e-09
-7.50939e-07
8.18166e-07
8.01221e-07
-5.01231e-07
-2.9999e-07
-4.42473e-07
6.34017e-07
1.70259e-07
3.85939e-07
-3.85939e-07
7.06856e-07
-9.48762e-07
1.99643e-07
-5.43759e-07
1.08626e-06
-8.1167e-07
4.7037e-07
3.30851e-07
5.14244e-07
-6.03575e-07
1.19605e-06
-4.52286e-07
-4.96082e-07
-5.37281e-07
-5.04274e-07
1.04155e-06
5.03588e-07
-5.83787e-07
1.22784e-07
8.51308e-07
3.77857e-07
2.6295e-07
1.47655e-07
2.52751e-07
-8.35177e-07
5.60226e-07
-5.60226e-07
5.01823e-08
8.36721e-08
-4.88497e-08
-2.71683e-07
6.19341e-07
1.06611e-06
-1.27198e-06
2.05876e-07
1.93948e-07
1.00951e-06
-1.10785e-06
7.97442e-07
3.98605e-07
-2.82545e-07
9.95245e-07
-7.127e-07
1.03691e-06
-7.37891e-07
-2.99015e-07
-2.73509e-07
1.05888e-07
-2.68146e-07
1.33425e-06
8.19918e-07
-1.26531e-06
4.45392e-07
-3.69997e-07
3.69997e-07
-1.13648e-06
-4.47075e-07
4.47075e-07
-8.92649e-07
8.78698e-07
-2.5801e-07
-6.20688e-07
2.64136e-07
-2.64136e-07
-5.054e-07
-3.33883e-07
3.33883e-07
9.5879e-07
-1.20048e-06
2.41693e-07
3.49223e-07
-3.49223e-07
-8.02004e-07
1.0117e-06
-3.70203e-07
-6.41492e-07
8.62744e-07
7.52075e-07
-1.89167e-07
-4.05724e-07
5.56826e-07
-4.27091e-07
1.29378e-06
-4.73858e-07
8.19182e-07
-8.91531e-07
-8.99295e-07
-3.66015e-07
-6.57355e-07
9.20305e-07
-1.87688e-07
1.15274e-06
7.90804e-07
2.46431e-07
4.86533e-07
9.55087e-07
-1.76048e-07
2.2623e-07
3.71752e-07
6.39943e-07
-1.10754e-06
-1.09774e-07
7.0465e-07
3.36905e-07
1.07888e-06
7.38568e-08
1.11083e-06
-1.01317e-07
-1.31398e-06
-5.7592e-07
-3.45708e-07
9.21628e-07
3.8612e-07
-4.63429e-07
7.73096e-08
5.54065e-07
7.39711e-07
-8.98883e-07
-6.54983e-08
3.21095e-07
3.3535e-07
-6.56445e-07
6.84533e-07
-3.06521e-07
-1.14551e-06
-6.13065e-08
-1.14741e-07
1.89283e-07
5.28401e-07
-8.98604e-07
-2.14015e-07
2.14015e-07
-1.2993e-06
6.28876e-07
6.7042e-07
-1.21899e-06
3.19694e-07
8.49496e-07
4.37915e-07
2.46618e-07
-1.26878e-06
5.78208e-07
6.90571e-07
-3.04196e-08
-6.1398e-07
-2.2509e-08
-9.85917e-07
-2.33071e-07
6.98484e-09
1.0719e-06
3.03269e-07
-8.79189e-07
-7.4523e-07
-1.39315e-07
2.94496e-07
-1.55181e-07
1.11782e-06
9.01865e-08
-1.10201e-06
1.01182e-06
2.93036e-07
7.16615e-07
-1.00965e-06
1.40834e-07
1.10326e-06
-1.04815e-07
-4.69758e-07
9.69092e-07
-4.99335e-07
-9.10637e-07
9.05601e-08
-2.11535e-07
1.20975e-07
1.16208e-06
2.58432e-07
2.64888e-08
-2.84921e-07
-6.39904e-07
-5.91843e-07
-6.95289e-07
1.28713e-06
1.61866e-07
7.16831e-07
3.36349e-07
7.06948e-08
-9.32482e-08
9.32482e-08
-7.17924e-07
1.29613e-06
1.16015e-06
-4.04039e-07
-7.56113e-07
2.36762e-07
-2.98068e-07
1.00084e-06
1.16976e-07
-9.05305e-07
1.225e-06
-1.30977e-06
-8.64498e-07
4.12181e-07
4.52318e-07
3.48266e-07
-4.89162e-07
-3.75336e-07
-2.72121e-07
-8.99112e-07
4.29354e-07
1.2617e-07
1.03873e-06
-1.1649e-06
4.52132e-07
3.69435e-07
-8.21567e-07
-8.2096e-07
1.26635e-06
-4.4698e-07
-6.99829e-07
-5.21121e-07
1.22095e-06
9.86899e-07
-3.84168e-07
-6.02731e-07
-1.177e-06
2.717e-07
4.7993e-07
-4.87545e-08
-7.73588e-07
1.23391e-06
-4.60317e-07
4.60323e-07
-9.66759e-07
1.09293e-06
-4.70824e-07
7.74093e-07
-2.03996e-07
-1.76166e-07
1.12932e-06
-5.81046e-07
-5.48274e-07
6.82035e-07
5.51871e-07
1.18172e-06
-4.99682e-07
6.2931e-07
1.22765e-07
5.72111e-07
1.0719e-06
4.32801e-08
-1.11518e-06
5.80424e-07
6.01292e-07
1.07953e-06
-4.9911e-07
-5.07829e-07
-7.10931e-07
1.21876e-06
3.82559e-07
6.28377e-07
-1.01094e-06
-1.71222e-08
1.19684e-08
5.15373e-09
9.35588e-07
-3.45032e-07
-5.53573e-07
5.16893e-07
6.12428e-07
-2.68829e-07
6.38264e-07
-5.58237e-07
-6.09868e-07
1.1681e-06
-2.28657e-07
1.57907e-07
1.25702e-07
-2.83609e-07
-3.84121e-07
-2.72324e-07
-1.10127e-07
-9.07587e-07
1.01771e-06
1.20487e-08
1.05985e-06
-5.89326e-07
2.95232e-07
2.94094e-07
1.20746e-06
3.86125e-07
-1.06088e-06
6.74755e-07
-1.56287e-07
9.67318e-07
-8.11031e-07
-1.25353e-06
-8.37589e-07
3.64802e-07
4.72788e-07
1.69876e-07
7.79304e-07
-7.15916e-07
1.10204e-06
-9.10832e-07
-3.74006e-09
9.14573e-07
4.69666e-07
1.49053e-08
-1.05136e-06
1.03645e-06
-5.99854e-07
2.71906e-07
3.27948e-07
8.95927e-07
5.02819e-08
-9.46209e-07
2.53075e-07
-5.21903e-07
-1.12305e-06
-3.11027e-07
4.36729e-07
2.58462e-07
6.43406e-07
-9.01868e-07
8.61356e-07
1.05962e-07
-4.77949e-07
-5.12856e-07
9.90804e-07
4.57174e-07
-3.05341e-08
-3.14194e-07
-7.46687e-07
1.00808e-06
8.48533e-08
2.89798e-07
9.421e-07
-1.2319e-06
-6.32357e-07
-2.05233e-07
7.68391e-07
-1.92202e-07
-5.43709e-08
8.06121e-07
-7.51751e-07
1.32552e-07
7.92063e-07
-9.24615e-07
5.64741e-07
-1.06442e-06
1.36035e-07
-1.11986e-06
3.54176e-07
7.65682e-07
-6.87729e-07
7.38011e-07
1.13701e-06
-8.4721e-07
8.44196e-07
-1.99721e-07
-6.44475e-07
-7.13275e-07
7.09535e-07
-2.08072e-07
-3.81254e-07
-1.56229e-07
1.56229e-07
-1.5934e-07
1.5934e-07
1.45237e-07
-1.45237e-07
-2.05514e-07
1.69853e-08
1.22361e-07
-1.22361e-07
-1.76211e-07
1.76211e-07
2.00088e-07
-2.00088e-07
1.39629e-07
-1.81048e-07
1.81048e-07
-1.34461e-07
-2.126e-07
2.126e-07
1.02929e-07
-1.02929e-07
-1.48408e-07
1.48408e-07
-1.62711e-07
1.62711e-07
-6.75121e-07
1.09377e-06
-4.18651e-07
-2.32835e-07
2.32835e-07
1.29465e-07
-1.29465e-07
-2.23673e-07
9.71574e-07
-7.47902e-07
7.53539e-07
-6.47577e-07
9.13335e-07
-2.35052e-07
1.02374e-06
-5.66565e-07
6.5314e-07
-9.67334e-07
3.27237e-07
-7.64473e-08
2.51666e-07
5.10957e-07
-7.62623e-07
-7.37299e-07
-2.84108e-07
6.79319e-07
2.9249e-07
5.34165e-07
-8.26655e-07
-3.14446e-07
1.22244e-07
-9.95767e-07
-1.69136e-07
-2.06983e-07
-3.14921e-07
6.15595e-07
-9.40302e-07
4.41193e-07
-4.29762e-07
-3.91804e-07
-9.323e-07
4.54352e-07
5.96307e-07
-8.80415e-07
-1.20548e-06
2.09711e-07
1.60544e-07
-1.44561e-07
-1.53507e-07
-3.01329e-07
9.60963e-08
1.29158e-06
6.58105e-08
2.4736e-08
6.41191e-07
-1.74816e-07
9.04806e-07
-9.08273e-09
7.18617e-07
-4.30773e-07
2.2379e-07
-9.12798e-07
1.04535e-06
-1.0405e-06
2.32673e-07
8.07829e-07
1.12228e-06
-8.80722e-07
-2.41557e-07
3.48617e-07
-9.37028e-07
9.70207e-07
-3.31787e-08
-9.56695e-07
9.02324e-07
-9.75472e-07
8.43938e-07
1.31535e-07
1.19426e-06
-8.40085e-07
-1.79086e-07
-3.75561e-07
-9.95875e-07
7.96154e-07
-7.44683e-07
-1.02037e-06
7.55545e-07
2.6482e-07
1.58812e-07
2.81711e-07
-1.12892e-06
-9.52181e-07
2.04279e-07
-1.29284e-06
-1.04565e-06
3.25582e-07
7.20064e-07
-2.52515e-07
1.74626e-08
-7.53345e-07
1.05768e-07
4.70165e-07
-2.62827e-07
-1.56419e-07
2.09481e-07
-1.25622e-07
-8.72606e-08
2.12883e-07
-2.71961e-07
3.13539e-07
-1.86417e-07
6.97374e-07
1.08322e-07
1.35117e-08
-7.31476e-08
-1.62316e-07
-8.78187e-07
7.85504e-07
5.10628e-07
1.11179e-06
-8.79118e-07
-1.51938e-07
-4.61169e-07
8.87177e-09
4.52297e-07
-5.92802e-07
-2.24211e-07
-4.43978e-07
5.09788e-07
3.98293e-07
-4.64413e-07
-6.7047e-07
-2.63378e-07
4.98633e-07
-6.77766e-07
1.79133e-07
2.16592e-07
-6.39348e-07
5.04061e-07
7.02913e-07
-7.1511e-07
2.44286e-07
7.67915e-07
3.25857e-07
-4.70251e-07
-3.4787e-07
-7.69944e-07
1.11781e-06
1.49969e-06
-5.50398e-07
-2.90101e-07
-4.525e-07
9.22166e-07
-9.12721e-07
1.22626e-06
3.61006e-07
8.77099e-07
-1.23811e-06
8.00109e-07
4.58573e-07
-8.07779e-07
3.49207e-07
3.54799e-07
-1.26752e-06
-9.67875e-07
5.7607e-07
-1.00323e-06
1.11155e-06
1.56046e-07
-3.12465e-07
9.21889e-07
-2.34969e-07
-7.32365e-07
1.25567e-06
-4.07358e-07
-3.37325e-07
4.58104e-07
-3.63195e-07
1.10111e-07
8.0719e-07
9.29802e-07
-1.08174e-06
-1.23136e-07
6.06477e-07
-4.83341e-07
-1.02389e-06
5.46026e-07
4.77867e-07
-5.87267e-07
-1.75356e-07
7.39737e-07
-9.02052e-07
-1.04914e-06
5.49802e-07
5.65728e-07
-3.23716e-07
-2.42011e-07
-3.34968e-07
4.37742e-07
-1.01277e-06
5.65788e-07
-3.8331e-07
-5.84565e-07
1.0125e-06
-2.04669e-07
4.15584e-07
1.09456e-06
-2.80133e-07
-8.14424e-07
-1.0816e-07
-3.54303e-07
2.21607e-07
-1.06978e-06
6.86472e-07
-3.49717e-07
-8.22235e-07
-5.08649e-07
9.00973e-07
-3.92324e-07
-1.11966e-06
-5.78991e-07
9.04848e-07
-4.36697e-07
2.28199e-07
-2.34378e-07
-4.43388e-07
-8.51936e-07
-7.38647e-07
2.86147e-07
-9.58206e-07
4.32831e-07
5.25376e-07
-1.02383e-06
4.3354e-07
5.90285e-07
4.31121e-07
-9.62882e-07
1.17236e-06
-1.08837e-06
6.51672e-07
-7.56591e-07
-2.11641e-08
-6.60966e-08
1.69402e-07
9.41351e-07
-1.11075e-06
4.84789e-07
-7.29152e-07
-3.58156e-07
5.20597e-07
-1.62441e-07
-5.66681e-07
-4.84771e-07
1.05145e-06
1.28993e-06
7.9961e-07
7.00076e-07
8.22295e-07
-1.1124e-06
4.01898e-07
4.26116e-07
-4.96207e-08
4.37996e-07
6.92854e-08
-9.68168e-07
-2.78083e-07
1.90345e-07
8.77382e-08
-4.83349e-07
8.51073e-07
-3.31956e-07
-5.19118e-07
-5.44572e-07
-9.34919e-07
3.8452e-07
-3.73308e-07
7.04757e-07
-3.3145e-07
-5.43962e-07
-2.97367e-07
-3.38377e-07
-4.31369e-07
7.69746e-07
-5.2484e-07
-4.0746e-07
8.65038e-07
-1.25301e-07
4.44167e-07
6.57875e-07
1.61866e-07
-6.45207e-07
3.83297e-07
-4.04461e-07
-4.2262e-07
-3.55602e-07
-4.52178e-07
-5.15037e-09
-2.72933e-07
1.06895e-06
-5.19151e-07
1.13452e-07
3.2429e-07
6.60369e-07
5.24991e-07
4.53466e-08
2.01933e-07
-2.4728e-07
-4.27966e-07
1.22758e-06
-3.19225e-07
-6.15694e-07
2.60593e-07
3.05134e-07
-4.43613e-07
-3.32651e-07
7.76264e-07
-1.08583e-06
-6.52234e-07
-8.47026e-07
-1.65564e-07
-1.24248e-07
2.89812e-07
-5.90994e-07
-3.53225e-07
6.13818e-07
5.26245e-07
1.01488e-07
-6.27733e-07
-1.00961e-06
-5.74237e-07
1.0521e-06
2.58265e-07
3.15472e-08
-6.85875e-07
3.57707e-07
1.68538e-07
1.0351e-06
1.0992e-06
-2.97454e-07
6.1249e-07
-1.09584e-06
-1.11652e-06
2.37402e-07
-1.75169e-07
5.38597e-07
-1.06359e-06
4.89351e-07
4.6111e-07
8.74994e-07
2.47508e-07
-6.20816e-07
-4.73342e-07
-9.87514e-07
-9.42257e-08
2.66435e-07
-5.90151e-07
6.42785e-07
3.56661e-07
3.8975e-07
-7.46411e-07
-6.158e-07
1.03151e-06
-4.15712e-07
1.04861e-06
-4.16885e-07
2.73388e-07
4.19441e-07
-7.51396e-07
5.64186e-07
-2.90798e-07
-3.45024e-07
-3.88592e-07
-5.59163e-07
9.47755e-07
-1.06066e-06
-6.14782e-07
1.04832e-06
-3.06744e-07
5.5103e-07
-9.98635e-08
-2.63968e-08
1.2626e-07
4.84846e-07
2.849e-07
-2.17238e-07
-8.05062e-07
1.0223e-06
5.72465e-08
-3.63911e-07
3.06664e-07
-3.41809e-07
-6.15222e-08
1.06869e-07
-2.60994e-07
1.6113e-07
-1.00439e-06
1.04466e-06
-5.83549e-07
2.14819e-07
-1.05336e-06
5.74515e-07
-9.66839e-07
2.96185e-07
-5.51069e-07
2.44326e-07
1.00057e-06
3.58821e-08
-9.4283e-07
3.89257e-07
2.00719e-07
-9.38501e-08
4.29877e-07
2.55714e-07
4.4166e-07
-2.16166e-07
6.47344e-07
8.6336e-07
5.12125e-08
4.43472e-07
-1.02702e-06
-9.3457e-07
4.15452e-07
-1.02957e-06
3.88076e-07
5.3767e-07
4.53134e-07
9.85411e-07
-3.95126e-07
5.41417e-07
-2.93909e-07
5.71596e-07
3.3321e-07
3.4108e-07
3.7152e-07
1.92666e-07
2.5062e-07
6.3261e-07
6.88526e-08
2.72227e-07
1.94357e-07
3.2624e-07
5.18835e-07
-7.85608e-07
2.66773e-07
-1.04217e-06
6.40311e-07
4.01862e-07
-1.0675e-06
5.94159e-07
-6.96011e-07
7.63799e-09
-5.75848e-07
-3.66982e-07
-5.23367e-07
-6.5642e-07
2.338e-07
1.62326e-07
-3.81614e-07
-4.09563e-07
8.82037e-07
4.57649e-08
6.72853e-07
5.07985e-07
-3.06052e-07
-1.45869e-07
-6.17068e-08
-1.99287e-07
-5.98338e-07
-3.36231e-07
-3.17269e-07
-4.09627e-07
2.91819e-07
-4.37333e-07
-6.7394e-07
-3.69151e-07
1.04309e-06
8.53645e-07
-7.84359e-07
9.09125e-07
6.81161e-07
-4.78513e-07
1.65818e-07
3.12694e-07
-1.09573e-06
1.00151e-06
-3.96495e-07
1.04072e-06
-6.44222e-07
8.2352e-07
3.01244e-08
3.98488e-07
8.29088e-07
4.16207e-07
-7.8481e-07
4.53361e-07
1.05178e-06
-3.89711e-07
-3.95099e-07
-1.00797e-06
-8.04316e-07
-1.0183e-06
3.44364e-07
-4.63527e-07
7.27048e-07
-2.63521e-07
1.03104e-06
7.62982e-07
8.2731e-07
-3.19207e-07
-2.17313e-07
5.3652e-07
-1.10463e-06
9.94501e-07
2.51087e-07
-9.63787e-07
1.06017e-06
-6.72093e-07
3.77006e-07
3.99257e-07
-4.26055e-07
-4.80057e-07
-6.91018e-07
1.06277e-06
6.36017e-07
-6.80839e-07
3.29888e-07
2.8393e-07
-6.1979e-07
7.14582e-09
-6.70715e-07
2.7422e-07
8.36054e-07
-5.0997e-07
7.68432e-07
3.32243e-07
-9.65964e-07
6.33721e-07
7.07828e-07
3.54942e-07
1.79034e-06
-1.82756e-06
3.72218e-08
7.06894e-07
-6.89193e-08
6.23456e-07
-2.33706e-07
-2.12402e-07
6.03054e-07
-3.90651e-07
9.17032e-07
-4.63898e-07
-1.09246e-07
1.04921e-06
3.93665e-07
-1.0767e-06
1.88799e-07
-8.37028e-07
1.06092e-06
-3.53097e-07
6.58624e-08
-8.50222e-07
1.08117e-06
-3.0999e-07
-7.71176e-07
4.70502e-07
8.63236e-08
-8.0933e-07
1.08792e-06
-2.78589e-07
-5.5603e-07
8.01594e-07
-2.45565e-07
2.17078e-07
1.41731e-07
-5.67786e-07
4.91079e-07
-2.60318e-07
-1.06836e-06
-3.36521e-08
7.5738e-08
-8.53609e-07
6.43923e-08
-3.77113e-07
-6.47788e-08
-1.82501e-07
9.42535e-07
-5.50772e-07
3.95591e-07
7.91176e-07
-5.03188e-07
-2.28203e-07
7.31391e-07
-2.7824e-07
-1.51018e-07
4.29259e-07
4.88797e-07
-1.03707e-06
3.17404e-07
1.1082e-07
7.98305e-07
4.86911e-07
7.6189e-07
2.71836e-07
7.26857e-07
3.34067e-07
5.05411e-07
5.35307e-07
6.02379e-07
2.41988e-07
-8.44367e-07
-1.03748e-07
4.78264e-07
1.55753e-07
-1.09979e-06
3.11795e-07
9.8874e-07
-6.51836e-07
-3.75699e-07
-2.14452e-07
-6.77745e-07
7.43607e-07
9.98654e-08
4.69085e-07
4.51586e-08
-6.3185e-07
7.97124e-07
-1.65274e-07
-3.09021e-07
-5.73392e-07
7.82409e-07
-2.09017e-07
-3.05729e-07
9.459e-07
-6.40172e-07
8.03746e-07
3.38612e-07
7.92617e-07
-2.65829e-08
-7.66035e-07
1.13533e-07
1.82652e-07
1.0591e-06
8.55366e-07
2.32553e-07
2.34091e-08
-5.64611e-07
5.41202e-07
9.88209e-07
-3.94065e-07
-6.95297e-07
7.4911e-07
1.58264e-07
1.80348e-07
1.05994e-06
-3.1083e-07
6.35113e-07
-8.18292e-07
8.48416e-07
-7.25901e-07
4.81561e-08
1.50559e-07
-8.43319e-07
1.48023e-07
7.81352e-07
7.37671e-08
7.23357e-07
1.93534e-08
4.1691e-08
-8.25617e-07
-5.31989e-07
9.09845e-07
5.93267e-07
9.22486e-07
-2.05655e-07
-6.52134e-07
-1.26865e-07
-1.24674e-07
5.10794e-07
-5.54773e-08
1.06386e-06
-2.82507e-07
8.16027e-07
8.16657e-07
1.05829e-07
7.53637e-07
6.23896e-08
-9.28789e-07
-1.24403e-07
1.05319e-06
3.48209e-07
-1.10432e-06
5.00619e-07
-8.41078e-07
-1.2709e-07
9.32476e-07
-1.15819e-07
-5.38097e-07
-2.71758e-07
8.09855e-07
-9.67944e-07
-8.46346e-08
-2.7463e-07
3.59264e-07
2.38243e-07
-8.96825e-08
-2.20743e-07
-4.82074e-07
7.02817e-07
-7.34736e-07
2.38585e-07
6.63675e-07
7.83085e-07
-6.30532e-07
5.74973e-07
-5.67096e-07
8.13527e-07
-2.55346e-07
-2.28944e-08
5.08632e-07
-2.13148e-07
3.98902e-07
-5.4706e-07
-3.57437e-08
5.82803e-07
-3.54652e-07
-3.69679e-07
7.24331e-07
6.00011e-07
-3.1608e-07
-4.65349e-07
9.05893e-07
-7.24882e-07
-1.05588e-06
-1.17643e-07
-8.62935e-07
-6.03859e-07
5.67992e-08
1.49106e-07
5.14569e-07
7.58119e-07
-1.69169e-06
9.33572e-07
-8.01778e-07
1.09959e-06
-9.10788e-07
-1.33582e-08
1.47453e-06
-1.13841e-06
-7.79164e-08
-9.5935e-07
1.43957e-07
2.32462e-07
2.9099e-07
-1.43887e-06
-3.68121e-07
6.9595e-07
9.52267e-08
-8.6647e-07
9.26954e-07
-2.83548e-07
9.75184e-07
1.71197e-08
-1.04659e-06
1.02947e-06
-2.57915e-07
9.39305e-07
-6.81389e-07
1.10199e-06
3.6392e-07
-6.7004e-09
1.09361e-06
1.07797e-06
-9.28863e-07
-1.04397e-06
2.11351e-07
8.32621e-07
9.51002e-07
-3.17281e-07
-1.26171e-06
6.94611e-07
-6.13261e-07
-9.53486e-07
7.88212e-07
1.04543e-06
5.65667e-08
1.06557e-06
-1.25326e-06
1.07412e-07
9.70558e-07
1.09532e-06
3.72667e-07
-4.22288e-07
1.12267e-08
3.71581e-07
1.58727e-07
1.97253e-07
2.92593e-07
-1.16654e-06
1.03709e-06
1.2945e-07
-1.82821e-07
-8.73058e-07
4.31473e-07
-7.37202e-07
1.05279e-06
-8.20236e-07
8.65386e-07
-3.05999e-07
-5.59387e-07
4.677e-07
3.40964e-07
-1.81925e-08
2.99979e-07
-2.81787e-07
3.59309e-07
3.73205e-07
-1.11243e-06
1.08202e-06
3.22116e-07
1.07142e-07
2.58237e-07
5.15856e-07
-1.17846e-06
1.06869e-06
9.87693e-07
-6.64947e-07
-3.99476e-07
-7.30288e-07
-2.23198e-07
-1.02341e-06
6.31442e-07
-4.09079e-07
4.58437e-08
3.63235e-07
-2.40321e-07
7.71599e-07
-1.02951e-06
-3.91239e-07
-4.53128e-07
-9.64489e-08
-7.20506e-07
-1.15523e-06
-1.27069e-06
1.84571e-07
-1.18206e-06
-1.54087e-07
-1.07045e-06
2.99271e-07
6.90717e-07
-8.22252e-07
-1.79732e-07
5.52875e-08
2.18936e-07
-1.53109e-07
-5.29315e-09
9.11187e-07
-1.04426e-06
-9.97447e-08
-3.48808e-07
-4.53196e-07
3.39011e-07
7.0408e-07
2.7883e-07
3.41076e-07
7.5359e-07
6.01865e-07
6.63393e-07
3.07852e-07
6.13777e-07
1.22981e-06
8.44832e-07
8.33779e-07
-8.006e-07
4.66451e-07
-1.01242e-06
9.78769e-07
-4.44609e-07
-1.04343e-06
-7.3638e-07
1.39008e-07
-9.31641e-08
1.64269e-07
4.86375e-08
1.65608e-07
1.08616e-07
-2.52629e-07
3.60788e-07
1.38471e-07
1.02534e-06
-7.83781e-07
-1.07936e-07
3.24529e-07
7.30243e-07
-1.01379e-06
3.22642e-07
-1.05902e-06
3.00394e-07
-5.34063e-07
1.12202e-06
3.21309e-08
1.05833e-07
-6.52141e-07
9.91152e-07
-4.93675e-07
-4.74779e-07
8.09032e-07
-9.13847e-07
-9.37522e-07
1.22062e-06
-2.83096e-07
1.25562e-06
-1.76003e-07
-6.91149e-07
-5.53938e-07
2.07982e-07
-1.01304e-06
-1.17059e-06
1.02557e-06
5.72771e-07
3.97787e-07
1.95772e-07
4.86486e-07
1.00174e-06
-1.00194e-07
8.23708e-07
-9.5814e-07
6.01551e-07
-3.73352e-07
-5.65017e-07
9.73576e-07
-9.26996e-07
-4.68354e-07
-4.26851e-07
-8.23146e-08
-2.81596e-07
1.44141e-07
-6.17763e-09
3.01793e-07
-8.80582e-07
3.98508e-07
-8.09276e-07
5.10261e-07
1.13654e-06
-9.28555e-07
-9.46428e-07
5.76748e-07
-6.13504e-07
-2.15718e-07
-3.00003e-07
2.19557e-07
-1.30548e-07
-4.12435e-07
-2.56491e-07
2.3199e-07
1.2399e-07
-1.08556e-07
1.08733e-06
-4.16518e-07
-2.64321e-07
-2.14924e-07
1.10069e-06
-1.49388e-06
2.98851e-07
8.6502e-07
-3.91786e-07
3.23371e-07
-6.34142e-07
8.45493e-07
-5.40449e-07
1.49798e-07
8.07684e-08
1.97603e-07
1.01248e-07
-6.26953e-08
3.09283e-07
-5.98219e-07
-4.46325e-07
8.37029e-08
-8.93131e-07
-3.32545e-07
1.19256e-06
2.07647e-07
7.07864e-07
-2.47274e-07
-7.16457e-07
8.53441e-07
-1.5877e-07
2.6117e-07
-1.77467e-07
4.47093e-07
-4.71829e-07
1.57769e-09
8.59256e-09
2.0021e-07
-1.3654e-07
3.75947e-07
-2.93789e-07
6.75381e-08
-2.4281e-07
1.16861e-08
-4.43539e-07
-6.06504e-09
2.94382e-07
-3.59498e-08
3.46989e-07
-5.00248e-07
1.51762e-06
-7.4226e-07
2.03841e-07
5.8993e-07
-4.87284e-08
-8.67666e-07
8.32954e-07
6.29397e-08
7.01766e-08
-1.33116e-07
1.87987e-07
1.43243e-07
2.56932e-07
-4.35843e-07
-7.30962e-07
3.51465e-07
-3.19911e-07
2.68726e-07
4.07966e-07
-2.15301e-07
5.51419e-07
-3.30312e-07
1.00497e-07
-5.89662e-07
2.92207e-07
4.4915e-07
-3.86609e-08
1.95839e-07
5.28291e-07
2.68545e-07
-1.02787e-06
2.84731e-07
4.76489e-07
-2.21419e-07
3.96772e-07
-1.75354e-07
8.05336e-07
7.39608e-09
4.77104e-07
7.78198e-07
8.75774e-09
5.49546e-07
-2.63399e-07
6.48967e-07
8.68648e-07
-6.8161e-07
-1.2131e-06
-8.44688e-07
1.13909e-07
5.31298e-07
8.05336e-07
7.90295e-07
6.32054e-08
-1.79695e-07
-4.65938e-07
2.51487e-07
1.15615e-06
-1.23407e-06
-1.4222e-07
-1.21227e-06
1.99555e-07
5.32315e-10
-2.05825e-07
-2.70101e-08
1.41355e-07
-1.89937e-08
1.62958e-07
-1.77209e-08
-1.25865e-07
-2.4093e-07
-1.49893e-07
-1.87595e-07
-1.62958e-07
1.25865e-07
1.87595e-07
-6.54688e-09
-1.47249e-07
-1.15954e-09
2.4093e-07
1.49893e-07
1.99555e-07
-2.05825e-07
1.41355e-07
-1.47249e-07
7.81397e-07
-6.12858e-07
-2.00557e-07
7.3236e-07
-6.70169e-07
-2.87391e-07
2.87391e-07
-2.00557e-07
-3.27089e-07
9.4406e-07
3.84547e-07
3.38235e-07
-2.14245e-07
1.04456e-06
9.76873e-07
-6.82775e-07
-1.57593e-07
1.36436e-09
1.57593e-07
-9.18518e-09
-9.78984e-07
-7.16403e-07
3.69154e-08
-3.07821e-07
1.76451e-08
4.52947e-08
-4.95659e-08
5.12642e-08
7.31101e-08
2.21497e-07
-1.35141e-06
-1.0767e-07
-4.68128e-07
5.00165e-07
4.49178e-07
2.45206e-07
-1.33361e-06
1.2051e-07
-2.42672e-07
3.65789e-07
1.24313e-07
1.92029e-07
-3.74204e-07
-9.70716e-07
8.60226e-07
1.1049e-07
6.9047e-07
-1.62179e-07
-1.39417e-07
1.39417e-07
-3.17647e-07
-2.87011e-07
-1.13777e-06
2.30212e-07
-1.02996e-07
1.0436e-07
2.33562e-07
-1.20428e-06
6.53403e-07
-3.72014e-07
1.73531e-07
-1.23983e-07
8.74913e-07
1.18055e-06
-1.08883e-07
-1.02339e-07
2.92593e-07
-5.97926e-07
3.58837e-08
-2.1335e-07
2.86011e-07
-4.28869e-07
-1.21254e-07
-1.12868e-07
1.48752e-07
3.64864e-07
-1.55434e-07
-9.18714e-08
8.922e-07
-3.67576e-07
2.51824e-07
-2.51824e-07
1.61336e-07
-5.10659e-09
-1.61336e-07
-1.45124e-08
-3.55485e-07
3.55485e-07
4.45284e-07
-2.23613e-07
-1.63823e-07
-9.37909e-07
-2.14414e-08
-4.14555e-07
2.96703e-09
1.36041e-07
-1.58214e-07
-2.67767e-07
-4.07861e-07
-9.01913e-07
3.94783e-07
5.8209e-07
3.2037e-07
-1.57212e-07
-4.70521e-07
-8.94085e-08
-1.38297e-07
-6.02169e-07
6.02169e-07
4.01078e-07
1.77884e-07
-3.60395e-07
-5.51637e-07
1.47771e-07
8.87516e-07
-1.03529e-06
2.75329e-07
3.33826e-08
9.27922e-08
-7.46097e-08
-6.9546e-08
8.42382e-07
-4.00141e-08
2.02543e-07
-3.14171e-08
-6.1747e-08
2.56501e-08
-2.56501e-08
2.15854e-07
1.80918e-07
4.68354e-07
1.23098e-08
5.01764e-08
-6.24862e-08
-5.35479e-08
7.50445e-08
-1.64044e-07
1.21254e-07
-3.62534e-07
1.64044e-07
-1.99568e-07
9.57709e-08
1.03797e-07
8.27788e-07
-1.95081e-08
-9.01396e-07
-3.60535e-07
-1.42717e-06
8.45621e-07
5.81544e-07
1.92029e-07
-2.84897e-07
-1.75354e-07
2.84897e-07
1.56716e-07
4.18023e-08
-1.72351e-07
2.52277e-09
-5.72984e-08
-2.52277e-09
5.72984e-08
-1.09163e-07
1.09163e-07
1.26393e-06
1.3536e-07
-5.17946e-07
-2.56414e-07
-6.3181e-08
-3.98147e-08
4.25241e-08
1.16816e-07
-1.16816e-07
-7.4226e-07
-1.68797e-07
6.9546e-08
-6.08515e-08
-2.10755e-08
-1.77884e-07
-3.05853e-07
-1.81123e-07
2.84625e-08
8.8078e-08
1.30657e-06
7.80807e-08
-3.4148e-07
6.33697e-08
-7.72359e-08
-1.63823e-07
-8.95366e-07
6.1208e-07
3.71654e-07
-8.72483e-08
-7.95584e-08
4.63325e-08
2.17779e-07
-7.58258e-08
-9.53332e-08
3.21567e-07
1.25435e-07
-6.4546e-07
4.88247e-07
4.6979e-07
2.08864e-07
-9.46195e-09
1.12426e-06
-2.4935e-07
6.84474e-08
-1.04359e-07
2.22035e-07
-4.59022e-08
7.7292e-08
-2.15854e-07
-1.33369e-07
8.68648e-07
-1.96478e-07
8.23222e-08
2.4668e-07
-6.84249e-08
-1.3536e-07
2.47293e-07
-3.98327e-07
2.39606e-07
8.94517e-07
-4.218e-08
1.03814e-07
3.2054e-07
2.39408e-07
-2.60715e-07
-1.05137e-06
1.60856e-08
-1.07716e-07
-4.92727e-08
1.13767e-07
1.60119e-07
-7.72978e-07
6.88668e-08
5.50873e-08
-4.49213e-08
1.82634e-07
-2.81888e-08
-3.89782e-07
-2.47057e-07
1.6223e-07
)
;

boundaryField
{
    back
    {
        type            empty;
        value           nonuniform List<scalar> 0();
    }
    front
    {
        type            empty;
        value           nonuniform List<scalar> 0();
    }
    top
    {
        type            calculated;
        value           nonuniform List<scalar> 
15
(
-3.76419e-07
-3.5598e-07
-2.74224e-07
-2.12907e-07
-2.74224e-07
-1.37964e-07
-1.37964e-07
-3.5598e-07
-3.76419e-07
-3.21915e-07
-4.93943e-08
-4.93943e-08
-3.21915e-07
-3.83232e-07
-2.12907e-07
)
;
    }
    outer_arc
    {
        type            calculated;
        value           uniform 0;
    }
    bottom
    {
        type            calculated;
        value           nonuniform List<scalar> 
15
(
1.54813e-06
1.03727e-06
-3.82808e-07
-8.08664e-07
1.48644e-06
-2.07465e-06
-1.48822e-06
1.41694e-06
-1.16681e-06
1.27666e-06
7.04169e-08
-8.04712e-07
1.67857e-06
6.02069e-07
1.45019e-06
)
;
    }
    inner_arc
    {
        type            calculated;
        value           uniform 0;
    }
}


// ************************************************************************* //
