/*--------------------------------*- C++ -*----------------------------------*\
  =========                 |
  \\      /  F ield         | OpenFOAM: The Open Source CFD Toolbox
   \\    /   O peration     | Website:  https://openfoam.org
    \\  /    A nd           | Version:  9
     \\/     M anipulation  |
\*---------------------------------------------------------------------------*/
FoamFile
{
    format      ascii;
    class       volScalarField;
    location    "1.29";
    object      p;
}
// * * * * * * * * * * * * * * * * * * * * * * * * * * * * * * * * * * * * * //

dimensions      [0 2 -2 0 0 0 0];

internalField   nonuniform List<scalar> 
1655
(
14.3409
14.309
14.3318
14.3672
14.4391
14.4188
14.328
14.4492
14.4351
14.4373
14.3509
14.3486
14.4513
14.2729
14.4262
14.2555
14.275
14.4306
14.4018
14.2728
14.2483
14.4353
14.445
14.4459
14.342
14.2749
14.2551
14.4396
14.4431
14.2437
14.3159
14.337
14.2595
14.3546
14.4296
14.3602
14.42
14.3066
14.2589
14.3101
14.2489
14.4451
14.2631
14.3958
14.2951
14.3651
14.3676
14.2948
14.4285
14.2659
14.4168
14.3321
14.4237
14.4378
14.4341
14.4086
14.2513
14.352
14.3615
14.4084
14.3212
14.4086
14.339
14.4475
14.3898
14.317
14.3808
14.3547
14.4297
14.4466
14.3538
14.3221
14.2456
14.4249
14.3461
14.287
14.444
14.4288
14.2507
14.2454
14.3879
14.2889
14.4336
14.3943
14.2438
14.4161
14.3442
14.2459
14.3198
14.4088
14.41
14.3372
14.3999
14.4282
14.2783
14.4028
14.3821
14.3607
14.3412
14.2479
14.339
14.385
14.431
14.3853
14.4322
14.4098
14.4438
14.244
14.2452
14.406
14.246
14.3479
14.4015
14.244
14.4432
14.4146
14.4442
14.364
14.3222
14.4323
14.3982
14.3567
14.3348
14.3732
14.383
14.4484
14.266
14.2782
14.2587
14.2409
14.4222
14.2444
14.4469
14.4473
14.2459
14.3123
14.4412
14.4211
14.2502
14.3785
14.4122
14.2557
14.2598
14.3672
14.286
14.3561
14.3769
14.3985
14.3882
14.3082
14.3204
14.2979
14.3452
14.3341
14.4188
14.2659
14.3906
14.3746
14.4429
14.3878
14.3775
14.3243
14.4377
14.3695
14.3665
14.3584
14.4392
14.4451
14.3844
14.4294
14.278
14.4354
14.3877
14.4413
14.2443
14.442
14.4246
14.4288
14.2468
14.2721
14.4113
14.4346
14.4156
14.3743
14.3028
14.2511
14.2908
14.2487
14.4304
14.4347
14.2985
14.4065
14.4306
14.3276
14.2569
14.245
14.4311
14.2539
14.3192
14.4335
14.3729
14.3735
14.3378
14.3284
14.4071
14.2505
14.2666
14.4295
14.2419
14.3519
14.3383
14.3298
14.3106
14.4466
14.2719
14.3773
14.3624
14.3244
14.3303
14.4334
14.2926
14.2473
14.2633
14.4345
14.2633
14.2636
14.2635
14.4101
14.3228
14.3216
14.2837
14.3101
14.3104
14.4285
14.2666
14.281
14.2602
14.4287
14.26
14.3018
14.4158
14.3017
14.3035
14.2466
14.4329
14.2467
14.3025
14.4391
14.2568
14.4346
14.3965
14.2456
14.4115
14.3353
14.2697
14.336
14.2509
14.4326
14.4288
14.266
14.3169
14.247
14.2671
14.3269
14.4129
14.4417
14.2691
14.2686
14.2602
14.2703
14.4252
14.4286
14.2995
14.249
14.4277
14.4275
14.3023
14.4309
14.4323
14.3096
14.4327
14.44
14.4264
14.4206
14.4229
14.4279
14.4314
14.2538
14.2693
14.4294
14.4288
14.2482
14.271
14.4366
14.4296
14.267
14.4497
14.3285
14.2478
14.2458
14.2568
14.4292
14.4277
14.2706
14.2672
14.4321
14.2603
14.2538
14.4273
14.2711
14.4253
14.2871
14.2511
14.3156
14.4417
14.429
14.2488
14.4336
14.2714
14.2538
14.4326
14.2725
14.2569
14.2704
14.2603
14.3616
14.3599
14.4402
14.251
14.4093
14.2724
14.431
14.2749
14.2538
14.4263
14.2599
14.4126
14.2713
14.2709
14.4273
14.2538
14.2744
14.4267
14.3161
14.418
14.2741
14.2721
14.2637
14.257
14.2491
14.4514
14.4081
14.3155
14.2636
14.4367
14.2757
14.2708
14.2747
14.4277
14.2679
14.416
14.272
14.4371
14.3039
14.2833
14.4169
14.2485
14.4495
14.432
14.2835
14.2972
14.2635
14.2903
14.2791
14.4461
14.4265
14.4077
14.4462
14.2848
14.2672
14.2853
14.3088
14.4432
14.3021
14.2637
14.4373
14.2797
14.4296
14.4249
14.2634
14.253
14.4062
14.4109
14.4369
14.278
14.2841
14.2763
14.4267
14.4385
14.415
14.275
14.2804
14.311
14.4384
14.4024
14.27
14.4359
14.4026
14.3044
14.4048
14.4407
14.3104
14.2971
14.4052
14.2732
14.3102
14.4359
14.3053
14.2956
14.2849
14.4148
14.308
14.3679
14.2809
14.2933
14.2924
14.3064
14.2784
14.2567
14.375
14.2603
14.3711
14.2896
14.4358
14.3073
14.3231
14.2868
14.4035
14.4362
14.3157
14.2565
14.2914
14.401
14.2819
14.2934
14.3183
14.3803
14.4086
14.3768
14.4081
14.3706
14.343
14.3627
14.3005
14.3675
14.2991
14.4099
14.2882
14.3781
14.3715
14.3158
14.2935
14.3116
14.3473
14.4168
14.4449
14.2952
14.2868
14.2983
14.318
14.3218
14.2877
14.3026
14.4033
14.3468
14.3241
14.3275
14.3303
14.3019
14.3627
14.2723
14.4013
14.3013
14.3607
14.3289
14.3017
14.3666
14.3587
14.3987
14.2904
14.3466
14.3753
14.3072
14.3765
14.351
14.325
14.2984
14.3581
14.3259
14.3744
14.3613
14.3299
14.3632
14.3548
14.2904
14.3576
14.3558
14.358
14.3476
14.363
14.4269
14.3541
14.3913
14.3315
14.3544
14.3752
14.351
14.3372
14.3036
14.312
14.3261
14.3169
14.3232
14.3509
14.3073
14.3117
14.36
14.3544
14.3413
14.3385
14.3635
14.3714
14.3292
14.3759
14.4145
14.312
14.4309
14.3465
14.387
14.3634
14.4004
14.3223
14.4072
14.3696
14.3221
14.4214
14.336
14.3812
14.3368
14.3918
14.353
14.3479
14.2806
14.3566
14.3446
14.2955
14.3612
14.3349
14.3771
14.3643
14.3425
14.3811
14.3079
14.3438
14.412
14.3134
14.339
14.2908
14.3522
14.3399
14.3285
14.3597
14.3726
14.3919
14.3473
14.3398
14.3509
14.397
14.3052
14.3157
14.3593
14.3627
14.4127
14.3188
14.38
14.3663
14.3473
14.3227
14.3683
14.3197
14.3375
14.3266
14.3314
14.3369
14.3176
14.3105
14.3262
14.3934
14.343
14.3546
14.3496
14.3143
14.3386
14.3671
14.3019
14.2915
14.3505
14.4033
14.253
14.3389
14.342
14.3479
14.2653
14.3261
14.3826
14.3563
14.2978
14.3561
14.3105
14.3213
14.3029
14.324
14.2914
14.3438
14.3215
14.3835
14.3274
14.3316
14.3366
14.3674
14.3188
14.3654
14.3422
14.37
14.3534
14.3483
14.361
14.357
14.3451
14.3361
14.3499
14.354
14.3156
14.3578
14.3503
14.4166
14.3396
14.3677
14.3689
14.2747
14.3547
14.3328
14.3271
14.335
14.3331
14.3405
14.3288
14.3624
14.3329
14.3064
14.3389
14.3527
14.376
14.3337
14.3163
14.3517
14.3797
14.3527
14.3602
14.3401
14.3455
14.3469
14.3799
14.3853
14.38
14.3698
14.3768
14.3935
14.3464
14.3823
14.3697
14.3599
14.3718
14.3198
14.3703
14.2964
14.3544
14.401
14.3631
14.3612
14.3716
14.3774
14.4044
14.3646
14.3425
14.3671
14.3807
14.3549
14.3421
14.3476
14.3252
14.3452
14.3327
14.3728
14.3877
14.3947
14.3811
14.3296
14.3697
14.3725
14.291
14.3561
14.2883
14.331
14.3339
14.3982
14.386
14.3858
14.324
14.2708
14.3586
14.3705
14.4239
14.3272
14.4382
14.2871
14.3741
14.3886
14.3441
14.3841
14.2766
14.404
14.3822
14.3632
14.4066
14.3898
14.3843
14.3728
14.3761
14.3777
14.2954
14.4141
14.338
14.283
14.3677
14.3664
14.3808
14.3353
14.3838
14.3737
14.3835
14.383
14.3838
14.27
14.2812
14.3954
14.3929
14.3823
14.3225
14.4043
14.2828
14.2837
14.3915
14.3952
14.3887
14.3868
14.3765
14.2864
14.3891
14.3689
14.2785
14.3905
14.3933
14.3839
14.3375
14.3519
14.331
14.3761
14.3612
14.3604
14.3881
14.3899
14.3921
14.3872
14.3526
14.3575
14.4035
14.3318
14.38
14.3466
14.3919
14.2754
14.374
14.3832
14.4043
14.2669
14.3369
14.3958
14.4065
14.3893
14.4085
14.4122
14.4071
14.3915
14.3181
14.3417
14.3982
14.4184
14.2752
14.4092
14.3418
14.3101
14.2694
14.4094
14.3847
14.2767
14.4044
14.3955
14.407
14.2715
14.3638
14.4017
14.3819
14.4183
14.355
14.2789
14.4012
14.389
14.3985
14.3848
14.3918
14.4072
14.3619
14.3959
14.3859
14.4075
14.3938
14.3944
14.4055
14.4015
14.4297
14.3812
14.2716
14.4107
14.4084
14.4013
14.2683
14.3878
14.3158
14.4043
14.3816
14.2514
14.3906
14.3977
14.399
14.4138
14.318
14.4011
14.3871
14.367
14.4113
14.387
14.3947
14.2737
14.4043
14.3843
14.4159
14.3798
14.3978
14.3911
14.3944
14.4157
14.4398
14.3849
14.3651
14.3182
14.3932
14.3142
14.3511
14.26
14.4069
14.4414
14.2659
14.3749
14.4017
14.3588
14.3993
14.3813
14.3942
14.4155
14.4261
14.4301
14.2539
14.3839
14.4274
14.287
14.4271
14.351
14.4103
14.4317
14.3949
14.3798
14.3124
14.4098
14.4271
14.4135
14.387
14.4257
14.3969
14.314
14.4132
14.2696
14.2626
14.4415
14.4286
14.4177
14.4163
14.2687
14.3971
14.3161
14.3829
14.4321
14.3966
14.3556
14.4073
14.3992
14.4305
14.3114
14.4167
14.4397
14.4242
14.2878
14.427
14.431
14.4282
14.3103
14.3853
14.3877
14.2922
14.3968
14.3969
14.267
14.4128
14.3794
14.3593
14.4102
14.3695
14.4018
14.2889
14.4345
14.4306
14.3946
14.3794
14.4173
14.2925
14.2602
14.3869
14.3658
14.3907
14.4134
14.4266
14.3631
14.4194
14.3905
14.2574
14.2671
14.4173
14.3689
14.2657
14.2753
14.2675
14.3994
14.2813
14.3901
14.4413
14.4341
14.2735
14.4355
14.3883
14.4014
14.4333
14.4218
14.2736
14.2635
14.2976
14.433
14.3774
14.4198
14.3761
14.4291
14.3018
14.4112
14.4358
14.3791
14.3096
14.4224
14.2614
14.4229
14.4143
14.4427
14.4409
14.4352
14.3069
14.4427
14.4253
14.4374
14.3141
14.4285
14.2773
14.2892
14.2877
14.4389
14.4378
14.2815
14.4149
14.4431
14.4258
14.3006
14.2911
14.3022
14.4352
14.2859
14.4145
14.4364
14.2922
14.2796
14.4362
14.2925
14.428
14.3052
14.29
14.2445
14.2583
14.2849
14.28
14.2741
14.4234
14.4162
14.2917
14.4309
14.2975
14.2812
14.3988
14.447
14.2956
14.2789
14.257
14.4349
14.4246
14.2768
14.2829
14.2759
14.2958
14.2807
14.2566
14.4259
14.2962
14.4319
14.4181
14.4359
14.4328
14.237
14.4015
14.2827
14.2605
14.3747
14.2918
14.4464
14.4272
14.4337
14.4387
14.2932
14.2932
14.4296
14.434
14.2743
14.4295
14.254
14.2791
14.4184
14.4237
14.2636
14.434
14.4356
14.4387
14.2529
14.4358
14.4223
14.4312
14.2497
14.4158
14.25
14.433
14.4315
14.4201
14.4307
14.4395
14.4221
14.4299
14.3005
14.4204
14.4205
14.4373
14.4198
14.4256
14.4373
14.4192
14.2508
14.4383
14.3
14.4369
14.3209
14.432
14.2894
14.4211
14.277
14.2857
14.4279
14.4199
14.4385
14.315
14.2823
14.3119
14.4338
14.4409
14.4212
14.4239
14.3264
14.3329
14.4343
14.4327
14.2361
14.2879
14.275
14.4393
14.4113
14.2969
14.4386
14.319
14.4245
14.4183
14.3118
14.2515
14.4212
14.4371
14.4244
14.4242
14.4175
14.4292
14.3159
14.3207
14.4317
14.4211
14.2954
14.4174
14.4304
14.4214
14.2779
14.4233
14.2388
14.26
14.3054
14.3002
14.4218
14.4211
14.3458
14.3094
14.3121
14.3492
14.4293
14.4254
14.4211
14.4235
14.2963
14.4401
14.2943
14.2419
14.4204
14.2847
14.4283
14.4257
14.2774
14.4164
14.4309
14.4249
14.2568
14.3035
14.2712
14.4133
14.4231
14.2762
14.3069
14.2991
14.44
14.2547
14.2602
14.4299
14.4413
14.2781
14.4195
14.4202
14.3176
14.3442
14.2515
14.3004
14.2778
14.4517
14.2675
14.2542
14.2681
14.3119
14.2926
14.2644
14.3047
14.2844
14.2606
14.2577
14.3052
14.3319
14.4186
14.4247
14.4177
14.2766
14.3135
14.2385
14.4261
14.3225
14.321
14.2994
14.2351
14.4228
14.2994
14.4236
14.425
14.3002
14.4233
14.435
14.2532
14.2586
14.3018
14.2894
14.3499
14.3137
14.4218
14.4296
14.2753
14.4317
14.2411
14.4127
14.2621
14.3645
14.2822
14.292
14.2839
14.3218
14.4314
14.2983
14.2814
14.445
14.2429
14.2652
14.2899
14.2738
14.2842
14.2707
14.3062
14.3053
14.2977
14.2848
14.3007
14.3471
14.2635
14.3635
14.3668
14.2731
14.2702
14.3101
14.238
14.371
14.3089
14.3574
14.2552
14.2694
14.3732
14.4298
14.4367
14.3262
14.2938
14.2771
14.2839
14.3086
14.4382
14.434
14.3043
14.4369
14.3708
14.4312
14.2425
14.4303
14.4307
14.2656
14.3931
14.3202
14.4125
14.438
14.4396
14.331
14.4404
14.4359
14.4484
14.3893
14.2416
14.4427
14.3643
14.2715
14.449
14.3765
14.4387
14.3709
14.3348
14.4447
14.3706
14.4334
14.3198
14.309
14.3779
14.3742
14.449
14.4283
14.4335
14.2543
14.3903
14.433
14.259
14.2916
14.4285
14.3987
14.3932
14.3448
14.4127
14.4162
14.3884
14.3484
14.4018
14.4088
14.4195
14.4054
14.3379
14.3904
14.3512
14.3972
14.3944
14.3431
14.4107
14.418
14.3898
14.3397
14.3503
14.4035
14.3814
14.3819
14.3125
14.2457
14.4482
14.4466
14.3831
14.3062
14.2434
14.2481
14.2691
14.2367
14.2888
14.4008
14.3308
14.3344
14.441
14.2661
14.2908
14.3724
14.3156
14.4474
14.3238
14.2869
14.4409
14.2369
14.2456
14.3425
14.4153
14.3028
14.4335
14.3326
14.3284
14.2413
14.2443
14.2966
14.2738
14.3984
14.4283
14.4491
14.2712
14.4421
14.2984
14.4347
14.2949
14.3308
14.3957
14.3412
14.4286
14.4443
14.2541
14.3375
14.444
14.2638
14.2462
14.2432
14.4103
14.4463
14.2831
14.4201
14.283
14.355
14.2833
14.2769
14.2506
14.4496
14.4347
14.2954
14.2917
14.4416
14.2543
14.3374
14.3274
14.3236
14.285
14.2885
14.3477
14.3698
14.3696
14.3135
14.4326
14.433
14.3534
14.2852
14.2797
14.2802
14.3767
14.4322
14.4454
14.2419
14.3976
14.3854
14.3919
14.3893
14.2446
14.2637
14.4291
14.4364
14.3858
14.405
14.4383
14.4219
14.4493
14.4223
14.267
14.423
14.422
14.2439
14.4343
14.2763
14.3606
14.2702
14.4465
14.4506
14.2429
14.3776
14.3789
14.2697
14.2986
14.3583
14.4283
14.3026
14.4338
14.244
14.4328
14.4318
14.428
14.2798
14.4347
14.2478
14.3765
14.4196
14.2726
14.4033
14.4509
14.4426
14.4491
14.4383
14.4254
14.435
14.4395
14.4315
14.4365
14.3767
14.3799
14.4298
14.3203
14.4436
14.3291
14.3744
14.3714
14.4457
14.4338
14.3564
14.4261
14.2837
14.2516
14.2755
14.3835
14.3277
14.3733
14.2886
14.4335
14.2348
14.3172
14.3255
14.2933
14.2403
14.4354
14.334
14.3955
14.3447
14.3151
14.433
14.2866
14.4058
14.431
14.4257
14.3677
14.269
14.4384
14.4233
14.3985
14.306
14.4032
14.4325
14.4216
14.3456
14.2496
14.2768
14.3912
14.3845
14.397
14.4429
14.2963
14.2818
14.307
14.4449
14.4247
14.2748
14.4512
14.2478
14.405
14.3437
14.4347
14.4498
14.2812
14.4338
14.3667
14.3443
14.4448
14.2717
14.2606
14.4427
14.3356
14.4119
14.444
14.4452
14.4391
14.3005
14.3671
14.4327
14.3065
14.2971
14.3767
14.2817
14.264
14.4319
14.3916
14.446
14.3165
14.3529
14.3447
14.2511
14.3742
14.4251
14.3514
14.3759
14.2438
14.4468
14.4298
14.4473
14.4135
14.4316
14.4409
14.2403
14.2583
14.4244
14.3931
14.4122
14.2576
14.4234
14.3045
14.3328
14.4326
14.4206
14.2706
14.4216
14.275
14.4376
14.2669
14.3864
14.3182
14.3837
14.2694
14.3956
14.4495
14.4331
14.2696
14.4365
14.3726
14.3678
14.3778
14.4329
14.3409
14.3319
14.3915
14.3273
14.27
14.334
14.446
14.2696
14.3262
14.4288
14.2754
14.444
14.3254
14.3946
14.2543
14.382
14.4319
14.2446
14.3877
14.2472
14.4438
14.4314
)
;

boundaryField
{
    back
    {
        type            empty;
    }
    front
    {
        type            empty;
    }
    top
    {
        type            zeroGradient;
    }
    outer_arc
    {
        type            zeroGradient;
    }
    bottom
    {
        type            uniformFixedValue;
        uniformValue    
        {
            type            table;
            format          csv;
            file            "outlet_p.csv";
            nHeaderLine     1;
            refColumn       0;
            componentColumns List<label> 1(1);
            separator       ",";
            mergeSeparators 0;
        }
        value           uniform 14.4323;
    }
    inner_arc
    {
        type            zeroGradient;
    }
}


// ************************************************************************* //
