/*--------------------------------*- C++ -*----------------------------------*\
  =========                 |
  \\      /  F ield         | OpenFOAM: The Open Source CFD Toolbox
   \\    /   O peration     | Website:  https://openfoam.org
    \\  /    A nd           | Version:  9
     \\/     M anipulation  |
\*---------------------------------------------------------------------------*/
FoamFile
{
    format      ascii;
    class       volVectorField;
    location    "1.57";
    object      U;
}
// * * * * * * * * * * * * * * * * * * * * * * * * * * * * * * * * * * * * * //

dimensions      [0 1 -1 0 0 0 0];

internalField   nonuniform List<vector> 
942
(
(-0.0234292 -0.0503832 0)
(0.0457097 -0.00568285 3.10681e-17)
(0.0676289 0.130984 0)
(0.0125204 -0.0675579 -1.64539e-17)
(0.0675853 0.14717 9.81506e-18)
(0.0716894 -0.0329655 1.73123e-17)
(0.0167071 -0.0363226 4.55934e-17)
(0.0791126 -0.0264635 0)
(0.00449794 -0.0437253 -3.60209e-17)
(0.00400448 -0.0475543 3.67223e-17)
(0.040322 0.0217277 0)
(0.0620395 -0.0159953 0)
(0.010645 -0.0699828 1.53422e-17)
(0.0474382 0.0344681 0)
(0.0765425 -0.0226784 0)
(0.0198283 -0.00736937 -3.37846e-17)
(-0.026827 -0.042969 -1.33035e-17)
(0.00681311 -0.0443902 0)
(-0.0928842 -0.0258274 -3.96947e-18)
(-0.0093689 0.000479381 6.10996e-18)
(0.00977665 -0.00733714 2.271e-17)
(0.0786203 -0.0170705 1.8269e-17)
(-0.0807786 -0.00562243 0)
(-0.041828 -0.0755741 -3.59142e-17)
(0.0526688 0.0265052 0)
(-0.0394643 -0.0729803 2.70342e-17)
(0.0542688 0.134889 0)
(-0.0829562 -0.0153283 2.29163e-17)
(-0.0523428 -0.0756554 0)
(0.0121728 -0.0426176 1.45645e-17)
(-0.022692 -0.0275679 1.82681e-17)
(0.0467498 0.130382 0)
(-0.0574232 -0.0842116 1.71221e-17)
(-0.104771 0.0143818 2.01215e-17)
(0.0594098 0.111425 -1.97674e-17)
(-0.145126 0.0918139 3.7569e-17)
(-0.0638866 -0.0173132 1.2823e-18)
(0.0209428 -0.0388462 0)
(-0.0808962 -0.0406808 -6.54455e-19)
(-0.0476627 -0.0796575 2.56369e-17)
(-0.0744177 0.0333712 -3.60527e-17)
(0.159225 -0.00475546 0)
(-0.0419303 -0.0765686 -1.77178e-17)
(0.0183338 -0.05377 -1.52005e-17)
(0.0289077 -0.0556287 -3.84231e-17)
(-0.0657771 -0.0669725 8.66758e-18)
(-0.112689 -0.0180432 -1.756e-17)
(-0.120021 0.0125618 -1.65835e-17)
(-0.113359 0.0551494 1.85483e-17)
(0.0589858 0.0409032 2.17041e-17)
(-0.0908071 -0.0214946 0)
(-0.0261922 -0.0169475 0)
(-0.142094 0.0992794 -2.53292e-17)
(-0.0196906 -0.0836014 2.03202e-17)
(0.00457412 -0.0588363 0)
(-0.0379291 0.058781 -1.35823e-17)
(-0.0346693 0.000136976 -3.42243e-17)
(0.00649363 -0.0601991 -2.46095e-18)
(-0.038179 0.00011665 4.38446e-17)
(0.0559948 0.00361261 1.90547e-17)
(0.0101206 -0.0395573 -1.80915e-17)
(0.0569009 0.121672 -4.6498e-17)
(-0.0492731 0.00383259 2.17991e-17)
(-0.0428008 -0.0532316 -1.77384e-17)
(0.023769 -0.0364083 1.68224e-17)
(0.0326327 -0.00882361 1.29428e-17)
(0.0492706 0.117173 3.6358e-17)
(-0.0964251 -0.00635532 -1.66242e-17)
(-0.0975907 0.0793387 1.70882e-17)
(0.0161351 -0.0923109 4.70487e-18)
(0.0268224 -0.0026256 0)
(0.0103521 -0.027428 0)
(-0.026947 -0.00388567 -2.23983e-18)
(0.0181152 -0.0413147 4.36797e-18)
(-0.0269845 -0.0797732 -1.92623e-17)
(-0.0148811 -0.00122388 -5.98135e-23)
(-0.0101159 -0.00131625 2.25246e-18)
(0.0513646 0.104927 2.00899e-17)
(-0.0121274 -0.0297391 -2.18527e-17)
(0.0441583 -0.00462516 -4.42729e-18)
(0.0360414 -0.0288157 2.61733e-17)
(-0.0394739 -0.054866 -9.40921e-18)
(0.0254073 0.0102028 -2.38471e-18)
(0.0116887 -0.00619535 9.75301e-18)
(-0.0131957 0.001208 0)
(0.0416176 0.158093 0)
(-0.00780185 0.00442637 -1.99927e-17)
(-0.00287148 0.00653709 5.50536e-18)
(0.057551 0.0441354 0)
(0.0381699 0.0143299 2.7289e-17)
(0.1528 -0.00156872 -1.37955e-17)
(0.0328788 0.055391 6.27572e-19)
(0.00672139 -0.0657788 2.76973e-18)
(0.0101662 0.0358769 0)
(-0.00751341 0.0530934 -5.3531e-18)
(0.0373907 0.0157279 9.89113e-18)
(0.110517 0.0055863 1.69796e-17)
(-0.00153948 -0.00287781 -1.59874e-17)
(0.0722428 -0.0561605 -2.35346e-17)
(0.0223787 -0.0382344 -3.37517e-17)
(0.00905634 -0.0291762 -1.0153e-17)
(0.00650372 -0.0682573 1.1468e-17)
(-0.0898004 -0.0139551 0)
(0.024566 -0.0885125 1.29494e-17)
(0.0426366 0.0334434 -2.05476e-17)
(0.00377201 -0.0422578 -3.31245e-17)
(-0.066412 -0.0577394 -1.16369e-17)
(-0.0569242 -0.0785769 0)
(-0.120783 -0.000620542 1.79382e-17)
(-0.117364 -0.00901769 0)
(-0.128458 0.103043 0)
(-0.121619 0.0808229 -1.80559e-17)
(-0.0325376 0.00714649 3.6346e-17)
(0.0103422 -0.0350729 0)
(0.0547318 0.0311818 0)
(0.0191709 0.0327762 2.44777e-18)
(0.0483301 0.0163157 -1.95639e-17)
(0.0140976 -0.0633532 2.07971e-17)
(0.0174725 -0.0391697 3.47167e-22)
(0.113514 -0.0203087 -2.37276e-18)
(0.00681774 -0.044564 7.89786e-18)
(-0.13578 0.106904 -2.01916e-17)
(-0.0170998 -0.0425794 0)
(-0.0271242 -0.00652083 1.79759e-17)
(-0.0336625 -0.00362053 1.4552e-17)
(-0.0150034 -0.0484354 -3.87593e-17)
(-0.0423225 0.00813194 2.04615e-17)
(-0.0532766 -0.0859794 -1.94748e-17)
(-0.0553422 -0.0841034 3.56144e-17)
(-0.107598 0.0858247 1.84763e-17)
(-0.0837076 -0.0235274 -9.59787e-18)
(-0.0634001 -0.0330252 -2.22511e-17)
(-0.109154 -0.0226334 0)
(-0.140441 0.0103341 0)
(-0.134794 -0.0035726 -1.99058e-17)
(-0.054796 -0.0472996 -1.38994e-17)
(-0.167247 0.110608 1.20345e-18)
(-0.124043 -0.0161701 0)
(-0.159127 0.087047 2.46729e-17)
(-0.150973 0.0598951 -8.45987e-18)
(-0.142856 0.0337569 1.99058e-17)
(-0.0520687 -0.0642491 0)
(-0.00569757 0.0113459 -2.0004e-17)
(0.00625429 -0.0424333 2.14943e-17)
(0.0492242 -0.0150895 -5.02497e-18)
(-0.0519519 -0.0755027 -9.06894e-18)
(0.0109842 -0.0676938 0)
(0.0136302 -0.0366128 -1.20738e-17)
(-0.104908 0.0321116 3.02277e-17)
(0.0480521 0.158736 0)
(0.0530188 -0.0075165 5.43184e-18)
(0.121093 -0.017295 5.99916e-18)
(0.0532949 0.0826266 0)
(0.0701648 -0.105827 1.12323e-17)
(0.0528751 0.0938895 -1.96642e-17)
(-0.130715 -0.0220384 0)
(0.00260511 -0.000975432 2.22712e-17)
(0.00448556 -0.0101087 0)
(0.0736824 0.0125575 0)
(0.0236116 0.0104257 8.21207e-18)
(0.0072268 0.00603814 -2.88087e-17)
(-0.140862 0.00567059 0)
(0.0111407 -0.0672081 0)
(0.00753238 0.0108676 1.01638e-17)
(0.0948212 -0.0101588 0)
(0.0493425 0.0473122 -3.00669e-17)
(0.0102268 -0.0430301 0)
(0.0321951 -0.114299 0)
(-0.057881 -0.0758134 1.76828e-17)
(-0.0930513 -0.00895436 2.1031e-17)
(-0.0947146 0.00283494 -1.7559e-17)
(-0.0852506 0.0581054 -2.32494e-18)
(-0.113961 0.0923451 6.66733e-22)
(-0.0425945 -0.0300054 1.13476e-17)
(0.0451177 0.173923 0)
(0.00374546 -0.0856113 -2.20372e-17)
(0.0183494 0.00815069 -2.0936e-17)
(0.00453899 -0.0769753 0)
(0.0505857 0.0229306 7.26541e-19)
(-0.00314635 -0.103805 0)
(0.0526075 -0.090416 -1.31843e-17)
(-0.0531738 -0.0798787 0)
(-0.0796947 0.00866026 -2.59254e-17)
(-0.00621066 -0.0910856 1.67093e-22)
(0.0147306 -0.0435795 -1.31598e-17)
(-0.0485458 -0.064961 0)
(0.0613749 0.0276385 -1.03943e-17)
(0.0642191 0.090761 2.06983e-17)
(0.0578945 0.167704 2.9397e-17)
(-0.0172356 -0.116346 9.89312e-18)
(0.0821518 0.135803 3.97252e-17)
(-0.00361839 -0.132632 -9.91434e-18)
(-0.0625012 -0.0452697 -1.26105e-17)
(-0.0045931 -0.0105082 -1.91225e-17)
(0.0584512 0.0693517 1.04821e-17)
(0.0107305 -0.0672991 -9.47223e-18)
(0.0545843 0.0687689 0)
(-0.0318622 -0.042768 3.38083e-17)
(-0.0878329 0.0279129 -2.43414e-17)
(-0.00506877 -0.036126 1.83453e-17)
(0.00934667 -0.0203047 0)
(0.00947408 -0.0669701 9.61554e-18)
(0.037382 0.0252406 0)
(-0.0403274 -0.0552026 -2.22762e-17)
(-0.0324117 0.0111913 2.11871e-17)
(-0.0153443 0.0432 0)
(-0.0581119 0.0687181 2.09759e-17)
(0.0703334 0.12491 -4.56011e-17)
(-0.0259659 -0.0643261 -1.77171e-17)
(-0.0318503 -0.0775495 1.75217e-17)
(0.0613096 0.0898487 -1.0172e-17)
(0.00822359 -0.0657089 3.04837e-22)
(0.010081 -0.0536539 1.63093e-17)
(0.068397 0.138079 9.67397e-18)
(0.0196458 -0.00131805 0)
(-0.0172141 -0.0699844 -2.09696e-22)
(0.0608227 0.174057 -2.41316e-17)
(0.0983704 0.115313 2.03241e-17)
(0.0609394 0.0923246 2.01645e-17)
(0.0553418 0.0778899 -7.16062e-23)
(-0.0585384 -0.0901683 0)
(-0.0142227 -0.0637903 -1.95782e-17)
(-0.0137429 -0.148316 0)
(0.000567291 -0.0665381 0)
(0.00388521 -0.00336857 -2.0416e-17)
(0.0192568 0.0644858 2.02106e-17)
(0.0742288 0.137465 -1.42515e-17)
(-0.0931832 -0.119197 -1.99361e-17)
(0.0120995 -0.0314012 2.98332e-17)
(0.0428583 0.0576177 0)
(-0.0367769 -0.0462574 -1.8603e-17)
(0.0731043 0.135318 -3.56882e-17)
(0.0199428 0.0474438 1.95927e-17)
(-0.00179399 0.00611857 -1.07558e-17)
(-0.0339056 -0.0841765 -1.00931e-17)
(0.00880288 -0.0645133 2.47194e-22)
(0.0935617 0.118091 -2.10851e-17)
(-0.066527 -0.113533 2.00745e-17)
(0.027093 0.034075 -1.93376e-17)
(0.0670881 0.0973076 1.99447e-17)
(0.0641841 0.0878096 0)
(0.0454028 -0.112066 -4.88323e-18)
(-0.0494525 -0.15288 9.86752e-18)
(0.00682892 -0.0833449 -1.12066e-17)
(0.00470243 -0.102204 -1.98023e-17)
(0.0293274 0.0238884 -2.01039e-17)
(-0.0852213 -0.126587 9.93457e-18)
(-0.00670944 -0.0719405 -1.08568e-17)
(-0.0740704 -0.138077 -1.99417e-17)
(0.0332123 0.0415141 4.94499e-18)
(0.0791635 0.141331 -5.01842e-18)
(0.0255092 0.0184879 -1.85733e-17)
(0.0839802 0.134579 0)
(0.0173776 0.018622 1.49475e-17)
(0.0108292 -0.127506 1.96302e-17)
(0.00440459 -0.0676894 2.19841e-17)
(-0.034069 -0.146242 0)
(0.0148064 -0.160871 0)
(0.107576 0.112484 -9.93341e-18)
(0.00937619 -0.0898627 1.11634e-17)
(-0.0623114 -0.076805 -9.85798e-18)
(0.110056 0.108754 9.76891e-18)
(0.0717856 0.128221 -2.45193e-17)
(0.0314977 -0.15167 -5.17693e-18)
(-0.107938 -0.0998842 1.03028e-17)
(0.0108661 -0.0461434 0)
(0.0142146 -0.109822 0)
(0.0540884 -0.175279 0)
(-0.00673263 -0.00445106 1.8965e-17)
(-0.0399361 -0.138209 1.00651e-17)
(-0.044221 -0.108581 1.90669e-17)
(0.0718254 0.160095 -1.82789e-17)
(-0.0132616 0.0231386 2.17253e-17)
(0.0705529 0.147258 -9.63758e-18)
(0.071331 0.119262 2.02626e-17)
(0.0993277 0.103452 -2.02391e-17)
(-0.0365482 -0.0595119 0)
(0.160003 -0.113434 0)
(0.0796746 0.127434 -9.99447e-18)
(-0.0840321 0.0439955 -2.06537e-17)
(0.0261069 -0.134618 0)
(-0.142978 0.0876248 -1.68682e-18)
(-0.122624 0.0463751 2.09272e-17)
(0.161804 -0.134127 0)
(0.101902 0.050198 3.9348e-17)
(0.114353 0.0121345 -1.95642e-17)
(0.120135 -0.156412 2.94145e-17)
(0.10697 -0.166363 1.95335e-17)
(0.0544488 -0.152681 5.07239e-18)
(0.0725656 -0.163967 5.03417e-18)
(0.0974192 0.0507181 -1.99538e-17)
(0.0552264 -0.0029413 2.35858e-17)
(0.0908318 0.0896943 -9.06108e-18)
(0.0525293 -0.0266087 2.22224e-17)
(0.135315 -0.0940896 5.57549e-18)
(-0.000222403 -0.0145221 -1.81396e-17)
(0.124269 -0.00208229 0)
(0.133304 0.00570471 1.01262e-17)
(0.144477 -0.0104465 9.42315e-18)
(0.125081 0.0197778 0)
(0.115156 0.0381941 0)
(0.134022 -0.141598 -1.00524e-17)
(0.162302 -0.0336869 -4.55074e-18)
(0.167909 -0.0321705 -3.16111e-17)
(0.100627 0.0366099 -3.1558e-17)
(-0.0113452 -0.16837 9.83402e-18)
(0.181865 -0.0199111 -3.13158e-17)
(-0.0335937 0.00514696 0)
(-0.0142745 -0.0042825 -9.15704e-18)
(0.0181305 0.0260943 1.91502e-17)
(0.00183661 -0.0165693 1.55239e-17)
(-0.00978095 -0.00819261 -7.47467e-23)
(-0.00645538 0.00957127 -2.75153e-18)
(-0.0218127 -0.00733079 -1.91442e-17)
(0.154502 -0.0394739 -2.21711e-22)
(0.00786027 0.00604198 3.08565e-17)
(0.0283738 -0.030276 -2.09326e-17)
(-0.0325009 0.00553356 3.62236e-22)
(-0.0167296 -0.00864394 -5.4272e-18)
(-0.0242465 0.0129257 0)
(-0.00734005 -0.00326396 -5.62066e-18)
(0.0126421 0.0132873 0)
(0.0152136 -0.0277789 2.19679e-17)
(-0.0312809 -0.00450347 -3.93031e-17)
(0.0228734 -0.00523624 -2.48268e-17)
(0.111123 0.0967921 -2.01152e-17)
(-0.00224637 -0.00347266 0)
(0.0910291 -0.0571116 -1.01915e-17)
(0.194976 -0.0308896 0)
(0.0220085 -0.0104238 0)
(0.0766094 0.0345348 -3.95282e-17)
(0.0206831 -0.0800385 -1.74197e-17)
(0.197469 -0.0746067 9.82591e-18)
(0.160461 -0.0353072 -1.78546e-17)
(0.168612 -0.0694194 0)
(0.0840878 0.0371 1.97735e-17)
(0.170423 -0.0282296 1.12779e-17)
(-0.0311126 -0.0095938 -5.86027e-19)
(0.0240975 0.00989067 0)
(-0.163292 0.119391 -1.94109e-17)
(0.0611125 0.028641 2.91215e-17)
(0.0997401 0.0322365 -1.98079e-17)
(0.187172 -0.0176559 -5.12913e-18)
(0.0719465 0.029476 -4.94303e-17)
(0.147133 0.0192993 -2.00623e-17)
(0.042823 0.0100919 0)
(0.141757 0.0317171 2.04072e-17)
(0.193454 -0.0416556 1.96107e-17)
(0.0709006 -0.171033 1.95289e-17)
(0.153313 0.00488227 -9.86121e-18)
(0.0591019 0.0242552 1.98097e-17)
(0.158837 -0.0103294 -4.26376e-22)
(0.147066 -0.060061 -4.99648e-17)
(0.163847 -0.0234874 -1.03604e-17)
(-0.00606687 0.00459157 -1.77298e-17)
(0.158951 -0.0788831 0)
(0.137875 0.0413321 2.00691e-17)
(0.0822104 -0.0837109 0)
(0.137524 0.0489278 9.84011e-18)
(0.129331 0.0395747 1.97966e-17)
(0.164186 -0.0342066 2.52392e-17)
(0.136054 -0.0304997 0)
(0.0770083 -0.0194219 -2.80014e-18)
(0.0128164 -0.110297 1.67858e-17)
(0.171156 -0.0386628 -1.99549e-17)
(0.102165 -0.0255555 1.04673e-17)
(0.0919765 -0.0159426 -1.00867e-17)
(-0.0375688 -0.0206331 4.56451e-17)
(0.188974 -0.029512 2.9672e-17)
(0.0864461 0.0246392 -5.16187e-18)
(0.0718269 -0.01679 0)
(0.0425799 0.0174239 1.9602e-17)
(-0.0593619 -0.0174159 -9.90312e-18)
(0.20958 -0.0344347 -1.90093e-17)
(0.105156 0.0422022 9.9657e-18)
(0.156794 0.0127094 9.86792e-18)
(0.115189 0.0438945 9.98291e-18)
(0.151255 0.0265863 2.04598e-17)
(0.0554675 -0.141309 9.65926e-18)
(0.162601 -0.00269587 9.82701e-18)
(-0.0279052 -0.0529493 2.22776e-17)
(-0.00474961 -0.0327101 0)
(-0.093531 -0.00135499 1.98779e-17)
(-0.117258 0.0831041 0)
(-0.0312145 -0.0256567 4.96074e-18)
(0.165851 -0.0167527 3.10541e-17)
(0.170381 -0.0386288 3.93269e-17)
(0.116935 -0.0336698 3.05299e-18)
(0.146404 0.0381993 -4.07808e-17)
(0.165539 -0.0287062 -4.15908e-17)
(-0.0750012 -0.0169861 -1.01112e-17)
(-0.109805 0.0443952 -5.03648e-18)
(0.133317 -0.0491935 0)
(0.118683 -0.0187128 2.03967e-17)
(-0.0968217 0.00690919 5.30876e-18)
(0.176358 -0.0498463 0)
(0.127004 -0.0279279 1.95328e-17)
(-0.0864554 -0.0112011 5.17842e-18)
(-0.0316849 -0.037719 1.02574e-17)
(-0.116011 0.0644439 -1.28495e-18)
(-0.102478 0.0246606 -8.88709e-18)
(0.215098 -0.0648098 -2.9118e-17)
(0.0677436 -0.0172839 0)
(0.0988461 -0.0173029 9.3695e-18)
(0.183777 -0.0329494 0)
(0.114705 0.0496758 0)
(-0.136991 0.0330639 0)
(0.143495 0.0471482 0)
(0.207256 -0.0314239 9.75695e-18)
(-0.0797188 0.0541349 2.98082e-17)
(-0.0336573 -0.050917 -2.13615e-17)
(0.132601 -0.0328489 9.89453e-18)
(0.164587 -0.035807 0)
(0.162257 -0.037003 2.96148e-17)
(0.174149 -0.0412034 0)
(0.104889 -0.139582 -9.85629e-18)
(0.121887 -0.115784 9.86854e-18)
(0.19807 -0.0439505 9.74671e-18)
(0.124017 0.0619391 1.97349e-17)
(0.217456 -0.0498352 9.72224e-18)
(0.14007 -0.0306739 2.05669e-17)
(0.196278 -0.0369966 -3.93046e-17)
(0.138441 -0.0429255 0)
(0.208991 -0.0921238 -9.68004e-18)
(0.177695 -0.0389417 1.96714e-17)
(0.162811 -0.0402666 -1.97148e-17)
(0.121034 0.0509671 0)
(0.0795619 0.0274198 2.07015e-17)
(0.148069 -0.0287048 1.98742e-17)
(0.0830171 -0.0111829 -3.68774e-17)
(0.0330276 -0.0117632 0)
(0.158392 -0.0259006 1.98417e-17)
(0.0977901 -0.0208633 0)
(0.122341 0.0436817 0)
(-0.151182 0.0650886 0)
(0.175927 -0.0447927 0)
(0.16442 -0.00181596 2.95208e-17)
(0.205338 -0.0651685 0)
(0.20141 -0.0352775 9.85563e-18)
(0.124214 -0.0223829 -2.08255e-17)
(0.21546 -0.0572111 9.69951e-18)
(0.11873 -0.0293485 -1.80838e-17)
(0.158589 0.0264656 -1.98044e-17)
(0.137761 -0.0166289 0)
(0.131776 -0.1524 -1.95792e-17)
(0.148853 -0.0332181 -2.96295e-17)
(0.14318 0.0542917 0)
(0.142666 0.0556243 0)
(0.195168 -0.0416803 0)
(0.180993 -0.0886615 1.952e-17)
(0.151718 0.0477448 -5.27455e-24)
(0.112847 0.0445513 2.90477e-23)
(0.0917698 0.0340131 -2.04467e-17)
(0.204827 -0.0797616 0)
(0.148711 0.0551931 0)
(0.128059 0.058959 0)
(0.139444 0.0566162 0)
(0.0918046 -0.00118654 0)
(0.163962 -0.109897 -9.7808e-18)
(0.129516 0.0500433 -2.008e-17)
(0.16324 -0.0151157 2.96226e-17)
(0.162226 0.0127203 -9.86817e-18)
(-0.0386075 -0.053017 1.99035e-17)
(0.147677 0.0502732 -9.82614e-18)
(0.110754 0.07089 1.00177e-17)
(0.137127 0.0465877 -9.86656e-18)
(0.179758 -0.102987 0)
(0.157235 -0.0198737 -1.98244e-17)
(0.162196 -0.0087769 -3.93148e-17)
(0.134114 0.0724924 0)
(0.162549 0.00484032 -1.96848e-17)
(0.149686 0.0175976 -2.0022e-17)
(0.15979 0.0190608 0)
(0.155898 -0.0398774 0)
(0.131774 0.0703 -1.38955e-23)
(0.0964041 0.0865966 8.99148e-18)
(0.177659 -0.0376742 0)
(0.142719 0.0396587 -2.95863e-17)
(0.158075 -0.0404532 0)
(0.113748 0.0653192 0)
(-0.00762978 -0.158838 -1.94819e-17)
(0.129549 0.0747032 -1.97104e-17)
(0.1548 0.0382325 0)
(0.139491 0.0729466 -1.96819e-17)
(0.173211 -0.040224 -9.84114e-18)
(0.140694 0.0647616 1.96752e-17)
(0.136208 -0.0366015 -2.02408e-17)
(0.155807 0.0319551 1.97812e-17)
(0.160172 -0.0363431 0)
(0.133604 0.0789213 -9.83786e-18)
(0.106803 0.0563449 -3.48694e-17)
(0.144357 0.0607532 0)
(0.125826 0.066449 0)
(0.151749 0.042471 2.95136e-17)
(0.0404443 -0.164727 -1.9147e-17)
(0.113815 0.103242 0)
(0.140482 0.0677409 1.96796e-17)
(0.0957003 0.107124 4.1482e-17)
(0.142581 0.0610299 -1.96683e-17)
(0.183098 -0.123354 0)
(0.119498 0.0505258 4.19485e-17)
(0.132527 0.0804581 9.82599e-18)
(0.192409 -0.107122 0)
(0.12118 0.0965427 1.96657e-17)
(0.107755 0.0261799 -1.08433e-17)
(0.106845 0.10759 0)
(0.146938 0.0295304 0)
(0.109377 0.0063871 0)
(0.0860407 0.0586212 1.73966e-17)
(0.106944 -0.00205691 -9.55314e-18)
(0.142796 -0.0372007 -2.40407e-17)
(0.13051 0.0872064 0)
(0.113061 0.0912973 1.01149e-17)
(0.120943 0.0827665 -1.968e-17)
(0.104569 0.0623042 3.32767e-17)
(0.158907 -0.140165 0)
(0.101215 0.0777976 -8.55542e-18)
(0.12394 0.0945936 0)
(0.14059 0.00907509 0)
(0.0626682 0.0407255 0)
(0.116079 -0.0330033 0)
(0.134894 0.0318048 9.90994e-18)
(0.149946 0.00470007 0)
(0.12622 0.0878719 0)
(0.1389 -0.00242255 -9.96163e-18)
(0.131208 -0.0118847 -9.79811e-18)
(0.137522 0.0644242 0)
(0.109464 0.100259 0)
(0.135462 0.0585647 0)
(0.146544 -0.00667243 3.93411e-17)
(0.138969 0.021219 2.99378e-17)
(0.12334 0.0600225 0)
(0.139166 -0.0371549 1.70075e-17)
(0.079553 0.118018 -1.98913e-17)
(0.118545 0.0896982 1.96856e-17)
(0.0945964 0.0998701 -1.97371e-17)
(0.0125438 0.0122405 3.05497e-22)
(0.105329 0.0726799 0)
(0.0171993 -0.170207 0)
(0.0778319 0.128598 1.90916e-17)
(-0.0855235 -0.0631961 0)
(0.121644 0.0758196 0)
(0.0885838 0.0534692 -1.75838e-17)
(0.0942251 -0.156904 -2.48225e-17)
(0.0631734 0.0507969 0)
(0.0399883 0.0497142 -1.97883e-17)
(0.121568 0.082343 0)
(0.104039 0.0792702 -1.97181e-17)
(0.0595289 0.0636182 -9.90165e-18)
(0.0598447 0.0706194 3.96155e-17)
(0.101987 0.0872673 0)
(0.118327 0.103709 -1.96502e-17)
(0.0879076 0.11882 9.90857e-18)
(0.0834156 0.0744718 0)
(0.0783707 0.141436 2.48108e-17)
(0.0812858 0.0817746 -9.88955e-18)
(0.0784225 0.103669 -1.9823e-17)
(0.0972837 0.0405413 -1.84987e-17)
(0.0754879 0.14918 -9.98585e-18)
(0.0989344 0.0464847 0)
(0.10405 0.1182 -1.988e-17)
(-0.0527339 -0.124216 0)
(-0.0305546 -0.0618635 2.95088e-17)
(0.0930537 0.107653 2.9639e-17)
(0.0875616 0.130438 1.9818e-17)
(0.013322 0.0110542 4.00961e-17)
(0.0368563 0.0271379 -1.0582e-17)
(-0.0198838 -0.0341726 -2.01639e-17)
(0.0891907 0.127246 0)
(0.0119189 -0.0576895 0)
(0.0865282 0.126013 -1.98567e-17)
(0.075726 0.149336 4.12867e-17)
(0.0325126 0.0303551 0)
(0.0783665 0.0954887 -2.96831e-17)
(-0.00625824 -0.0750389 -2.88936e-22)
(0.0743819 0.117509 1.00192e-17)
(0.093429 0.123946 0)
(0.0955411 0.123422 1.00489e-17)
(0.0810341 0.119043 -2.98405e-17)
(0.061073 0.100234 0)
(0.00515112 -0.0573385 2.28185e-17)
(0.0616499 0.155806 -4.27365e-17)
(0.00153647 -0.0638599 0)
(0.0981603 0.117304 0)
(-0.0295376 -0.112709 -1.98627e-17)
(-0.0295408 -0.0924467 0)
(0.0748703 0.118205 1.98702e-17)
(0.0453698 0.0796483 5.78295e-19)
(0.0103987 -0.0622214 -2.1799e-17)
(0.075834 0.129645 -2.01312e-17)
(0.0623855 0.0254647 -1.62797e-17)
(-0.0114596 -0.0864777 1.9978e-17)
(0.00313584 -0.0695424 0)
(0.0139122 -0.00475727 0)
(-0.00406956 -0.0562131 6.88551e-17)
(0.00390525 -0.0524536 -4.44e-17)
(-0.00331622 -0.131758 -4.36748e-17)
(-0.0221744 0.00840222 0)
(0.062753 0.192188 2.11861e-17)
(0.00468145 -0.0687996 -3.11903e-17)
(0.00152663 -0.0744938 3.13753e-17)
(0.00437996 -0.0357265 0)
(-0.00776873 -0.0755043 -2.19104e-17)
(0.0514568 0.201052 -6.54964e-17)
(0.000916932 -0.0353493 -2.07989e-17)
(-0.00437641 -0.0176847 -6.21291e-24)
(0.0599875 0.137397 1.84915e-17)
(0.00844852 -0.0671504 -2.14096e-17)
(-0.0212865 -0.0342502 1.03136e-17)
(0.037771 0.0603758 0)
(0.0350249 0.00776693 -2.36609e-17)
(0.0653846 0.17975 4.79001e-17)
(0.00301649 -0.0231764 -2.32069e-17)
(0.00372101 -0.10395 3.94831e-21)
(-0.0116297 0.00767397 3.25324e-17)
(0.070313 -0.00837455 -3.69274e-22)
(0.120126 -0.0205573 3.90261e-17)
(0.0845845 -0.00644826 1.42091e-17)
(-0.0886136 -0.0828532 0)
(0.00922278 -0.0452895 2.22999e-17)
(-0.0130589 -0.111185 0)
(0.0437764 0.016252 -1.31301e-17)
(0.0568023 0.191694 -6.85752e-19)
(0.00566465 -0.0228196 0)
(0.0553444 0.183353 6.31248e-19)
(0.0715256 0.145082 2.212e-17)
(-0.00951176 -0.0616173 -2.58007e-17)
(0.0154383 -0.0301735 -6.28644e-18)
(0.023335 -0.0429819 5.31247e-18)
(-0.0453162 0.00781007 3.07599e-17)
(0.0369914 0.0125619 2.31561e-17)
(0.0666635 0.0278528 -2.45273e-17)
(-0.123629 0.0307989 1.90453e-17)
(-0.125651 -0.0908384 0)
(0.00288058 -0.00726376 1.15901e-17)
(0.0554203 0.00385026 0)
(-0.0241073 -0.069892 1.84081e-17)
(0.0109858 -0.073078 0)
(-0.0600805 -0.0872759 -4.37347e-17)
(-0.00858674 0.00675216 -2.38562e-17)
(0.0981318 -0.00784979 -1.9353e-17)
(0.00388742 -0.0365158 -1.66598e-17)
(0.0479042 -0.00959436 0)
(-0.013441 0.0113554 1.09433e-18)
(0.00593417 0.00654651 0)
(0.0531897 -0.00554764 -3.44841e-17)
(0.0013074 0.0163032 -1.63632e-17)
(0.0128449 -0.0140572 -5.74705e-18)
(-0.0085307 -0.000590827 4.24322e-17)
(0.045101 -0.0951771 0)
(0.0123778 -0.0654587 1.82629e-17)
(0.0217247 -0.00205842 0)
(0.0100003 0.00445183 -3.13101e-17)
(0.0014708 -0.0598959 -2.36625e-17)
(0.0683697 0.0236012 2.20066e-17)
(0.0945302 0.00813358 0)
(0.0941805 0.0180161 -5.71438e-18)
(0.0649826 0.148664 0)
(-0.056363 -0.0837136 2.16692e-17)
(0.013757 -0.0585586 6.99574e-19)
(0.000863028 -0.0451318 4.67398e-17)
(-0.104646 -0.0979327 0)
(0.0066018 -0.0678543 2.03046e-17)
(0.00778092 -0.0592254 2.16918e-17)
(0.0074016 -0.0707685 1.14525e-17)
(0.00867447 -0.0713513 2.87932e-23)
(0.0132368 5.30098e-05 -3.03468e-17)
(0.0707473 0.160295 0)
(0.051547 -0.00124149 0)
(0.029574 0.115763 -1.09722e-17)
(0.0441807 0.0235527 2.26034e-17)
(0.0321808 0.102281 0)
(0.00518741 0.00226951 1.08768e-17)
(0.0333251 0.0900112 -1.83059e-17)
(0.000365859 0.00379375 0)
(0.00868844 -0.0667024 0)
(0.0181189 0.0752584 -5.26303e-22)
(0.021391 0.0572723 1.90264e-17)
(-0.00197628 0.00378686 1.06281e-17)
(0.00753113 -0.0587652 -1.11504e-17)
(0.154936 -0.0164493 0)
(0.0830504 0.107896 2.15781e-17)
(-0.00906764 -0.042989 -1.11455e-17)
(0.0183442 0.0142512 -1.08763e-17)
(0.00678465 0.00541975 0)
(-0.00715308 -0.00846934 0)
(-0.0171396 -0.00537679 9.7441e-18)
(0.030957 0.0447147 -2.08569e-17)
(0.00293906 -0.000319008 0)
(-0.00271637 -0.00403918 1.82472e-17)
(-0.00252561 0.00635059 0)
(0.0213698 0.0204849 1.07526e-17)
(0.0437983 -0.0488705 -2.07742e-17)
(-0.0152105 -0.0091153 2.78096e-18)
(-0.0173294 -0.0083631 1.67081e-17)
(0.0272533 0.0346645 -2.20896e-17)
(0.0235924 0.0267284 -2.23291e-17)
(0.0394048 -0.0508489 0)
(0.00631138 -0.00123063 2.04094e-17)
(0.00175219 -0.00282251 0)
(-0.0119701 -0.010093 -2.62627e-18)
(-0.0165434 -0.00695751 0)
(0.0150546 0.0184272 0)
(0.00985824 0.00931589 -1.08011e-17)
(0.00484162 0.00522636 3.60287e-22)
(0.0256823 -0.0308484 0)
(-0.00429478 -0.00824843 -1.72079e-17)
(0.131921 -0.0228872 -1.15821e-17)
(0.0888859 0.0590179 -2.12552e-17)
(-0.0350957 0.0111158 0)
(0.000435629 -0.0532976 -1.00741e-22)
(0.083475 0.0959137 -3.46071e-17)
(-0.0438517 -0.0670347 -2.51822e-17)
(0.0171312 -0.0450228 0)
(0.0181935 -0.00562395 -4.2327e-17)
(0.0768309 0.107012 -1.05374e-17)
(0.0658479 0.158596 0)
(0.0839206 0.0426253 2.15043e-17)
(0.010561 -0.0630651 -1.21445e-17)
(0.0615518 0.0890746 2.40294e-17)
(0.00954239 -0.00158689 2.14733e-17)
(0.0361604 0.00916468 1.15886e-17)
(0.0689453 0.031752 3.36943e-17)
(-0.0861001 -0.0479702 1.20235e-17)
(0.102976 -0.026009 0)
(-0.0141977 0.0167542 -4.21871e-17)
(-0.0253548 0.0153917 -5.15375e-18)
(0.0898012 -0.0965721 3.21434e-17)
(0.00312449 -0.0641496 -2.25498e-17)
(0.145767 -0.0294947 -3.63503e-17)
(-0.0835998 -0.0326931 1.78829e-17)
(0.0611823 0.0996175 -2.9412e-17)
(0.0156225 -0.0609079 5.73032e-18)
(0.108403 0.0237354 2.19125e-17)
(0.103006 0.0312108 -3.29384e-17)
(0.0821974 0.0331486 4.57924e-17)
(-0.128135 0.0978296 0)
(-0.000577764 -0.0574849 -2.36457e-17)
(0.034005 0.066098 3.67862e-17)
(0.0940756 -0.0774345 -2.13503e-17)
(0.00890334 -0.0660239 1.2783e-17)
(-0.0418325 -0.044428 -5.70563e-18)
(0.015121 0.0879494 0)
(0.111846 0.0177046 -1.10627e-17)
(-0.0793969 -0.0762865 -2.33485e-17)
(0.119284 -0.1022 2.15909e-17)
(0.00677266 -0.0530567 1.41973e-17)
(0.0206607 0.0407657 -2.37632e-17)
(0.0104662 -0.0668702 1.26277e-17)
(0.086827 -0.00237578 -1.77007e-17)
(0.0144142 -0.0526845 0)
(0.058505 0.0528154 4.06606e-17)
(0.022243 -0.0099076 -2.24401e-17)
(0.0512064 -0.00790432 2.84306e-17)
(-0.0162324 0.00871113 2.69252e-17)
(0.153827 -0.0274216 5.64596e-18)
(0.140702 -0.0172419 -1.20595e-17)
(-0.0375597 0.00153453 -2.50487e-17)
(-0.0422306 0.00147538 2.38394e-17)
(0.0333693 0.00471269 0)
(0.014181 0.00713257 0)
(0.00300408 -0.0677306 -2.48307e-17)
(0.00191939 -0.00932026 -1.21119e-17)
(-0.00555101 -0.0321034 -2.41197e-17)
(0.00438171 -0.0702377 4.02777e-22)
(0.0677766 -0.0879585 1.09976e-17)
(0.00594142 -0.00229092 -2.2336e-17)
(0.00202125 -0.0153026 0)
(-0.00584905 -0.049657 0)
(-0.072516 0.0457939 4.03851e-17)
(0.00500084 0.102353 -3.98886e-17)
(0.0200142 -0.0169253 -1.12947e-17)
(0.0560708 0.0570403 1.30968e-17)
(0.000947995 -0.00564693 2.28866e-17)
(0.041083 0.141389 2.60044e-17)
(0.0317843 0.0126445 0)
(0.0889555 0.0527379 0)
(0.0148661 0.00522931 -1.17277e-17)
(0.0227886 0.164989 1.35855e-17)
(0.0842222 0.0722331 -1.06198e-17)
(-0.00168277 0.00341502 -1.75285e-17)
(0.0126531 -0.0397551 1.1674e-17)
(0.0110848 -0.010612 -2.89722e-18)
(0.000432035 -0.00459958 -4.00487e-17)
(0.0665124 0.178207 -2.78379e-17)
(0.0898081 -0.0437361 6.74936e-18)
(0.0746544 0.0806234 2.8696e-17)
(-0.0335735 0.0108781 6.07646e-23)
(0.114431 -0.0115139 2.00664e-17)
(-0.0401466 0.00865147 2.35423e-17)
(0.0437681 0.0163736 -1.13537e-17)
(0.0501462 0.145118 -3.79295e-17)
(0.00384759 -0.0320509 2.4754e-17)
(-0.043763 0.0156001 -1.16046e-17)
(-0.0327467 0.0190784 -2.32261e-17)
(0.12178 -0.0762213 2.00234e-17)
(0.0515767 0.0706958 -2.75356e-18)
(0.0267503 -0.0207433 5.68507e-18)
(0.0337224 0.0766761 5.06959e-18)
(-0.0151732 -0.0128927 0)
(-0.0117523 -0.00331414 7.76666e-18)
(0.0691355 0.167497 1.24076e-17)
(-0.0818376 0.0681921 2.72379e-17)
(0.0232241 -0.014127 0)
(-0.0193103 0.00777676 -4.84835e-18)
(0.15899 -0.0107056 2.74677e-17)
(0.101521 -0.0107826 1.53616e-17)
(-0.00576755 -0.0893814 0)
(0.00203937 -0.0088516 -2.39746e-17)
(-0.00731294 -0.0164546 1.26534e-17)
(-0.034019 0.00483411 -3.20331e-18)
(0.0332943 0.0248886 -1.66837e-18)
(-0.0238681 -0.0426902 6.09979e-18)
(-0.000151244 -0.00704165 2.62915e-17)
(-0.0173529 -0.108507 0)
(0.0997352 0.00814856 0)
(0.0145528 0.0186025 0)
(-0.0309148 -0.0513181 -1.35031e-17)
(0.0866824 0.0666803 0)
(-0.0347481 -0.0264475 2.23521e-17)
(0.00914701 -0.0632216 -1.30909e-17)
(-0.000408271 -0.0134968 -1.34234e-17)
(-0.00370875 -0.10256 0)
(0.128735 -0.0161762 -6.78128e-18)
(0.0358864 0.0212045 0)
(-0.0608013 -0.0190899 7.6214e-19)
(-0.00952491 -0.0589355 1.28436e-17)
(0.0136509 -0.0232263 1.89032e-17)
(-0.100256 -0.0427256 0)
(0.00669242 -0.0441722 2.44332e-17)
(0.00987371 -0.060707 0)
(0.00820033 -0.102417 0)
(0.0221267 -0.0485897 1.63827e-18)
(0.0935676 -0.00904904 -2.38469e-17)
(-0.00243401 -0.0127967 -1.39727e-18)
(0.0288304 0.00140225 0)
(-0.0364266 -0.00180298 4.69708e-17)
(-0.0210151 -0.0839712 1.32725e-18)
(0.0274347 0.13207 -1.1788e-17)
(0.0318012 -0.0152073 0)
(0.0824503 0.036953 -1.04532e-17)
(-0.113784 -0.0340347 -2.83745e-17)
(0.0289433 0.00233596 2.61963e-17)
(0.0772843 0.0771083 1.24709e-17)
(-0.137574 -0.0216853 1.1427e-17)
(0.0749765 0.036962 -1.24556e-17)
(0.00417319 -0.0060871 -2.52232e-17)
(0.103394 -0.0210903 -2.36686e-17)
(0.0243773 0.00777076 0)
(0.0666981 -0.0145676 1.67935e-17)
(-0.10941 -0.0622639 5.75372e-18)
(0.149169 -0.0265751 2.23427e-17)
(0.0612994 0.159032 6.01611e-18)
(0.0692501 0.169561 0)
(0.0760716 0.03022 2.21469e-17)
(0.130048 0.00793182 3.54693e-17)
(0.0723026 -0.00887495 0)
(-0.135812 -0.0487486 3.64573e-18)
(-0.00953785 0.00482926 -1.65201e-17)
(0.0603279 -0.0115014 0)
(0.0195011 -0.0508789 -1.5621e-18)
(0.0372192 0.022149 -2.25003e-17)
(0.0727841 0.0272036 2.58994e-22)
(0.119781 0.0311032 5.39921e-22)
(-0.131732 -0.0631483 -5.9028e-18)
(0.085281 -0.0560783 -2.67413e-17)
(0.0208824 0.00075102 2.98512e-17)
(0.0410581 -0.00841308 5.31075e-17)
(0.0656953 0.0251771 -2.72713e-17)
(-0.0302068 0.012783 3.94661e-17)
(-0.00810284 0.00321433 5.6776e-18)
(0.0113832 -0.0200915 1.32188e-17)
(0.043392 0.0670052 2.62497e-17)
(0.0935648 -0.134252 0)
(0.073378 -0.0102219 -3.67903e-17)
(0.078843 -0.0787584 -2.28888e-17)
(0.0421563 0.0333687 6.38507e-18)
(0.00162177 0.045411 0)
(0.050878 0.0398692 -2.81698e-17)
(0.100506 -0.121277 -2.6793e-17)
(-0.00774082 0.0151197 0)
(0.00618961 -0.0266533 1.47257e-17)
(0.0166592 -0.0591094 1.65764e-17)
(-0.111864 -0.0806058 -1.3512e-17)
(0.124737 -0.120645 1.63616e-18)
(0.016188 -0.0574147 0)
(0.00125683 -0.0704013 2.6592e-22)
(0.0769152 0.0948938 0)
(0.0433508 -0.0403824 2.36365e-17)
(0.0727908 -0.127892 -3.33707e-18)
(-0.0398483 -0.0612139 1.37274e-17)
(0.00761902 -0.0299204 0)
(-0.000355413 -0.0646337 2.91484e-17)
(-0.0180515 0.0116999 2.73038e-17)
(0.127943 -0.0634393 -6.74572e-18)
(-0.0411064 0.0592994 -2.21595e-17)
(-0.12853 0.0271176 -4.59609e-17)
(0.0592946 0.0842247 0)
(0.0674048 -0.0153538 0)
(0.0560249 0.0641183 -2.83654e-17)
(0.0486241 0.0588297 3.67765e-17)
(0.131184 -0.0108666 1.16607e-17)
(0.159094 -0.0219865 1.3276e-17)
(0.062012 -0.131982 9.5629e-18)
(-0.000356331 -0.0281296 -1.46196e-17)
(0.0609031 0.179626 0)
(0.0598219 0.0766959 0)
(-0.0354832 0.0102149 0)
(0.00227095 -0.0654223 -9.73036e-19)
(-0.0170126 -0.00059749 1.51955e-17)
(0.0604533 0.012377 7.20701e-18)
(0.0430021 0.186278 3.77226e-17)
(0.0104053 -0.0731706 -2.46509e-23)
(0.0755386 0.00280032 2.8544e-17)
(0.0632441 -0.00278518 7.15464e-18)
(0.0235692 0.146998 -6.33754e-22)
(0.0052787 -0.0135811 0)
(-0.0359158 0.0331449 -2.47771e-17)
(0.0194646 -0.0644343 0)
(0.0259761 -0.0483721 -2.51544e-17)
(0.0442056 0.00542088 0)
(0.00380166 0.0100878 2.14084e-17)
(0.00907428 -0.000631099 -6.99841e-18)
(0.00742358 -0.0520095 -1.58013e-17)
(-0.0747265 -0.0511862 0)
(0.0364067 0.170489 2.11257e-17)
(0.0188682 0.0089044 7.09108e-18)
(0.0431786 0.0469081 2.881e-17)
(0.0204717 -0.0512374 0)
(-0.142253 -0.0475833 -2.80018e-17)
(0.0288263 0.00769391 6.87104e-18)
(0.00149911 -0.0258625 -2.75577e-17)
(-0.109072 0.0601342 -2.94612e-17)
(0.0593393 -0.0381028 0)
(0.0176666 -0.058669 -8.2154e-18)
(0.094421 0.00448832 -1.9395e-17)
(0.133429 0.00277677 -1.86915e-17)
(-0.142836 -0.000355099 3.58146e-17)
(0.00213876 -0.0138868 3.06545e-17)
(-0.0573664 -0.0308676 0)
(0.0174626 -0.0505018 -1.03614e-17)
(0.0144703 -0.0560903 -3.18113e-17)
)
;

boundaryField
{
    back
    {
        type            empty;
    }
    front
    {
        type            empty;
    }
    top
    {
        type            codedFixedValue;
        value           nonuniform List<vector> 10((0 -0.0651123 0) (0 -0.0708365 0) (0 -0.053664 0) (0 -0.0364915 0) (0 -0.0364915 0) (0 -0.053664 0) (0 -0.0651123 0) (0 -0.0135949 0) (0 -0.0135949 0) (0 -0.0708365 0));
        name            ParabolicTimeDependentU_max;
        code            #{
		const vectorField& Cf = patch().Cf();
		vectorField& field = *this;

		const scalar r = 12.0*1e-3;
		const scalar Umax = 0.4;
		const scalar Umin = 0.02;

		scalar 	Uvar = 0.08;
		scalar 	t = this->db().time().value();
		scalar	tau = fmod(t,1);
		
		if (tau > 0 && tau <= 0.35)
		{
			Uvar = 0.08+Umax*(1-(pow(tau-0.175,2)/(0.175*0.175)));
		}
		if (tau > 0.35 && tau <= 0.6)
		{
			Uvar = 0.08+Umin*(-1+(pow(tau-0.475,2)/(0.125*0.125)));
		}
		if (tau > 0.6 && tau <= 1)
		{
			Uvar = 0.08;
		}
		
		forAll(Cf, faceI)
		{
			const scalar x = Cf[faceI][0];
			const scalar y = Cf[faceI][1];
			field[faceI] = vector(0, Uvar*(-1+(pow(x+(0.02+r),2))/(r*r)), 0);
		}
	#};
    }
    outer_arc
    {
        type            noSlip;
    }
    bottom
    {
        type            zeroGradient;
    }
    inner_arc
    {
        type            noSlip;
    }
}


// ************************************************************************* //
