/*--------------------------------*- C++ -*----------------------------------*\
  =========                 |
  \\      /  F ield         | OpenFOAM: The Open Source CFD Toolbox
   \\    /   O peration     | Website:  https://openfoam.org
    \\  /    A nd           | Version:  9
     \\/     M anipulation  |
\*---------------------------------------------------------------------------*/
FoamFile
{
    format      ascii;
    class       surfaceScalarField;
    location    "2.41";
    object      phi;
}
// * * * * * * * * * * * * * * * * * * * * * * * * * * * * * * * * * * * * * //

dimensions      [0 3 -1 0 0 0 0];

internalField   nonuniform List<scalar> 
2420
(
1.62256e-07
-1.70043e-07
7.78757e-09
2.90984e-07
-2.90984e-07
6.86226e-07
-6.07101e-08
-6.25516e-07
1.35587e-07
-1.35587e-07
-4.76615e-07
1.6318e-07
3.13435e-07
1.02086e-07
-1.1799e-07
1.59043e-08
6.48811e-07
3.74154e-08
-8.37106e-07
5.7189e-08
7.79917e-07
1.65722e-06
-1.841e-06
1.83784e-07
-4.00827e-07
-7.57887e-08
-3.09912e-07
9.74968e-08
2.12415e-07
-1.60716e-07
-1.49196e-07
-8.37106e-07
-7.65167e-08
1.1492e-07
-3.8403e-08
1.95569e-07
1.05922e-06
-1.25479e-06
8.88918e-07
-1.79229e-06
9.03367e-07
2.19304e-06
-6.33991e-07
-1.55905e-06
1.21325e-07
-5.22968e-07
4.01643e-07
-1.3307e-07
1.27942e-07
5.12741e-09
7.7906e-08
-1.54423e-07
-6.49427e-07
-4.7132e-07
1.12075e-06
6.00544e-09
-4.88666e-07
6.95935e-07
-2.07269e-07
-6.35268e-07
1.46602e-07
8.25956e-08
7.966e-08
1.12633e-06
1.06671e-06
-5.93632e-07
1.48255e-06
-5.81894e-07
-1.11021e-06
1.69211e-06
-1.36602e-06
7.84128e-07
-2.25278e-07
1.46584e-08
2.10619e-07
-1.27734e-06
-2.68173e-07
1.54551e-06
1.87689e-07
4.43832e-09
-1.92128e-07
-3.96092e-07
4.05364e-07
-9.27237e-09
-6.29658e-07
5.94148e-07
3.55102e-08
-4.09806e-07
5.31131e-07
-3.48198e-07
-2.8146e-07
4.45531e-08
5.75325e-08
2.15252e-07
7.57323e-08
-5.36827e-08
-3.42409e-07
-7.582e-08
-2.15164e-07
-1.05438e-06
4.04954e-07
6.00837e-07
3.48527e-08
-6.3569e-07
2.60609e-07
-3.14292e-07
-1.56039e-07
1.53889e-07
2.14951e-09
1.69631e-07
-6.8682e-08
-1.00949e-07
1.73564e-08
1.18231e-07
-1.45277e-07
9.68935e-09
2.03823e-07
-3.41914e-08
-1.28884e-07
2.54363e-07
-1.25479e-07
-1.46838e-07
4.07447e-07
-6.26489e-08
-5.53409e-08
1.26979e-07
1.14014e-06
-9.44569e-07
-1.20169e-06
-6.39311e-07
1.16203e-06
-7.19132e-08
-1.09011e-06
-1.44312e-07
9.95883e-07
-8.51571e-07
3.94726e-07
1.74399e-07
-5.69125e-07
5.81043e-08
3.93925e-08
-1.50454e-07
2.07112e-07
-5.66585e-08
-1.16607e-06
1.02176e-06
1.02099e-07
-1.37944e-06
7.85647e-08
-8.34319e-08
4.86717e-09
-8.34629e-08
-8.65802e-08
-1.046e-06
1.10319e-06
-2.96025e-07
1.72421e-07
1.23604e-07
-8.25641e-07
5.57469e-07
1.75485e-07
-2.4509e-07
6.96045e-08
-6.23463e-08
1.118e-07
-4.94535e-08
4.24308e-07
-8.34115e-07
-3.44309e-08
-4.24201e-09
-1.7683e-07
-7.99445e-07
3.03471e-07
4.95974e-07
1.16119e-07
9.43103e-07
7.92343e-07
2.65343e-07
-1.05769e-06
-1.40822e-07
-1.86051e-08
1.59428e-07
-1.31085e-06
-5.51722e-08
-7.37674e-07
1.16198e-06
-6.59655e-07
1.66112e-07
-3.9139e-07
-1.39048e-07
-1.56977e-07
-1.52653e-07
1.18301e-08
1.17691e-06
-1.48891e-08
-7.03546e-08
-8.56841e-08
5.18635e-07
-4.69582e-07
-4.90523e-08
7.12756e-07
-1.02841e-06
3.15651e-07
1.07951e-06
-2.87167e-07
-4.92954e-07
-3.06491e-07
1.42267e-07
3.64913e-08
-1.78758e-07
-4.35636e-07
-4.96811e-07
9.32447e-07
-7.13658e-07
2.78023e-07
-3.13734e-07
-3.11782e-07
-4.59066e-08
-8.71629e-08
1.36251e-08
-1.42509e-07
1.39263e-08
2.95397e-07
-3.09324e-07
8.4462e-08
4.34801e-08
1.81179e-07
-5.69354e-09
-1.69349e-07
1.88949e-08
-7.64661e-08
8.09044e-08
-4.3728e-07
3.2932e-07
1.07961e-07
1.90435e-07
-5.0417e-07
7.8329e-08
-7.85141e-08
1.85137e-10
1.30257e-07
1.24106e-07
9.55542e-08
-1.72253e-08
-3.37758e-07
-2.7275e-07
6.10508e-07
6.03998e-08
1.81649e-08
-1.21528e-06
2.47923e-07
9.6736e-07
6.10806e-08
-4.64221e-08
-2.63598e-07
-1.73683e-07
1.24869e-06
-2.52808e-07
-4.89231e-08
-2.61125e-07
3.10048e-07
-2.92387e-08
-1.31477e-07
8.56304e-07
3.92388e-07
1.54835e-07
3.638e-07
1.14323e-06
-1.59009e-07
-9.84216e-07
-9.02323e-10
-1.0278e-06
-1.8748e-07
2.24469e-07
7.37257e-08
6.85409e-08
1.40575e-07
-4.78333e-07
-2.24518e-07
1.08082e-06
1.09089e-07
-1.29274e-06
1.18366e-06
-7.20806e-08
-1.26995e-06
1.34203e-06
-6.86575e-08
-5.78168e-07
6.46826e-07
1.04185e-07
7.69939e-08
-9.81741e-07
2.25044e-07
7.56697e-07
-3.89185e-07
2.42347e-07
-1.63568e-07
1.77494e-07
-1.30164e-06
-4.90644e-07
4.6482e-07
-3.43121e-07
-1.21699e-07
3.40283e-07
-1.42647e-07
-1.97636e-07
-2.97442e-07
2.48518e-07
-1.26959e-06
2.2359e-07
-6.32775e-07
-3.48966e-07
-1.18527e-07
1.18527e-07
-4.30893e-08
3.85141e-08
4.57516e-09
-3.9503e-07
-1.56769e-07
5.51799e-07
1.14014e-06
1.74399e-07
-2.04786e-07
-4.03042e-08
-1.16607e-06
-1.16276e-06
5.69125e-07
1.16276e-06
-1.14028e-06
-2.24786e-08
2.60846e-08
9.56538e-07
-9.82623e-07
-2.44641e-07
1.55905e-06
-1.31441e-06
-9.56538e-07
1.06563e-06
-3.32138e-07
9.82623e-07
-6.50485e-07
7.97242e-07
-1.02176e-06
1.46758e-07
-7.97242e-07
6.50485e-07
-1.36099e-06
1.47297e-06
-1.11978e-07
1.36099e-06
-1.25889e-06
-1.47297e-06
1.31441e-06
1.58559e-07
-1.06563e-06
1.33097e-06
-1.33097e-06
1.25889e-06
-7.0578e-07
-3.22627e-07
-1.39506e-07
-2.49679e-07
1.4203e-09
1.71e-07
-7.53658e-07
1.2188e-06
-4.65144e-07
1.15422e-07
-4.34934e-08
-1.0858e-06
-2.05649e-07
-4.6659e-07
6.72239e-07
-1.51633e-06
3.14645e-07
9.09464e-07
3.09338e-07
9.35548e-07
-6.14457e-08
-1.07903e-07
-1.74952e-06
8.21866e-07
-9.80875e-07
2.56708e-08
7.87547e-07
-1.52522e-06
9.65082e-07
-1.59907e-06
-1.22484e-06
-7.9245e-08
1.30409e-06
-7.2008e-07
8.66837e-07
-1.33707e-06
2.15254e-07
1.12182e-06
-1.08915e-06
8.63927e-08
2.5389e-07
-6.39881e-07
1.42743e-06
8.51968e-07
-2.78971e-07
-5.72997e-07
1.18495e-07
-4.05887e-08
-1.34838e-06
-1.19113e-06
-3.37156e-08
5.64972e-09
-6.82986e-08
-4.45152e-07
3.76494e-07
1.14859e-07
-4.47856e-08
-7.00736e-08
-8.16655e-07
8.74546e-07
-5.78906e-08
-1.29804e-07
-2.2849e-08
3.5313e-08
3.22001e-07
-4.26762e-07
1.0476e-07
-1.21571e-06
2.45881e-08
-5.53782e-08
-1.33039e-08
-3.49145e-08
-4.85174e-08
4.75257e-07
-7.6702e-07
2.91762e-07
-1.7363e-07
3.00609e-07
-9.76332e-07
7.59028e-07
2.17304e-07
-5.74466e-08
7.97259e-07
-1.01786e-07
-7.87523e-08
1.15244e-07
-1.0618e-06
-1.53917e-07
5.50766e-08
-2.85248e-07
2.30171e-07
-4.79928e-08
1.03069e-07
-5.17746e-07
1.98647e-07
3.19099e-07
8.81169e-07
-1.35249e-06
-4.72246e-07
3.60654e-07
1.11592e-07
-3.0034e-07
-4.6668e-07
2.62559e-09
4.62194e-07
7.20118e-07
-1.25969e-07
2.32614e-07
-6.35155e-07
4.02541e-07
1.24075e-07
-2.97705e-07
-1.18909e-07
1.04691e-06
1.72337e-07
-5.38423e-08
9.48888e-08
-2.99674e-07
3.57196e-07
-7.05394e-07
-4.46013e-07
2.40364e-07
4.0733e-07
1.94106e-07
-6.01437e-07
1.27443e-07
-1.18924e-06
7.40192e-08
6.27793e-07
3.28098e-07
7.7266e-08
-1.22338e-06
1.11418e-06
1.09199e-07
-1.44148e-07
4.36891e-07
-1.02688e-06
5.89986e-07
-6.85717e-07
1.12261e-06
-2.39724e-07
-5.85492e-07
4.28625e-07
1.56867e-07
-4.79745e-07
-1.05747e-07
-6.65139e-07
5.63155e-07
1.01984e-07
-5.9698e-07
5.55358e-07
4.16224e-08
-6.56772e-07
5.9792e-08
7.38865e-07
4.23117e-07
5.75087e-07
-2.14433e-07
-5.0916e-07
-1.5598e-07
-2.67849e-07
3.64425e-07
-6.64764e-07
-1.04205e-06
3.56329e-07
-6.1691e-07
7.73185e-07
-1.56275e-07
-1.03273e-06
1.53985e-07
-3.91255e-08
2.82779e-07
-8.99689e-07
4.98428e-08
6.86844e-08
-1.01919e-06
-2.04189e-07
3.41547e-07
-6.48038e-07
1.56913e-06
-7.17568e-07
-8.51561e-07
-1.166e-06
-3.50338e-07
-8.24742e-07
1.24163e-06
8.19614e-08
7.19278e-08
2.56735e-07
-6.04199e-07
3.47463e-07
3.56689e-07
1.66555e-07
4.08532e-07
-2.27824e-07
4.94523e-07
9.10692e-08
-5.85592e-07
-1.20314e-06
1.83948e-07
-1.55636e-06
9.1648e-07
4.57534e-07
-3.80268e-07
3.41339e-07
-9.37922e-07
5.96583e-07
4.39415e-07
-7.18386e-07
6.13685e-07
5.08922e-07
-1.03598e-07
5.60208e-07
-3.03473e-07
1.03417e-06
-1.00275e-06
-3.14197e-08
4.26662e-07
3.08721e-08
7.20016e-08
-2.11508e-07
2.74063e-07
-4.18211e-07
2.41728e-07
1.18671e-07
-3.60399e-07
-9.44569e-07
7.0867e-07
3.01941e-08
9.86066e-08
8.31097e-07
-3.91683e-07
1.1507e-06
-7.27582e-07
5.92004e-08
6.4947e-07
1.03378e-06
5.35348e-07
-2.66605e-07
-9.36538e-07
-5.92177e-07
7.99276e-07
-2.071e-07
1.21957e-06
-3.73651e-07
-8.45918e-07
-2.05082e-07
1.12291e-06
-9.17833e-07
9.63203e-07
-1.01158e-06
4.83775e-08
-7.01334e-07
7.60534e-07
1.44995e-07
9.95144e-07
1.10248e-06
-9.57483e-07
3.32116e-07
3.17354e-07
1.07175e-06
-7.79987e-07
4.45589e-07
-2.1277e-07
-2.32819e-07
5.38254e-07
5.61325e-07
-1.34564e-07
-2.43084e-07
-5.5068e-08
4.43266e-07
-3.88198e-07
1.2171e-06
-1.29634e-06
-6.55196e-07
1.01962e-06
7.58046e-07
-4.09295e-07
-3.48752e-07
7.79917e-07
-1.72811e-07
6.86844e-08
6.46496e-07
1.99139e-09
-6.48488e-07
-2.06444e-07
5.5705e-07
-3.50606e-07
9.3361e-08
-7.97359e-08
9.3361e-08
-4.36034e-07
8.84018e-07
-4.47984e-07
1.14098e-06
-5.27293e-07
-2.31735e-07
7.04004e-07
-4.72269e-07
-7.73207e-07
-5.1535e-08
9.61923e-07
-3.9638e-07
-5.65543e-07
7.79052e-07
3.61926e-07
-5.18628e-07
1.64739e-07
3.53889e-07
-1.45996e-06
1.21532e-06
-7.4593e-07
1.08727e-06
4.99503e-08
3.06727e-07
1.0892e-06
1.11785e-06
-3.38802e-07
-1.46888e-07
6.41411e-07
-3.56648e-07
3.0158e-07
2.39145e-07
3.22013e-07
3.25315e-07
1.37126e-07
-1.18231e-07
1.37126e-07
-3.95429e-08
-6.81809e-07
7.72879e-07
8.75988e-07
-5.33199e-07
-3.42789e-07
-4.583e-07
6.24855e-07
2.39633e-07
3.03756e-07
-3.03756e-07
7.31816e-07
-7.83351e-07
1.82672e-07
-5.79051e-07
1.04629e-06
-6.89959e-07
5.14873e-07
3.61115e-07
4.74138e-07
-5.81153e-07
1.09008e-06
-4.82093e-07
-4.97495e-07
-5.57087e-07
-4.27944e-07
9.8503e-07
4.49366e-07
-5.89954e-07
1.10208e-07
9.95144e-07
3.26931e-07
2.94709e-07
1.69142e-07
2.94074e-07
-6.85757e-07
4.90571e-07
-4.90571e-07
2.84331e-08
1.70214e-07
-3.45961e-08
-2.98775e-07
6.24091e-07
1.19865e-06
-1.36183e-06
1.63174e-07
1.91796e-07
9.26059e-07
-1.0091e-06
7.47374e-07
3.42701e-07
-3.43827e-07
1.11367e-06
-7.69846e-07
1.00364e-06
-7.07956e-07
-2.95679e-07
-1.70928e-07
7.99538e-08
-2.36455e-07
1.43511e-06
8.2113e-07
-1.24059e-06
4.1946e-07
-3.31033e-07
3.31033e-07
-1.20366e-06
-3.57744e-07
3.57744e-07
-9.49606e-07
8.51427e-07
-2.19464e-07
-6.31963e-07
2.74733e-07
-2.74733e-07
-5.13208e-07
-3.14561e-07
3.14561e-07
8.95151e-07
-1.1093e-06
2.14148e-07
2.45572e-07
-2.45572e-07
-9.0937e-07
1.01983e-06
-3.63661e-07
-6.56174e-07
8.5943e-07
7.21162e-07
-1.58007e-07
-4.19111e-07
5.12205e-07
-4.10221e-07
1.27383e-06
-4.52696e-07
8.27721e-07
-8.59141e-07
-8.95178e-07
-3.45412e-07
-5.72386e-07
8.67095e-07
-1.44731e-07
1.08695e-06
8.47068e-07
2.41906e-07
5.18994e-07
8.22895e-07
-2.64814e-07
2.93247e-07
3.58602e-07
6.61233e-07
-1.23887e-06
-5.74687e-08
6.98343e-07
2.86687e-07
1.01645e-06
7.04987e-08
1.0568e-06
-1.30739e-07
-1.40245e-06
-5.89939e-07
-3.01654e-07
8.91593e-07
3.72704e-07
-4.15165e-07
4.24613e-08
5.31741e-07
7.42085e-07
-9.08504e-07
-1.03077e-07
3.41338e-07
3.60924e-07
-7.02262e-07
6.83871e-07
-2.75339e-07
-1.21429e-06
-6.82103e-08
-1.96603e-07
2.15252e-07
5.52159e-07
-9.1582e-07
-9.76187e-08
9.76187e-08
-1.28708e-06
6.06909e-07
6.80169e-07
-1.18435e-06
2.89175e-07
8.93497e-07
4.69594e-07
2.14278e-07
-1.26432e-06
5.93185e-07
6.7114e-07
2.73424e-08
-6.11413e-07
-4.53593e-08
-9.69459e-07
-2.14894e-07
-1.78853e-08
1.03433e-06
2.60568e-07
-8.50507e-07
-7.55337e-07
-1.31653e-07
2.31691e-07
-1.00038e-07
1.03891e-06
7.85018e-08
-1.06608e-06
9.87574e-07
2.6762e-07
7.2186e-07
-9.89481e-07
1.61773e-07
1.04104e-06
4.18574e-08
-4.52451e-07
9.62389e-07
-5.09938e-07
-8.40235e-07
1.36546e-07
-2.46664e-07
1.10118e-07
1.11284e-06
1.83367e-07
6.5246e-09
-1.89892e-07
-6.57416e-07
-5.99441e-07
-6.74273e-07
1.27371e-06
1.33682e-07
7.17745e-07
3.76025e-07
-5.69254e-08
9.95949e-09
-9.95949e-09
-6.99423e-07
1.29261e-06
1.13553e-06
-3.63032e-07
-7.72499e-07
2.92817e-07
-3.61027e-07
9.76632e-07
6.22809e-08
-9.01435e-07
1.19061e-06
-1.29886e-06
-8.638e-07
3.86549e-07
4.77251e-07
3.60298e-07
-5.07191e-07
-3.56608e-07
-3.10952e-07
-8.99707e-07
4.47256e-07
1.36406e-07
1.02997e-06
-1.16637e-06
4.42081e-07
3.85331e-07
-8.27412e-07
-8.27578e-07
1.24704e-06
-4.57627e-07
-7.18333e-07
-4.91701e-07
1.21003e-06
9.44897e-07
-3.41967e-07
-6.0293e-07
-1.12001e-06
2.18574e-07
4.55198e-07
4.8927e-09
-7.66873e-07
1.20536e-06
-4.38483e-07
4.17198e-07
-9.52052e-07
1.08846e-06
-5.00331e-07
7.60899e-07
-1.53154e-07
-1.43377e-07
1.12879e-06
-5.52618e-07
-5.76174e-07
6.75173e-07
5.30183e-07
1.15035e-06
-4.75175e-07
6.22702e-07
9.84603e-08
6.53741e-07
1.06438e-06
5.40204e-08
-1.1184e-06
5.72285e-07
5.78063e-07
1.04453e-06
-4.7224e-07
-5.12508e-07
-6.88174e-07
1.20068e-06
4.06777e-07
6.1286e-07
-1.01964e-06
-1.20514e-08
-3.77174e-08
4.97688e-08
8.72896e-07
-3.42552e-07
-5.73268e-07
5.39314e-07
5.89478e-07
-2.67208e-07
6.52539e-07
-5.57363e-07
-5.84648e-07
1.14201e-06
-2.58716e-07
1.87515e-07
1.22513e-07
-3.10028e-07
-4.06815e-07
-2.95447e-07
-9.17512e-08
-8.90308e-07
9.82059e-07
9.64865e-10
1.06341e-06
-6.06984e-07
3.31909e-07
2.75075e-07
1.21045e-06
3.78774e-07
-1.04085e-06
6.6208e-07
-1.6338e-07
9.55848e-07
-7.92468e-07
-1.23164e-06
-8.12324e-07
3.58192e-07
4.54132e-07
1.49797e-07
7.61206e-07
-7.05011e-07
1.08379e-06
-9.05017e-07
6.01403e-09
8.99003e-07
4.59878e-07
2.51521e-08
-1.04882e-06
1.02367e-06
-5.71155e-07
2.77821e-07
2.93334e-07
8.79865e-07
5.82687e-08
-9.38133e-07
2.7112e-07
-5.38327e-07
-1.11543e-06
-3.36079e-07
4.58592e-07
2.28445e-07
6.62564e-07
-8.9101e-07
8.44477e-07
1.11371e-07
-4.72797e-07
-4.84499e-07
9.57295e-07
4.53837e-07
-3.89083e-08
-3.03047e-07
-7.37806e-07
9.94801e-07
9.36563e-08
2.97466e-07
9.28566e-07
-1.22603e-06
-6.15176e-07
-1.97149e-07
7.50768e-07
-1.933e-07
-4.28935e-08
8.11223e-07
-7.6833e-07
1.4951e-07
7.90841e-07
-9.40351e-07
5.47896e-07
-1.02307e-06
1.35593e-07
-1.12899e-06
3.73175e-07
7.55811e-07
-6.72147e-07
7.30416e-07
1.12511e-06
-8.27644e-07
8.50924e-07
-1.94858e-07
-6.56065e-07
-6.97675e-07
7.03689e-07
-1.99876e-07
-4.07108e-07
-1.70813e-07
1.70813e-07
-1.60536e-07
1.60536e-07
1.72901e-07
-1.72901e-07
-2.15164e-07
-7.97359e-08
1.46934e-07
-1.46934e-07
-1.45941e-07
1.45941e-07
1.77338e-07
-1.77338e-07
1.23779e-07
-1.77248e-07
1.77248e-07
-1.45277e-07
-2.17514e-07
2.17514e-07
1.51347e-07
-1.51347e-07
-1.66987e-07
1.66987e-07
-1.66104e-07
1.66104e-07
-6.50292e-07
1.07072e-06
-4.20425e-07
-1.88014e-07
1.88014e-07
1.36781e-07
-1.36781e-07
-2.28641e-07
9.55818e-07
-7.27177e-07
7.40905e-07
-6.29534e-07
8.96469e-07
-2.12963e-07
9.93537e-07
-5.397e-07
6.44444e-07
-9.47491e-07
3.1646e-07
-8.84303e-08
2.39482e-07
5.07008e-07
-7.4649e-07
-7.22209e-07
-2.87041e-07
6.89582e-07
2.54995e-07
5.47513e-07
-8.02508e-07
-2.96113e-07
1.02813e-07
-9.84956e-07
-1.81416e-07
-2.12144e-07
-3.26183e-07
6.231e-07
-8.96398e-07
4.24158e-07
-4.26774e-07
-4.00638e-07
-9.02613e-07
4.29816e-07
5.99012e-07
-8.86054e-07
-1.20392e-06
2.18962e-07
1.6335e-07
-1.54899e-07
-2.06128e-07
-2.7204e-07
7.48915e-08
1.27227e-06
6.87573e-08
3.2741e-08
6.43242e-07
-1.72334e-07
8.83926e-07
-1.41799e-09
7.05107e-07
-4.44308e-07
2.32163e-07
-9.08615e-07
1.05812e-06
-1.02498e-06
2.21754e-07
8.03229e-07
1.13305e-06
-8.73037e-07
-2.60012e-07
3.43245e-07
-9.35853e-07
9.8356e-07
-4.77077e-08
-9.57743e-07
9.1485e-07
-9.77764e-07
8.54364e-07
1.234e-07
1.20174e-06
-8.2857e-07
-1.69227e-07
-3.48502e-07
-9.98264e-07
8.03406e-07
-7.52957e-07
-1.02166e-06
7.58707e-07
2.62954e-07
1.64561e-07
2.84263e-07
-1.11191e-06
-9.31007e-07
2.03829e-07
-1.14028e-06
-1.04462e-06
3.26192e-07
7.18425e-07
-2.13636e-07
6.73185e-10
-7.36295e-07
1.06761e-07
4.88245e-07
-2.75933e-07
-1.38744e-07
2.24433e-07
-8.49148e-08
-9.1907e-08
1.76822e-07
-2.79747e-07
3.28708e-07
-1.73432e-07
6.80439e-07
1.22272e-07
2.58173e-08
-6.29145e-08
-1.49764e-07
-8.75218e-07
7.70164e-07
5.22444e-07
1.09929e-06
-8.77534e-07
-1.43901e-07
-4.59485e-07
1.33405e-08
4.46144e-07
-5.72945e-07
-2.18255e-07
-4.29887e-07
4.98644e-07
3.79784e-07
-4.4123e-07
-6.46744e-07
-2.75352e-07
4.76921e-07
-6.47384e-07
1.70463e-07
1.85308e-07
-6.18694e-07
4.86545e-07
6.8075e-07
-7.06911e-07
2.0658e-07
7.4556e-07
3.25158e-07
-4.60903e-07
-3.40571e-07
-7.64187e-07
1.10476e-06
1.47178e-06
-5.067e-07
-2.8591e-07
-4.23932e-07
8.8381e-07
-9.01366e-07
1.23007e-06
3.66348e-07
8.60403e-07
-1.22675e-06
7.80257e-07
4.31709e-07
-7.6023e-07
3.28521e-07
3.65629e-07
-1.26699e-06
-9.68019e-07
5.67382e-07
-9.97739e-07
1.12001e-06
1.78085e-07
-3.16829e-07
9.25204e-07
-2.2165e-07
-7.25841e-07
1.25841e-06
-4.09835e-07
-3.43122e-07
4.38806e-07
-3.69202e-07
1.07805e-07
7.74954e-07
9.35676e-07
-1.07958e-06
-1.05048e-07
5.93075e-07
-4.88027e-07
-1.00739e-06
5.60524e-07
4.4687e-07
-5.84322e-07
-1.62167e-07
7.36555e-07
-8.86319e-07
-1.03748e-06
5.27546e-07
5.45871e-07
-3.10125e-07
-2.35746e-07
-3.33758e-07
4.10752e-07
-1.00795e-06
5.50325e-07
-3.85937e-07
-5.82082e-07
9.94792e-07
-1.91563e-07
4.29839e-07
1.07838e-06
-2.68951e-07
-8.09426e-07
-8.42417e-08
-3.33425e-07
1.79421e-07
-1.06526e-06
6.79319e-07
-3.46831e-07
-8.05973e-07
-5.07089e-07
8.62665e-07
-3.55576e-07
-1.11102e-06
-5.52488e-07
8.77645e-07
-4.4057e-07
2.22466e-07
-2.30902e-07
-4.16482e-07
-8.37155e-07
-6.9423e-07
2.70298e-07
-9.47073e-07
4.01242e-07
5.45831e-07
-1.00115e-06
3.97446e-07
6.03703e-07
4.30907e-07
-9.54722e-07
1.17916e-06
-1.07906e-06
6.38495e-07
-7.63716e-07
5.75059e-09
-9.76576e-08
1.60372e-07
9.42437e-07
-1.10281e-06
4.54643e-07
-7.49367e-07
-3.53926e-07
4.94025e-07
-1.40099e-07
-5.42102e-07
-4.80448e-07
1.02255e-06
1.28365e-06
8.36229e-07
6.35553e-07
8.21156e-07
-1.10707e-06
3.99746e-07
4.31133e-07
-7.72431e-08
4.46494e-07
9.77178e-08
-1.00622e-06
-3.0188e-07
1.80874e-07
1.21006e-07
-4.87159e-07
8.25888e-07
-3.24276e-07
-5.01612e-07
-5.27358e-07
-9.12499e-07
4.05799e-07
-3.85167e-07
6.90231e-07
-3.05063e-07
-5.52196e-07
-2.89861e-07
-3.06593e-07
-4.44238e-07
7.50832e-07
-5.01759e-07
-4.00854e-07
8.48992e-07
-1.12437e-07
4.41933e-07
6.41852e-07
1.48543e-07
-6.3657e-07
4.04808e-07
-3.99057e-07
-4.51915e-07
-3.4411e-07
-4.1612e-07
-5.0909e-08
-2.50971e-07
1.0489e-06
-5.21358e-07
9.64503e-08
3.14302e-07
6.57429e-07
4.96708e-07
8.51709e-08
1.9041e-07
-2.7558e-07
-3.87026e-07
1.22325e-06
-2.81058e-07
-6.3144e-07
2.54623e-07
2.91248e-07
-4.25035e-07
-3.24898e-07
7.49933e-07
-1.06346e-06
-6.53573e-07
-8.13682e-07
-1.73584e-07
-8.32168e-08
2.56801e-07
-5.99907e-07
-3.38104e-07
5.92727e-07
5.11018e-07
1.11041e-07
-6.22058e-07
-9.82207e-07
-5.78289e-07
1.02516e-06
2.17965e-07
3.88365e-08
-6.63002e-07
2.83233e-07
2.27785e-07
1.03158e-06
1.09605e-06
-2.70073e-07
5.93268e-07
-1.08043e-06
-1.10681e-06
2.29272e-07
-1.64369e-07
5.38052e-07
-1.03476e-06
4.5647e-07
4.25252e-07
8.77794e-07
2.22387e-07
-6.07554e-07
-4.70191e-07
-9.95448e-07
-8.41286e-08
2.57448e-07
-5.67573e-07
6.23764e-07
3.31991e-07
4.20335e-07
-7.52326e-07
-6.14065e-07
9.90176e-07
-3.7611e-07
1.0574e-06
-4.50345e-07
2.45992e-07
4.05554e-07
-7.2983e-07
5.6398e-07
-3.17988e-07
-3.02995e-07
-3.47759e-07
-5.58166e-07
9.05925e-07
-1.05836e-06
-6.17482e-07
1.01493e-06
-3.32208e-07
5.38788e-07
-7.82833e-08
1.20726e-08
6.62108e-08
4.98009e-07
2.52823e-07
-2.01257e-07
-7.76578e-07
9.77835e-07
5.59516e-09
-3.97739e-07
3.92144e-07
-3.04499e-07
-3.91496e-08
1.24321e-07
-2.91501e-07
2.13217e-07
-9.61824e-07
1.0083e-06
-5.83045e-07
2.36738e-07
-1.03959e-06
5.71009e-07
-9.26585e-07
2.44083e-07
-5.4186e-07
2.09652e-07
9.9863e-07
2.50401e-08
-9.40397e-07
3.67129e-07
2.09124e-07
-8.48036e-08
3.90816e-07
2.45494e-07
4.34945e-07
-2.41221e-07
6.48209e-07
8.58707e-07
4.02956e-08
4.07945e-07
-9.90991e-07
-9.10013e-07
4.08401e-07
-1.01748e-06
3.61309e-07
5.34521e-07
4.22775e-07
9.70477e-07
-3.66773e-07
5.39515e-07
-3.17128e-07
5.61219e-07
3.22707e-07
3.02949e-07
4.0037e-07
1.6361e-07
2.21527e-07
6.38818e-07
9.32236e-08
2.09725e-07
1.78983e-07
3.15042e-07
4.80059e-07
-7.24869e-07
2.4481e-07
-1.01643e-06
6.50353e-07
3.66074e-07
-1.044e-06
5.73807e-07
-4.89277e-07
2.62369e-08
-5.92867e-07
-3.4753e-07
-5.18639e-07
-6.53193e-07
2.01278e-07
1.3652e-07
-3.15278e-07
-3.77609e-07
8.77822e-07
3.53075e-08
6.698e-07
5.28667e-07
-3.38257e-07
-1.79892e-07
-1.36747e-07
-1.54753e-07
-5.82641e-07
-3.27372e-07
-3.40582e-07
-4.02146e-07
2.87446e-07
-4.61921e-07
-6.78492e-07
-3.37516e-07
1.01601e-06
8.59101e-07
-7.61383e-07
8.94015e-07
6.16579e-07
-4.16437e-07
1.44575e-07
2.71862e-07
-1.08845e-06
1.00432e-06
-3.51459e-07
1.00543e-06
-6.53969e-07
7.96313e-07
6.27882e-08
4.42836e-07
7.80419e-07
4.42027e-07
-7.56398e-07
4.51335e-07
1.03893e-06
-3.64257e-07
-3.92141e-07
-9.84787e-07
-8.09451e-07
-9.80995e-07
3.02503e-07
-4.79453e-07
7.04442e-07
-2.24989e-07
1.15379e-06
6.71093e-07
8.06713e-07
-3.03127e-07
-1.79766e-07
4.82892e-07
-1.05132e-06
9.59572e-07
3.05629e-07
-1.07547e-06
1.03784e-06
-6.7653e-07
3.57279e-07
3.92654e-07
-3.77923e-07
-4.28606e-07
-7.00322e-07
1.05892e-06
6.13928e-07
-6.59219e-07
3.24628e-07
2.68099e-07
-5.80294e-07
-4.35236e-08
-6.52561e-07
3.01102e-07
8.4469e-07
-5.19252e-07
7.47697e-07
3.52133e-07
-1.02631e-06
6.74173e-07
7.23427e-07
3.35497e-07
1.68831e-06
-1.70226e-06
1.39464e-08
6.81907e-07
-4.34161e-08
6.3666e-07
-2.16325e-07
-1.90283e-07
5.54266e-07
-3.63983e-07
8.80987e-07
-4.58212e-07
-9.84866e-08
1.01428e-06
3.62348e-07
-1.17562e-06
2.39087e-07
-7.8155e-07
1.07977e-06
-3.5634e-07
8.95512e-08
-8.50934e-07
1.10913e-06
-3.21759e-07
-7.87373e-07
4.48562e-07
6.36428e-08
-8.30739e-07
1.1363e-06
-3.05559e-07
-5.57415e-07
7.84447e-07
-2.27033e-07
1.8519e-07
1.25418e-07
-5.03341e-07
4.79342e-07
-2.50488e-07
-1.03007e-06
-3.60052e-08
-4.702e-10
-8.2247e-07
-3.79284e-08
-3.37753e-07
-4.98784e-08
-2.25702e-07
9.40439e-07
-4.96094e-07
3.96056e-07
7.56384e-07
-4.58758e-07
-2.15272e-07
6.74031e-07
-3.27398e-07
-2.07073e-07
5.34471e-07
4.53208e-07
-1.02938e-06
2.98403e-07
9.91491e-08
7.94866e-07
5.11048e-07
8.62336e-07
2.78392e-07
7.50012e-07
3.29755e-07
5.17484e-07
4.87943e-07
4.85327e-07
2.79881e-07
-7.65208e-07
-9.14537e-08
4.97873e-07
1.26982e-07
-1.04676e-06
2.89766e-07
9.51962e-07
-6.65275e-07
-3.6344e-07
-2.04134e-07
-6.06316e-07
6.95867e-07
9.55071e-08
4.59344e-07
1.47941e-08
-6.21046e-07
7.93302e-07
-1.72257e-07
-3.17788e-07
-5.69175e-07
7.72295e-07
-2.03121e-07
-3.57827e-07
1.04808e-06
-6.90255e-07
7.91606e-07
2.63174e-07
7.54126e-07
-1.54152e-08
-7.38711e-07
4.49857e-08
1.99098e-07
1.10215e-06
8.82269e-07
2.5403e-07
2.467e-08
-5.20973e-07
4.96303e-07
1.02153e-06
-3.0532e-07
-6.56132e-07
7.80386e-07
5.87609e-08
2.04413e-07
1.12568e-06
-3.45296e-07
6.65191e-07
-7.3072e-07
7.93508e-07
-6.81494e-07
7.51781e-08
1.5125e-07
-7.94986e-07
1.38854e-07
8.20123e-07
8.80634e-08
7.05239e-07
-3.83102e-08
4.28853e-08
-8.69996e-07
-5.57808e-07
8.84739e-07
5.47022e-07
8.89932e-07
-1.72187e-07
-5.9343e-07
-1.45695e-07
-9.29519e-08
4.65656e-07
-1.44509e-08
1.14819e-06
-3.28071e-07
7.78796e-07
8.04696e-07
8.52359e-08
7.16234e-07
6.25614e-08
-9.52713e-07
-1.68171e-07
1.12088e-06
2.87312e-07
-1.05981e-06
4.84424e-07
-8.49644e-07
-1.56578e-07
8.98033e-07
-9.33373e-08
-5.56171e-07
-2.33799e-07
7.8997e-07
-9.95339e-07
-6.48252e-08
-2.29121e-07
2.93946e-07
2.78198e-07
-7.87521e-08
-2.63562e-07
-4.57593e-07
7.21155e-07
-7.59291e-07
1.86294e-07
5.76245e-07
7.79775e-07
-6.02112e-07
5.39298e-07
-4.87231e-07
7.29137e-07
-2.15956e-07
-1.11442e-07
4.82197e-07
-1.76131e-07
3.06389e-07
-5.08908e-07
-2.60296e-08
5.34937e-07
-4.18712e-07
-3.17148e-07
7.3586e-07
5.85368e-07
-3.17269e-07
-4.10163e-07
8.82618e-07
-7.12151e-07
-1.10929e-06
-1.47919e-07
-8.37175e-07
-5.59077e-07
5.01691e-08
6.61594e-08
5.10086e-07
6.5903e-07
-1.49712e-06
8.38088e-07
-7.6474e-07
1.18259e-06
-9.43502e-07
6.39247e-08
1.59309e-06
-1.27845e-06
-2.29574e-08
-1.01301e-06
1.54319e-07
2.31152e-07
2.67581e-07
-1.32412e-06
-2.96996e-07
6.79504e-07
7.68798e-08
-7.85929e-07
9.22992e-07
-2.60428e-07
1.01442e-06
-3.31377e-08
-1.08394e-06
1.11708e-06
-2.48446e-07
9.44406e-07
-6.9596e-07
1.19837e-06
3.39804e-07
-3.82242e-08
1.16047e-06
9.27876e-07
-8.61716e-07
-9.81211e-07
1.39973e-07
8.41238e-07
1.03555e-06
-3.61378e-07
-1.1084e-06
6.21165e-07
-5.27763e-07
-9.69465e-07
7.97208e-07
1.09269e-06
1.05677e-07
1.1872e-06
-1.33193e-06
7.02567e-08
8.57619e-07
1.20189e-06
3.1809e-07
-3.95333e-07
8.98663e-10
4.4099e-07
1.58682e-07
2.05859e-07
3.53135e-07
-9.51426e-07
8.25886e-07
1.2554e-07
-2.16964e-07
-8.92327e-07
4.96266e-07
-8.54093e-07
1.09046e-06
-8.36429e-07
8.50371e-07
-2.64073e-07
-5.86298e-07
5.22069e-07
2.98584e-07
-1.39648e-08
2.43827e-07
-2.29862e-07
3.82015e-07
3.9614e-07
-1.16875e-06
1.19609e-06
3.72243e-07
1.62228e-07
2.16231e-07
5.44668e-07
-1.24519e-06
1.18772e-06
1.01781e-06
-6.48787e-07
-3.74284e-07
-7.41285e-07
-2.28179e-07
-9.83645e-07
6.12372e-07
-3.54598e-07
3.60049e-09
3.50997e-07
-2.0387e-07
7.86216e-07
-1.03466e-06
-3.33803e-07
-4.31404e-07
-4.90923e-08
-6.93112e-07
-1.11958e-06
-1.42567e-06
1.44212e-07
-1.23336e-06
-1.01183e-07
-1.07765e-06
2.90279e-07
7.05476e-07
-8.28877e-07
-1.98132e-07
4.96016e-08
2.31217e-07
-1.33259e-07
4.0399e-09
8.78578e-07
-1.12348e-06
-1.19066e-07
-3.96325e-07
-5.13046e-07
3.04255e-07
7.11753e-07
2.88293e-07
3.36609e-07
8.68509e-07
6.25382e-07
7.20011e-07
2.63193e-07
6.28401e-07
1.12918e-06
8.4838e-07
8.50633e-07
-8.02926e-07
5.44243e-07
-9.86099e-07
9.50093e-07
-5.00958e-07
-1.06461e-06
-7.47896e-07
9.61086e-08
-9.25081e-08
2.03503e-07
1.4524e-08
1.68363e-07
1.12455e-07
-2.75207e-07
3.59448e-07
1.55697e-07
1.03859e-06
-7.78579e-07
-1.16789e-07
3.02096e-07
7.44384e-07
-1.00481e-06
2.99353e-07
-1.04725e-06
3.55463e-07
-5.55332e-07
1.16703e-06
8.79947e-08
5.32865e-08
-6.66831e-07
9.71086e-07
-5.14533e-07
-4.7513e-07
7.8882e-07
-7.46962e-07
-9.23211e-07
1.19133e-06
-2.68119e-07
1.12633e-06
-2.44701e-07
-7.05458e-07
-5.73465e-07
1.97182e-07
-9.7376e-07
-1.1381e-06
1.11794e-06
4.10353e-07
4.47266e-07
2.61056e-07
4.2718e-07
9.26846e-07
-6.4168e-08
8.0786e-07
-9.30904e-07
5.65678e-07
-3.43212e-07
-5.29594e-07
9.4114e-07
-9.1893e-07
-4.24338e-07
-4.12768e-07
-1.69612e-08
-3.80778e-07
1.30705e-07
1.05762e-08
2.84723e-07
-8.87752e-07
4.30159e-07
-8.14468e-07
5.18789e-07
1.10298e-06
-9.05797e-07
-9.29332e-07
6.12184e-07
-5.53412e-07
-1.06146e-07
-2.65628e-07
2.53104e-07
-5.61165e-08
-3.72287e-07
-2.86829e-07
2.31559e-07
1.32982e-07
-1.06234e-07
1.05633e-06
-4.37656e-07
-2.21563e-07
-1.74716e-07
1.23217e-06
-1.39131e-06
4.0394e-07
8.34906e-07
-4.34544e-07
3.06761e-07
-6.83369e-07
8.23342e-07
-4.91951e-07
1.27968e-07
1.02519e-07
2.27575e-07
1.76365e-07
-6.27054e-08
2.87174e-07
-6.4202e-07
-4.34326e-07
5.54352e-08
-8.40874e-07
-3.01316e-07
1.19095e-06
3.13138e-07
7.46364e-07
-1.81322e-07
-7.0033e-07
8.34859e-07
-1.50531e-07
2.06932e-07
-1.51497e-07
4.35939e-07
-4.6868e-07
7.77727e-09
-4.60337e-08
1.88062e-07
-1.16061e-07
3.85878e-07
-2.71907e-07
4.94678e-08
-1.68377e-07
3.89676e-09
-4.46322e-07
1.16999e-09
1.70067e-07
1.33004e-08
3.23738e-07
-4.53873e-07
1.51412e-06
-7.29992e-07
1.67423e-07
5.32625e-07
-3.63227e-08
-8.80496e-07
8.86501e-07
3.27334e-08
6.21506e-08
-9.48841e-08
2.68395e-07
1.33248e-07
2.64086e-07
-5.35531e-07
-6.76842e-07
3.64194e-07
-3.061e-07
2.44291e-07
3.95923e-07
-2.32313e-07
4.67539e-07
-3.04359e-07
7.25088e-08
-5.35337e-07
2.65265e-07
3.28196e-07
-1.47607e-08
1.56661e-07
4.81794e-07
2.14141e-07
-9.77941e-07
2.57862e-07
5.1719e-07
-1.71427e-07
2.54285e-07
-8.2858e-08
7.85164e-07
-5.24732e-09
4.71383e-07
8.1161e-07
-1.77727e-10
5.027e-07
-2.32402e-07
6.46159e-07
8.67961e-07
-6.69622e-07
-1.35623e-06
-8.29546e-07
1.02181e-07
5.34388e-07
7.85164e-07
6.99846e-07
-9.13335e-10
-1.83728e-07
-4.38646e-07
2.34512e-07
1.27474e-06
-1.2977e-06
-1.45929e-07
-1.19234e-06
1.72136e-07
5.2015e-09
-1.74286e-07
-1.37287e-08
1.63021e-07
-1.60871e-08
1.7238e-07
5.20242e-10
-1.67251e-07
-1.89435e-07
-1.76173e-07
-1.7221e-07
-1.7238e-07
1.67251e-07
1.7221e-07
5.03727e-09
-1.70809e-07
3.82221e-09
1.89435e-07
1.76173e-07
1.72136e-07
-1.74286e-07
1.63021e-07
-1.70809e-07
7.6214e-07
-5.34355e-07
-1.71797e-07
7.15969e-07
-5.63551e-07
-2.11141e-07
2.11141e-07
-1.71797e-07
-3.95491e-07
7.53333e-07
3.61019e-07
3.50734e-07
-2.17752e-07
1.01519e-06
1.0151e-06
-6.22713e-07
-1.70818e-07
4.66524e-12
1.70818e-07
-3.83107e-09
-1.05565e-06
-6.93871e-07
2.71789e-08
-2.5197e-07
2.66116e-08
6.12184e-09
-8.17263e-08
5.0667e-08
1.78739e-08
1.88327e-07
-1.40599e-06
-1.11904e-07
-4.7564e-07
4.77631e-07
4.11117e-07
1.99041e-07
-1.43123e-06
7.49932e-08
-2.116e-07
3.5336e-07
1.24346e-07
1.49333e-07
-3.63175e-07
-9.96673e-07
9.04818e-07
9.18551e-08
6.04266e-07
-1.22471e-07
-1.08745e-07
1.08745e-07
-2.84174e-07
-2.43166e-07
-1.27456e-06
1.92997e-07
-5.06048e-08
5.06095e-08
2.30766e-07
-1.22744e-06
5.86239e-07
-3.79683e-07
1.66913e-07
-7.96407e-08
9.06777e-07
1.14461e-06
-6.75761e-08
-1.2228e-07
2.81927e-07
-5.71788e-07
1.23373e-08
-1.63834e-07
2.54205e-07
-3.83754e-07
-1.41023e-07
-1.54785e-07
1.67123e-07
2.95397e-07
-1.68175e-07
-6.62336e-08
8.22931e-07
-2.98795e-07
2.40541e-07
-2.40541e-07
1.66847e-07
3.96653e-09
-1.66847e-07
-4.64214e-09
-3.26391e-07
3.26391e-07
4.32951e-07
-2.09757e-07
-1.72279e-07
-9.24048e-07
-8.89628e-08
-3.82878e-07
-2.52642e-08
1.21373e-07
-1.88832e-07
-2.61962e-07
-4.32577e-07
-8.78274e-07
4.60895e-07
5.54206e-07
2.97076e-07
-1.61634e-07
-4.60425e-07
-5.74466e-08
-1.37224e-07
-8.52714e-07
8.52714e-07
3.69672e-07
1.46127e-07
-3.52043e-07
-5.20922e-07
1.32866e-07
8.06963e-07
-9.39828e-07
2.55299e-07
2.63823e-08
3.11502e-08
-8.08026e-08
-1.24964e-07
7.54031e-07
-6.8644e-09
3.00593e-07
-5.79123e-08
-3.45958e-08
1.17153e-08
-1.17153e-08
1.38696e-07
1.15589e-07
4.24338e-07
-2.06624e-08
5.53988e-08
-3.47364e-08
-6.09666e-08
6.22975e-08
-1.76126e-07
1.41023e-07
-3.49974e-07
1.76126e-07
-8.26863e-08
2.83568e-08
5.43294e-08
7.98363e-07
4.14195e-08
-7.97273e-07
-3.09324e-07
-1.45777e-06
8.55166e-07
6.02603e-07
1.49333e-07
-2.35272e-07
-8.2858e-08
2.35272e-07
9.42778e-08
3.16033e-08
-8.77198e-08
3.83163e-08
-3.34089e-09
-3.83163e-08
3.34089e-09
-1.05137e-07
1.05137e-07
1.14725e-06
1.38761e-07
-4.45335e-07
-1.90355e-07
-4.57398e-08
-4.86499e-09
4.1871e-08
1.18665e-07
-1.18665e-07
-7.29992e-07
-1.20782e-07
1.24964e-07
-6.9635e-08
-8.3588e-09
-1.46127e-07
-2.5734e-07
-1.35562e-07
3.35173e-08
9.50064e-08
1.39535e-06
6.49464e-08
-2.97349e-07
1.0288e-07
-7.12189e-08
-1.72279e-07
-9.38937e-07
6.79639e-07
3.73155e-07
-8.51947e-08
-5.65696e-08
5.65864e-09
1.70827e-07
-6.79046e-08
-6.35729e-08
3.30205e-07
1.19582e-07
-6.57087e-07
4.95453e-07
3.70157e-07
1.81642e-07
-2.17093e-08
1.12645e-06
-2.19671e-07
7.282e-08
-1.11223e-07
2.0198e-07
-1.46943e-08
4.96135e-08
-1.38696e-07
-1.06877e-07
8.67961e-07
-1.62718e-07
6.8333e-08
1.66056e-07
-7.15877e-08
-1.38761e-07
2.30878e-07
-4.00994e-07
2.31341e-07
8.83521e-07
-1.86852e-08
1.79029e-07
3.26158e-07
2.51298e-07
-2.6057e-07
-9.54208e-07
1.43793e-08
-9.94128e-08
-3.20841e-08
9.70294e-08
2.1896e-07
-7.53314e-07
7.28737e-08
1.85254e-08
-8.98454e-10
1.69903e-07
-1.69754e-08
-2.97232e-07
-3.12277e-07
1.52476e-07
)
;

boundaryField
{
    back
    {
        type            empty;
        value           nonuniform List<scalar> 0();
    }
    front
    {
        type            empty;
        value           nonuniform List<scalar> 0();
    }
    top
    {
        type            calculated;
        value           nonuniform List<scalar> 
15
(
-3.85471e-07
-3.64541e-07
-2.80818e-07
-2.18027e-07
-2.80818e-07
-1.41281e-07
-1.41281e-07
-3.64541e-07
-3.85471e-07
-3.29656e-07
-5.05822e-08
-5.05822e-08
-3.29656e-07
-3.92448e-07
-2.18027e-07
)
;
    }
    outer_arc
    {
        type            calculated;
        value           uniform 0;
    }
    bottom
    {
        type            calculated;
        value           nonuniform List<scalar> 
15
(
1.65121e-06
1.03597e-06
-4.41889e-07
-8.20653e-07
1.60945e-06
-1.97756e-06
-1.35403e-06
1.52366e-06
-1.21237e-06
1.34973e-06
-1.07884e-08
-1.15331e-06
1.74167e-06
5.21545e-07
1.47056e-06
)
;
    }
    inner_arc
    {
        type            calculated;
        value           uniform 0;
    }
}


// ************************************************************************* //
