/*--------------------------------*- C++ -*----------------------------------*\
  =========                 |
  \\      /  F ield         | OpenFOAM: The Open Source CFD Toolbox
   \\    /   O peration     | Website:  https://openfoam.org
    \\  /    A nd           | Version:  9
     \\/     M anipulation  |
\*---------------------------------------------------------------------------*/
FoamFile
{
    format      ascii;
    class       volVectorField;
    location    "2.41";
    object      U;
}
// * * * * * * * * * * * * * * * * * * * * * * * * * * * * * * * * * * * * * //

dimensions      [0 1 -1 0 0 0 0];

internalField   nonuniform List<vector> 
942
(
(-0.0530235 -0.126081 0)
(0.0653807 0.00547084 3.27624e-17)
(0.0864529 0.157322 0)
(-0.021087 -0.08033 -1.73554e-17)
(0.0853506 0.167952 1.0344e-17)
(0.0339229 -0.0262364 1.83393e-17)
(-0.00444623 0.0203813 4.81982e-17)
(0.0528514 -0.0333125 0)
(0.0298023 -0.0554625 -3.79605e-17)
(0.0176228 -0.0539162 3.87417e-17)
(0.0368509 0.0241587 0)
(0.101289 -0.0325925 0)
(-0.0135561 -0.0770162 1.61917e-17)
(0.0420761 0.0304859 0)
(0.122124 -0.0358225 0)
(0.0356065 0.00393569 -3.56277e-17)
(0.00148316 -0.00252056 -1.41059e-17)
(-0.0689333 -0.117792 0)
(-0.122534 -0.0382839 -4.18689e-18)
(-0.0250155 -0.00460179 6.44646e-18)
(0.0370851 0.0271415 2.39436e-17)
(0.116385 -0.0382143 1.92198e-17)
(-0.13 0.135186 0)
(-0.0182724 -0.162113 -3.76991e-17)
(0.0518763 0.0320343 0)
(0.00373177 -0.10459 2.85319e-17)
(0.0558579 0.12957 0)
(-0.119748 0.101509 2.39784e-17)
(-0.0637215 -0.10964 0)
(-0.0901917 -0.00151551 1.53401e-17)
(0.041453 -0.0169085 1.92918e-17)
(0.0482433 0.124241 0)
(-0.0694509 -0.143811 1.80436e-17)
(-0.141072 0.0214036 2.11751e-17)
(0.0585518 0.104261 -2.09049e-17)
(-0.149223 0.150315 3.9612e-17)
(0.0427949 -0.0681241 1.35043e-18)
(-0.0523701 -0.0138664 0)
(0.0392199 -0.0770142 -6.89676e-19)
(-0.039171 -0.163299 2.69672e-17)
(-0.106813 0.042693 -3.79385e-17)
(0.132391 -0.0759761 0)
(-0.0519221 -0.163749 -1.86181e-17)
(-0.0079871 0.0270316 -1.60701e-17)
(-0.018797 0.0331326 -4.06297e-17)
(-0.108531 -0.0751827 9.1413e-18)
(-0.147704 -0.0270297 -1.85191e-17)
(-0.16294 0.0204665 -1.74618e-17)
(-0.168435 0.0717402 1.94993e-17)
(0.0558029 0.0410998 2.29467e-17)
(-0.108743 -0.0350951 0)
(-0.122285 0.146017 0)
(-0.192661 0.182005 -2.66106e-17)
(-0.0090301 -0.159227 2.13019e-17)
(0.0119143 -0.0605859 0)
(-0.0577866 0.0437677 -1.43431e-17)
(-0.0374469 0.00473388 -3.61405e-17)
(0.0114836 -0.0655121 -2.59507e-18)
(-0.0423825 0.00662415 4.62986e-17)
(0.0489749 0.0126363 2.01198e-17)
(-0.0889154 0.0650525 -1.89564e-17)
(0.0571532 0.115257 -4.91671e-17)
(-0.076849 0.0148274 2.29535e-17)
(-0.0665945 -0.0832519 -1.86506e-17)
(-0.0706426 0.00953335 1.77119e-17)
(0.0549951 -0.00501679 1.36504e-17)
(0.0494906 0.110198 3.84447e-17)
(-0.116651 -0.0093951 -1.75209e-17)
(-0.137971 0.0812724 1.80031e-17)
(0.0264713 -0.0662623 4.9818e-18)
(0.0476591 0.00563861 0)
(0.0180272 -0.0057743 0)
(-0.0348788 0.00157606 -2.36446e-18)
(-0.0860794 -0.0377797 4.5886e-18)
(-0.00652675 -0.159551 -2.02016e-17)
(-0.0292205 -0.00374722 8.51319e-23)
(-0.0244669 -0.00569651 2.37617e-18)
(0.0501921 0.0970985 2.12462e-17)
(0.0565467 0.0141164 -2.30749e-17)
(0.0674978 0.00387354 -4.66934e-18)
(-0.026098 0.0248469 2.76418e-17)
(0.0130069 -0.0718245 -9.93288e-18)
(0.0289686 0.0148116 -2.51836e-18)
(0.0287107 0.000310006 1.0283e-17)
(0.0104426 -0.00196738 0)
(0.0449286 0.153858 0)
(-0.0193078 0.00903853 -2.10847e-17)
(0.0359011 -0.00389089 5.79854e-18)
(0.0541456 0.0413072 0)
(0.0444988 0.0205773 2.88141e-17)
(0.131649 -0.0673482 -1.45539e-17)
(0.0229762 0.0366001 6.644e-19)
(0.000405201 -0.0671847 2.92241e-18)
(-0.0126616 0.0190662 0)
(-0.0187522 0.0209501 -5.66275e-18)
(0.053623 0.0193465 1.04372e-17)
(0.107295 -0.0678519 1.79015e-17)
(0.02278 -0.00947243 -1.68643e-17)
(0.0111422 -0.0104141 -2.4982e-17)
(-0.0601383 0.0455356 -3.55436e-17)
(0.00552749 -0.00546411 -1.07306e-17)
(-0.00269871 -0.0653144 1.21082e-17)
(-0.103318 -0.0200122 0)
(0.0270787 -0.0377094 1.37027e-17)
(0.0507485 -0.0227328 -2.16703e-17)
(-0.0973715 0.0910474 -3.47345e-17)
(-0.0882483 -0.0636801 -1.228e-17)
(-0.108996 -0.0899536 0)
(-0.159898 -0.000655587 1.89007e-17)
(-0.155732 -0.0134462 0)
(-0.165505 0.114475 0)
(-0.17262 0.0960524 -1.89977e-17)
(-0.0441038 0.00707554 3.83625e-17)
(0.0196203 -0.0263739 0)
(0.0539818 0.035435 0)
(0.0114095 0.0164134 2.59132e-18)
(0.0484919 0.0221045 -2.06553e-17)
(-0.0413223 -0.0985376 2.18521e-17)
(-0.0332036 0.043376 3.17987e-21)
(0.102032 -0.00754418 -2.50738e-18)
(-0.0804312 0.0996996 8.27423e-18)
(-0.148788 0.125783 -2.12869e-17)
(-0.0220285 -0.135067 0)
(-0.0413934 0.00102781 1.89723e-17)
(-0.0354436 0.00217055 1.53659e-17)
(0.0507072 -0.024494 -4.08945e-17)
(-0.0971837 0.118573 2.13283e-17)
(-0.0762886 -0.135862 -2.0522e-17)
(-0.0988261 -0.121943 3.7526e-17)
(-0.147186 0.121964 1.94003e-17)
(-0.181733 -0.0789989 -1.00671e-17)
(-0.164256 -0.098512 -2.33206e-17)
(-0.208263 -0.0595893 0)
(-0.242606 0.014153 0)
(-0.237512 -0.0133799 -2.0871e-17)
(-0.144761 -0.110602 -1.45826e-17)
(-0.231124 0.143666 1.26443e-18)
(-0.227032 -0.0380912 0)
(-0.241924 0.115596 2.59046e-17)
(-0.247947 0.0833589 -8.86936e-18)
(-0.241419 0.0485658 2.08653e-17)
(-0.121733 -0.114549 0)
(-0.00774836 0.0142754 -2.11148e-17)
(0.062389 0.0183093 2.27233e-17)
(0.0259489 -0.0140842 -5.3129e-18)
(-0.0409615 -0.137732 -9.54456e-18)
(0.00217144 -0.0222509 0)
(0.0195289 -0.0257848 -1.27523e-17)
(-0.0293825 0.0342546 3.20609e-17)
(0.0515291 0.154646 0)
(0.0454756 -0.0206585 5.74376e-18)
(0.114061 -0.000397368 6.33564e-18)
(0.0496775 0.0733634 0)
(0.0323412 -0.0500581 1.1926e-17)
(0.0504767 0.0854373 -2.07982e-17)
(-0.0134047 -0.0291403 0)
(0.0252845 -0.00513119 2.34775e-17)
(0.00745041 0.0322348 0)
(0.073572 0.0218222 0)
(0.0333747 0.0129604 8.66675e-18)
(0.0418434 -0.00072434 -3.03518e-17)
(-0.0494548 0.0250363 0)
(-0.023985 -0.0702222 0)
(0.0239567 -0.00553556 1.07146e-17)
(0.0822284 0.00545191 0)
(0.0434403 0.0410106 -3.17941e-17)
(0.00566322 -0.0266877 0)
(0.0502104 -0.078904 0)
(-0.0854425 -0.0744006 1.86664e-17)
(-0.111487 -0.013993 2.21633e-17)
(-0.1166 0.00598939 -1.84966e-17)
(-0.132638 0.0661107 -2.44601e-18)
(-0.135507 0.0939585 -1.18755e-21)
(-0.119021 0.0877301 1.18754e-17)
(0.0504295 0.17194 0)
(0.025733 -0.120913 -2.31621e-17)
(0.0279564 0.0109591 -2.20932e-17)
(0.0207583 -0.118243 0)
(0.0430483 -0.0110563 7.67436e-19)
(0.0368576 -0.135137 0)
(0.0126634 -0.0294178 -1.40022e-17)
(-0.0731478 -0.109219 0)
(0.0245783 -0.0230179 -2.74872e-17)
(0.0273967 -0.134812 7.38059e-22)
(-0.086647 -0.0824164 -1.37525e-17)
(-0.0131331 -0.0700615 0)
(0.0703673 0.0383737 -1.09662e-17)
(0.0860082 0.136788 2.17758e-17)
(0.0605636 0.159086 3.10966e-17)
(0.043349 -0.149021 1.0406e-17)
(0.0858823 0.128257 4.20018e-17)
(0.0554668 -0.147315 -1.04297e-17)
(-0.0990886 0.0254102 -1.32591e-17)
(0.0523776 0.0207932 -2.01603e-17)
(0.0858703 0.122917 1.10267e-17)
(-0.00952211 -0.0830927 -9.98243e-18)
(0.0896173 0.113019 0)
(-0.0909944 -0.0138432 3.55521e-17)
(-0.125298 0.0374735 -2.55836e-17)
(-0.0155233 -0.16127 1.9163e-17)
(-0.0166301 0.0140212 0)
(-0.0125989 -0.0941197 1.01322e-17)
(0.0785237 0.0950887 0)
(-0.0250457 -0.0292858 -2.36221e-17)
(-0.0372705 0.0100919 2.23731e-17)
(-0.045113 0.0383685 0)
(-0.0601167 0.0414643 2.21883e-17)
(0.0859001 0.149191 -4.81011e-17)
(-0.0291411 -0.211112 -1.85225e-17)
(-0.0194225 -0.184547 1.83795e-17)
(0.0898835 0.128767 -1.06996e-17)
(-0.00127456 -0.0988681 -1.72128e-22)
(0.029602 -0.0746422 1.71716e-17)
(0.0678437 0.127551 1.02324e-17)
(0.0739875 0.0690521 0)
(-0.00791549 -0.155968 -1.25488e-21)
(0.0649811 0.166499 -2.55209e-17)
(0.0906041 0.101035 2.15129e-17)
(0.0919087 0.120267 2.12275e-17)
(0.0907579 0.106111 5.04182e-22)
(0.0101861 -0.171808 0)
(-0.0237189 -0.158981 -2.04943e-17)
(0.0657323 -0.159053 0)
(-0.00905954 -0.125354 0)
(-0.0036424 0.0381291 -2.14737e-17)
(0.0166645 0.051752 2.1386e-17)
(0.0735211 0.126083 -1.50743e-17)
(0.0375557 -0.169005 -2.09776e-17)
(-0.0424975 0.046082 3.14212e-17)
(0.0818371 0.0837034 0)
(4.8944e-05 -0.046499 -1.9678e-17)
(0.086058 0.148623 -3.76428e-17)
(0.0147068 0.0319531 2.07385e-17)
(-0.0158443 0.0481912 -1.13031e-17)
(0.00972909 -0.164912 -1.0575e-17)
(0.010489 -0.0918385 -3.66967e-22)
(0.0862078 0.102484 -2.23189e-17)
(0.0318315 -0.178089 2.10766e-17)
(0.0762562 0.0618886 -2.03301e-17)
(0.0927722 0.113794 2.10234e-17)
(0.0912109 0.103037 0)
(0.0479027 -0.0720019 -5.17145e-18)
(0.0695005 -0.171605 1.03888e-17)
(0.0213836 -0.100126 -1.18122e-17)
(0.0344881 -0.11368 -2.08805e-17)
(0.083907 0.0857786 -2.10934e-17)
(0.0634635 -0.155453 1.04635e-17)
(-0.000548507 -0.138793 -1.13886e-17)
(0.0594102 -0.171581 -2.09799e-17)
(0.0833994 0.0822107 5.19861e-18)
(0.0814579 0.13214 -5.30624e-18)
(-0.0021562 0.0193769 -1.95881e-17)
(0.0834017 0.121926 0)
(0.0771039 0.0609343 1.56837e-17)
(0.0556095 -0.125246 2.07201e-17)
(0.00169368 -0.112619 2.31157e-17)
(0.0597414 -0.171312 0)
(0.0773461 -0.155301 0)
(0.100923 0.104443 -1.05102e-17)
(0.0234537 -0.0911996 1.17664e-17)
(-0.00842889 -0.167078 -1.03468e-17)
(0.099238 0.0979941 1.03388e-17)
(0.0697129 0.116453 -2.59404e-17)
(0.0745184 -0.136914 -5.4714e-18)
(0.0417798 -0.131651 1.08976e-17)
(0.0355916 -0.0592172 0)
(0.0406317 -0.105617 0)
(0.0977138 -0.154803 0)
(0.0396524 0.00567572 1.99956e-17)
(0.0848775 -0.157972 1.05786e-17)
(0.085501 -0.138339 2.00247e-17)
(0.0755962 0.154761 -1.93176e-17)
(-0.0373898 0.0385429 2.28944e-17)
(0.071254 0.137301 -1.01922e-17)
(0.0888473 0.139748 2.13724e-17)
(0.0891905 0.0906158 -2.14232e-17)
(-0.0524746 -0.0889191 0)
(0.110412 -0.108238 0)
(0.0909957 0.128955 -1.05532e-17)
(-0.156041 0.175304 -2.15969e-17)
(0.0587355 -0.120609 0)
(-0.123071 0.114741 -1.77872e-18)
(-0.13819 0.152434 2.19795e-17)
(0.120225 -0.124786 0)
(0.108931 0.073502 4.14985e-17)
(0.117267 0.0241614 -2.06429e-17)
(0.107559 -0.133668 3.11242e-17)
(0.114975 -0.147872 2.0653e-17)
(0.0765494 -0.127189 5.36075e-18)
(0.0932609 -0.13914 5.32633e-18)
(0.10544 0.0756083 -2.10444e-17)
(0.0262918 0.00648634 2.49171e-17)
(0.0808461 0.078207 -9.5891e-18)
(0.0986035 -0.0882688 2.33462e-17)
(0.0824394 -0.0779008 5.91713e-18)
(0.026689 0.0154994 -1.91486e-17)
(0.124514 0.0125182 0)
(0.136221 0.0201574 1.06983e-17)
(0.146314 0.00682204 9.95179e-18)
(0.131075 0.0324069 0)
(0.125459 0.0511838 0)
(0.103087 -0.119605 -1.06464e-17)
(0.170787 -0.0214461 -4.8033e-18)
(0.163511 -0.0427104 -3.33742e-17)
(0.11221 0.0516809 -3.32863e-17)
(0.084762 -0.169443 1.03588e-17)
(0.157615 -0.0667446 -3.30727e-17)
(-0.0369493 0.0047494 0)
(-0.0325849 -0.0088364 -9.65967e-18)
(0.00777552 0.0092298 2.02737e-17)
(-0.014146 0.0260346 1.63822e-17)
(-0.0245726 -0.0165352 -2.18098e-22)
(-0.0341843 0.01965 -2.89828e-18)
(-0.0375249 -0.00577281 -2.01907e-17)
(0.139989 -0.106158 1.85967e-21)
(-0.00929699 -0.0117226 3.26376e-17)
(-0.0220408 0.0248403 -2.21232e-17)
(-0.0402981 0.00606811 3.12036e-22)
(-0.0333334 -0.0176884 -5.7255e-18)
(-0.0331001 0.0154465 0)
(-0.0238529 -0.00976217 -5.92847e-18)
(-0.00207404 -0.0103798 0)
(-0.0269498 0.0371241 2.3187e-17)
(-0.0358877 -0.00392145 -4.15074e-17)
(-0.0117651 0.00701779 -2.62697e-17)
(0.0981109 0.0874966 -2.12876e-17)
(-0.0196688 -0.0150846 0)
(0.123248 -0.115272 -1.07171e-17)
(0.157031 -0.09773 0)
(-0.024764 0.0192565 0)
(0.090964 0.0596789 -4.16691e-17)
(0.104636 -0.125107 -1.82849e-17)
(0.145311 -0.108229 1.04085e-17)
(0.166447 -0.0278655 -1.8844e-17)
(0.124193 -0.0927807 0)
(0.0971722 0.059813 2.08436e-17)
(0.160501 -0.0498595 1.19073e-17)
(-0.011134 -0.00223568 -6.19673e-19)
(0.0377771 0.0270934 0)
(-0.210583 0.165567 -2.03767e-17)
(0.0752497 0.0406354 3.07056e-17)
(0.109797 0.0369535 -2.09015e-17)
(0.156203 -0.0747508 -5.41766e-18)
(0.0836904 0.0485397 -5.21135e-17)
(0.157401 0.0333158 -2.11557e-17)
(0.0599662 0.0398576 0)
(0.152671 0.0450136 2.15223e-17)
(0.154118 -0.107591 2.0738e-17)
(0.109261 -0.155383 2.0647e-17)
(0.162974 0.020533 -1.04097e-17)
(0.0735566 0.0457324 2.08856e-17)
(0.169747 0.00700414 3.19331e-22)
(0.1389 -0.117267 -5.27386e-17)
(0.178527 -0.00708531 -1.09318e-17)
(0.0125822 0.0216178 -1.87357e-17)
(0.109656 -0.0907203 0)
(0.148586 0.0549662 2.11679e-17)
(0.12253 -0.129008 0)
(0.146603 0.0640258 1.03803e-17)
(0.136526 0.0460403 2.08961e-17)
(0.183841 -0.0220052 2.66165e-17)
(0.143425 -0.0728404 0)
(0.118223 -0.0258587 -2.94423e-18)
(0.102521 -0.139467 1.76485e-17)
(0.179048 -0.0446471 -2.10464e-17)
(0.141891 -0.0248433 1.10177e-17)
(0.118402 -0.049208 -1.06209e-17)
(-0.119469 -0.0718973 4.78218e-17)
(0.173136 -0.0688916 3.13228e-17)
(0.0994669 0.0296393 -5.44634e-18)
(0.0591916 -0.00562305 0)
(0.0586293 0.0343909 2.06697e-17)
(-0.137516 -0.0566091 -1.03821e-17)
(0.167427 -0.0968702 -2.00973e-17)
(0.116699 0.0602174 1.05101e-17)
(0.167923 0.0277788 1.04176e-17)
(0.125509 0.060177 1.05271e-17)
(0.16252 0.0401635 2.15761e-17)
(0.115189 -0.151298 1.01902e-17)
(0.174533 0.0141473 1.03744e-17)
(-0.0369716 -0.102411 2.34455e-17)
(-0.0715303 0.0892838 0)
(-0.172453 -0.00675738 2.08398e-17)
(-0.163771 0.105732 0)
(-0.106575 -0.0795741 5.19914e-18)
(0.181356 4.54272e-05 3.27673e-17)
(0.183124 -0.0373988 4.14784e-17)
(0.15684 -0.0392231 3.21148e-18)
(0.157079 0.0511741 -4.30116e-17)
(0.185809 -0.0147266 -4.38601e-17)
(-0.154645 -0.0416916 -1.05996e-17)
(-0.177005 0.0639454 -5.28132e-18)
(0.103505 -0.0727809 0)
(0.149772 -0.0124796 2.14857e-17)
(-0.179182 0.0117742 5.56354e-18)
(0.145379 -0.0919907 0)
(0.149326 -0.059735 2.05631e-17)
(-0.167054 -0.0265169 5.42812e-18)
(-0.088826 -0.0859677 1.07672e-17)
(-0.173156 0.0855064 -1.34875e-18)
(-0.177103 0.0396419 -9.31569e-18)
(0.161225 -0.115273 -3.08444e-17)
(0.110589 -0.0236981 0)
(0.116954 -0.0576029 9.86777e-18)
(0.176156 -0.0610801 0)
(0.123225 0.0706698 0)
(-0.0663994 0.0617496 0)
(0.152686 0.0604172 0)
(0.172183 -0.0891956 1.03146e-17)
(-0.124261 0.128317 3.11757e-17)
(-0.0688647 -0.0829294 -2.24768e-17)
(0.169913 -0.0311673 1.04157e-17)
(0.162845 -0.0794533 0)
(0.188203 -0.029874 3.12089e-17)
(0.187447 -0.0534492 0)
(0.125772 -0.147539 -1.03936e-17)
(0.132575 -0.139167 1.0407e-17)
(0.167741 -0.0948779 1.02978e-17)
(0.127225 0.0816308 2.0826e-17)
(0.171102 -0.10276 1.02918e-17)
(0.136864 -0.0750868 2.16846e-17)
(0.182696 -0.0792144 -4.15012e-17)
(0.119564 -0.0755084 0)
(0.150888 -0.120558 -1.02626e-17)
(0.18373 -0.0603726 2.07414e-17)
(0.186653 -0.0369461 -2.07756e-17)
(0.129157 0.068619 0)
(0.0909832 0.0312928 2.18493e-17)
(0.179356 -0.0206179 2.09349e-17)
(0.111248 -0.00951107 -3.88622e-17)
(0.0658459 -0.0126403 0)
(0.184431 -0.0138364 2.09158e-17)
(0.136317 -0.0202765 0)
(0.125453 0.0491151 0)
(-0.126528 0.126286 0)
(0.15525 -0.089853 0)
(0.181472 0.0140587 3.11474e-17)
(0.156613 -0.105778 0)
(0.177381 -0.0861709 1.04067e-17)
(0.157892 -0.0169952 -2.19363e-17)
(0.163738 -0.108809 1.02688e-17)
(0.150426 -0.0532033 -1.90421e-17)
(0.171935 0.0398366 -2.08821e-17)
(0.164783 -0.00630526 0)
(0.126307 -0.145937 -2.06829e-17)
(0.180865 -0.0267092 -3.12107e-17)
(0.14884 0.0682049 0)
(0.143144 0.0645386 0)
(0.174845 -0.0889461 0)
(0.147759 -0.127258 2.06514e-17)
(0.159987 0.0594728 8.2963e-22)
(0.112245 0.0495646 -7.01533e-22)
(0.0989322 0.0378087 -2.15822e-17)
(0.154066 -0.122043 0)
(0.152536 0.0663408 0)
(0.13122 0.077842 0)
(0.144696 0.0724507 0)
(0.111936 0.00800328 0)
(0.141188 -0.134848 -1.03474e-17)
(0.129055 0.0557608 -2.12061e-17)
(0.183975 -5.76972e-05 3.1243e-17)
(0.177085 0.0275008 -1.04139e-17)
(-0.0111259 -0.0275665 2.11081e-17)
(0.152941 0.0601153 -1.03707e-17)
(0.11311 0.0900021 1.0574e-17)
(0.141173 0.0533978 -1.04152e-17)
(0.126174 -0.111527 0)
(0.182023 -0.00712425 -2.08976e-17)
(0.182 0.00623374 -4.14669e-17)
(0.125141 0.0801936 0)
(0.1791 0.0197338 -2.07696e-17)
(0.164899 0.0299121 -2.11243e-17)
(0.174101 0.0324707 0)
(0.185939 -0.0423186 0)
(0.130047 0.0859665 8.28539e-22)
(0.0854841 0.0767513 9.51568e-18)
(0.179908 -0.0731405 0)
(0.151073 0.0480202 -3.12181e-17)
(0.183704 -0.0484753 0)
(0.115989 0.08569 0)
(0.0944813 -0.163384 -2.0539e-17)
(0.127224 0.0901692 -2.08131e-17)
(0.166175 0.0505028 0)
(0.134035 0.0843557 -2.07904e-17)
(0.184949 -0.0668396 -1.03732e-17)
(0.141023 0.0796032 2.07703e-17)
(0.172849 -0.0376626 -2.13061e-17)
(0.167988 0.0437752 2.08622e-17)
(0.168587 -0.0734847 0)
(0.123235 0.0845253 -1.03992e-17)
(0.0974416 0.060049 -3.68671e-17)
(0.14286 0.0706733 0)
(0.115533 0.0708399 0)
(0.161018 0.0530423 3.11383e-17)
(0.106902 -0.159797 -2.01912e-17)
(0.10296 0.0959266 0)
(0.136188 0.0793139 2.0788e-17)
(0.0859527 0.0924948 4.39107e-17)
(0.143725 0.0748002 -2.0763e-17)
(0.140547 -0.133997 0)
(0.114975 0.0553218 4.43179e-17)
(0.125036 0.0904273 1.03842e-17)
(0.1399 -0.123666 0)
(0.112822 0.0984525 2.07981e-17)
(0.120264 0.0321766 -1.14379e-17)
(0.104006 0.106404 0)
(0.158937 0.039623 0)
(0.127569 0.0160707 0)
(0.0938858 0.0820851 1.83521e-17)
(0.127417 0.0090822 -1.0075e-17)
(0.169424 -0.0577794 -2.53119e-17)
(0.122321 0.0945369 0)
(0.100738 0.0854225 1.0704e-17)
(0.117131 0.095123 -2.07927e-17)
(0.0945606 0.0633042 3.51823e-17)
(0.129488 -0.13685 0)
(0.0899198 0.0717275 -9.05114e-18)
(0.11188 0.0926836 0)
(0.15775 0.02134 0)
(0.0769161 0.0697724 0)
(0.154523 -0.0433334 0)
(0.145627 0.0398885 1.0456e-17)
(0.168363 0.018374 0)
(0.115026 0.0897015 0)
(0.158896 0.010259 -1.05058e-17)
(0.155817 -0.00141763 -1.03288e-17)
(0.130705 0.0720075 0)
(0.106327 0.102817 0)
(0.130862 0.0662354 0)
(0.168245 0.00628671 4.14917e-17)
(0.153056 0.0314305 3.15768e-17)
(0.115016 0.0659367 0)
(0.171779 -0.050893 1.79039e-17)
(0.0932381 0.121791 -2.10041e-17)
(0.114698 0.098966 2.07986e-17)
(0.0993491 0.103879 -2.08541e-17)
(0.0521016 0.0403248 -4.48836e-22)
(0.09394 0.0696671 0)
(0.0891178 -0.160601 0)
(0.0753718 0.115441 2.01977e-17)
(-0.0403114 -0.102538 0)
(0.110054 0.0777696 0)
(0.0959417 0.0788788 -1.85475e-17)
(0.0914229 -0.126551 -2.62643e-17)
(0.0786463 0.0747054 0)
(0.076271 0.0712287 -2.08389e-17)
(0.108763 0.0810706 0)
(0.104803 0.094116 -2.08256e-17)
(0.0819529 0.0813075 -1.04403e-17)
(0.0846531 0.0893768 4.17691e-17)
(0.103311 0.0982013 0)
(0.109841 0.101737 -2.07817e-17)
(0.0948833 0.115659 1.04724e-17)
(0.0924712 0.0898 0)
(0.0837203 0.13845 2.62241e-17)
(0.0926514 0.0947598 -1.04391e-17)
(0.0939183 0.110584 -2.09233e-17)
(0.0943767 0.0455475 -1.95469e-17)
(0.0790014 0.142906 -1.05547e-17)
(0.0934731 0.050806 0)
(0.097567 0.107045 -2.10347e-17)
(0.0430191 -0.171056 0)
(-0.0330692 -0.154154 3.08629e-17)
(0.0983308 0.108823 3.13166e-17)
(0.0876634 0.118729 2.09637e-17)
(0.0439272 0.0324239 4.2233e-17)
(0.0591684 0.0545706 -1.11474e-17)
(0.0100605 -0.00675813 -2.13518e-17)
(0.0849909 0.112121 0)
(0.0302842 -0.086518 0)
(0.0925785 0.120945 -2.09846e-17)
(0.0812353 0.14933 4.36317e-17)
(0.062643 0.0584368 0)
(0.0935978 0.103492 -3.13326e-17)
(0.0108624 -0.136912 -6.56078e-22)
(0.0915859 0.13004 1.05718e-17)
(0.0892725 0.109896 0)
(0.094834 0.114104 1.0628e-17)
(0.076428 0.104787 -3.15756e-17)
(0.0588636 0.092301 0)
(-0.0473174 -0.134924 2.38314e-17)
(0.0850018 0.181176 -4.50621e-17)
(0.000252561 -0.0605862 0)
(0.0977303 0.110441 0)
(0.0368636 -0.16129 -2.08278e-17)
(0.0211035 -0.157833 0)
(0.0709627 0.105518 2.10256e-17)
(0.0859092 0.141446 6.07508e-19)
(0.0211306 -0.0954948 -2.29218e-17)
(0.0890824 0.138367 -2.12418e-17)
(0.0689072 -0.0416027 -1.72087e-17)
(0.0216665 -0.144406 2.09547e-17)
(-0.0041102 -0.0660947 0)
(0.0663629 0.0596393 0)
(0.0336397 -0.0376199 7.27783e-17)
(-0.0108371 -0.0515737 -4.68996e-17)
(-0.00287294 -0.116779 -4.61593e-17)
(0.000677561 0.00520847 0)
(0.0759106 0.194215 2.23886e-17)
(0.0117113 -0.115705 -3.27601e-17)
(0.0168574 -0.125866 3.29519e-17)
(-0.0123468 -0.0296215 0)
(-0.0273522 -0.123853 -2.31569e-17)
(0.0594233 0.19994 -6.92353e-17)
(0.0107336 -0.0336855 -2.19571e-17)
(0.0293737 0.0246859 8.25623e-23)
(0.0848875 0.166893 1.94875e-17)
(0.020766 -0.107671 -2.25116e-17)
(0.0163204 -0.00354509 1.09355e-17)
(0.0781877 0.118895 0)
(0.0572746 0.0427525 -2.49075e-17)
(0.0785226 0.183753 5.06198e-17)
(0.0486592 0.0282911 -2.4405e-17)
(0.0164976 -0.0703819 4.67183e-22)
(0.0204009 -0.0119389 3.43643e-17)
(0.0961793 -0.00501103 -9.05565e-22)
(0.10759 -0.0141463 4.12379e-17)
(0.107713 0.00232649 1.49821e-17)
(-0.0109938 -0.143606 0)
(-0.0224373 -0.0448473 2.35503e-17)
(-0.0187519 -0.115764 0)
(0.0595172 0.0203892 -1.38523e-17)
(0.0645958 0.186532 -7.25602e-19)
(0.014874 0.00230724 0)
(0.0610899 0.177932 6.67534e-19)
(0.0835202 0.15952 2.33286e-17)
(-0.00128636 -0.209237 -2.69283e-17)
(-0.0253013 -0.00348903 -6.63105e-18)
(-0.0879937 -0.0305492 5.58547e-18)
(-0.0430887 0.0105516 3.24815e-17)
(0.0500749 0.0175209 2.44202e-17)
(0.0707888 0.0327826 -2.59007e-17)
(-0.166379 0.0448465 2.00376e-17)
(0.0143484 -0.124247 0)
(0.028493 -0.00973922 1.22173e-17)
(0.0730976 0.0114415 0)
(0.0225146 -0.0832843 1.94202e-17)
(0.0219322 -0.10027 0)
(-0.101262 -0.121199 -4.61323e-17)
(-0.00129907 0.0103285 -2.52014e-17)
(0.122389 0.000384936 -2.04047e-17)
(-0.0199651 0.0249374 -1.75728e-17)
(0.0929303 -0.0221161 0)
(-0.0319835 0.0164987 1.15417e-18)
(0.0080357 0.00970749 0)
(0.0884656 -0.0322384 -3.62771e-17)
(0.0317077 -0.000666407 -1.72571e-17)
(0.041778 -0.0164719 -6.05467e-18)
(-0.021465 0.0309409 4.46615e-17)
(0.0246113 -0.044591 0)
(0.0213548 -0.0956248 1.92208e-17)
(0.0445563 0.034529 0)
(0.0367508 -0.018239 -3.29788e-17)
(0.00202588 -0.0588881 -2.49754e-17)
(0.0742503 0.0317447 2.32235e-17)
(0.112298 0.0170262 0)
(0.110201 0.0249503 -6.02708e-18)
(0.0657453 0.1394 0)
(-0.0882656 -0.0861318 2.28159e-17)
(-0.039603 -0.064589 7.37172e-19)
(0.0118605 -0.0447011 4.93048e-17)
(0.0176389 -0.152919 0)
(-0.0090833 -0.0635638 2.1442e-17)
(-0.0152487 -0.0585184 2.28973e-17)
(-0.00409046 -0.068884 1.20954e-17)
(0.00853943 -0.0511249 1.53422e-22)
(-0.00884392 0.0169743 -3.196e-17)
(0.0775949 0.161047 0)
(0.0890442 -0.0721773 0)
(0.0289335 0.102371 -1.16083e-17)
(0.0505085 0.0311622 2.38548e-17)
(0.0293644 0.0863634 0)
(-0.00555971 0.0565728 1.14342e-17)
(0.0292004 0.0723176 -1.93725e-17)
(-0.0169199 0.0579873 0)
(-0.000567835 -0.0771344 0)
(0.0171802 0.0650805 -5.56328e-22)
(0.0179395 0.0432663 2.01359e-17)
(-0.0136808 0.0456282 1.11698e-17)
(0.0160712 -0.0755588 -1.17551e-17)
(0.138043 -0.0443855 0)
(0.0767876 0.093771 2.28364e-17)
(0.0818358 -0.0893851 -1.1703e-17)
(0.000217837 -0.00569648 -1.14978e-17)
(-0.0139458 -0.0117488 0)
(-0.0230994 -0.0168332 0)
(-0.0345518 -0.0109937 1.02786e-17)
(0.0217667 0.0270665 -2.20825e-17)
(-0.0130562 -0.0176422 0)
(-0.0195155 -0.0142685 1.92518e-17)
(-0.0353075 0.0221877 0)
(0.00404167 -0.000839438 1.13776e-17)
(-0.0234416 0.0266451 -2.19505e-17)
(-0.0291063 -0.0179919 2.9339e-18)
(-0.0338584 -0.0174817 1.7622e-17)
(0.0174688 0.0165453 -2.3391e-17)
(0.0109315 0.00625528 -2.36415e-17)
(-0.0244942 0.0298301 0)
(-0.0144831 -0.0130903 2.15341e-17)
(-0.0158655 -0.0171567 0)
(-0.0274786 -0.0172017 -2.77115e-18)
(-0.0339989 -0.0143416 0)
(0.00198303 -0.00271388 0)
(-0.00544758 -0.0126534 -1.14334e-17)
(-0.0283732 0.0201345 -8.95391e-23)
(-0.0228888 0.0288672 0)
(-0.020808 -0.0170285 -1.81541e-17)
(0.125233 -0.00531812 -1.22349e-17)
(0.080616 0.0571239 -2.2475e-17)
(-0.037528 0.0189016 0)
(0.00146356 -0.0516115 -2.31948e-22)
(0.0758953 0.0831436 -3.66233e-17)
(-0.0428024 -0.0411701 -2.66336e-17)
(-0.0518899 -0.0368795 0)
(-0.0286929 0.0226405 -4.46461e-17)
(0.0712666 0.0941367 -1.11512e-17)
(0.0677123 0.149338 0)
(0.078574 0.0467483 2.27254e-17)
(-0.0358943 -0.111032 -1.27291e-17)
(0.0585414 0.0802312 2.54185e-17)
(-0.0292979 0.0204061 2.26192e-17)
(0.0570041 0.0420514 1.2203e-17)
(0.0819818 0.0632559 3.55458e-17)
(-0.129929 -0.0726559 1.267e-17)
(0.0965469 -0.0571533 0)
(-0.0377375 0.021866 -4.44796e-17)
(-0.0375303 0.014167 -5.43888e-18)
(0.0385391 -0.0436567 3.41233e-17)
(-0.00584033 -0.0616124 -2.38171e-17)
(0.139391 -0.0245175 -3.83946e-17)
(-0.0984184 -0.0438795 1.88474e-17)
(0.0853477 0.143621 -3.09353e-17)
(-0.0419368 -0.0774077 6.03497e-18)
(0.115202 0.0350425 2.31191e-17)
(0.112972 0.0431766 -3.47453e-17)
(0.0871766 0.0366628 4.8347e-17)
(-0.130447 0.111753 0)
(-0.0373132 -0.144524 -2.47063e-17)
(0.0263964 0.0469271 3.89422e-17)
(0.0350849 -0.0334108 -2.26919e-17)
(-0.0230369 -0.105998 1.34346e-17)
(-0.0224176 -0.0243872 -6.0501e-18)
(0.0148686 0.0804189 0)
(0.127528 0.0263319 -1.16656e-17)
(0.0639975 -0.112494 -2.46865e-17)
(0.0680506 -0.0726427 2.29158e-17)
(-0.0541434 -0.131597 1.486e-17)
(0.0141817 0.0250744 -2.51546e-17)
(0.0161849 -0.0803524 1.33115e-17)
(0.0797431 0.0120727 -1.8717e-17)
(0.0261235 -0.0731338 0)
(0.0545027 0.0493655 4.3e-17)
(0.0610998 -0.0121735 -2.36076e-17)
(0.0859097 -0.0107347 2.99441e-17)
(-0.0346079 0.014174 2.83923e-17)
(0.158861 -0.0133215 5.95368e-18)
(0.1422 6.78517e-05 -1.27367e-17)
(-0.046244 -0.000347917 -2.64326e-17)
(-0.0432104 -0.0017968 2.51757e-17)
(0.0534125 0.0473611 0)
(-0.00648451 -0.0127305 0)
(-0.000946569 -0.0637608 -2.62213e-17)
(-0.0129789 -0.00110318 -1.28029e-17)
(-0.0185253 -0.173583 -2.51558e-17)
(-0.00535441 -0.0690061 -1.16213e-22)
(0.0166946 -0.02418 1.16752e-17)
(-0.0309113 0.0209389 -2.35256e-17)
(0.00437327 -0.00776976 0)
(0.0032775 -0.233584 0)
(-0.0290821 0.022749 4.28131e-17)
(0.00503576 0.0974378 -4.21767e-17)
(-0.024929 0.0233582 -1.19197e-17)
(0.0525469 0.0516787 1.38529e-17)
(-0.00350986 0.0292472 2.40982e-17)
(0.0437793 0.137245 2.749e-17)
(0.0466594 0.0171066 0)
(0.0810553 0.0539403 0)
(0.0249823 0.00757127 -1.23759e-17)
(0.0279003 0.166454 1.43568e-17)
(0.0755187 0.0645469 -1.12342e-17)
(-0.021034 0.0572477 -1.84136e-17)
(0.00828266 -0.0281572 1.23414e-17)
(0.0208731 -0.0105054 -3.05862e-18)
(0.000702178 -0.00596054 -4.22831e-17)
(0.0757565 0.178113 -2.94021e-17)
(0.0522269 -0.0391102 7.15147e-18)
(0.0681256 0.0708186 3.03658e-17)
(-0.0405463 0.0127421 -5.73629e-23)
(0.11572 -0.0821976 2.11571e-17)
(-0.0416049 0.00491935 2.48581e-17)
(0.0474288 0.0242281 -1.1987e-17)
(0.052738 0.140449 -4.01149e-17)
(0.0249784 -0.0272904 2.6105e-17)
(-0.0472647 0.013513 -1.22531e-17)
(-0.0393516 0.0160466 -2.45114e-17)
(0.0690634 -0.0624961 2.12385e-17)
(0.0481086 0.0613397 -2.91265e-18)
(-0.0239269 0.0247756 6.00419e-18)
(0.0270485 0.058077 5.36636e-18)
(-0.0402413 -0.0117727 0)
(-0.0324813 -0.0138499 8.18648e-18)
(0.0796069 0.171591 1.31028e-17)
(-0.0643776 0.0447371 2.88728e-17)
(0.0525921 0.0450566 0)
(0.00792648 0.00708149 -5.11386e-18)
(0.137 -0.0512352 2.90102e-17)
(0.0809501 -0.010411 1.62514e-17)
(0.010863 -0.0549174 0)
(0.00543366 0.0126545 -2.52926e-17)
(0.0718153 -0.0759531 1.32574e-17)
(-0.045775 0.0037543 -3.38078e-18)
(0.0686205 0.0897532 -1.7528e-18)
(-0.00282107 -0.00223307 6.47405e-18)
(0.00924937 -0.0025275 2.77711e-17)
(-0.00950911 -0.0965546 0)
(0.0803875 -0.0237699 0)
(0.0570529 -0.0425046 0)
(-0.0104883 -0.0232504 -1.43242e-17)
(0.0776351 0.0612496 0)
(0.00590696 -0.000461487 2.36927e-17)
(0.00914754 -0.081026 -1.37811e-17)
(0.00099883 -0.00931297 -1.41693e-17)
(-0.00286934 -0.0733091 0)
(0.110553 -0.0255796 -7.16768e-18)
(0.0330301 0.0214511 0)
(-0.0374945 -0.00230242 8.06641e-19)
(-0.0257562 -0.242819 1.33515e-17)
(-0.0174197 0.0122766 1.99705e-17)
(-0.0799339 -0.0110991 0)
(-0.00964687 -0.00624576 2.58476e-17)
(0.0308066 -0.00221493 0)
(0.0146201 -0.0459349 0)
(-0.0772346 -0.0637289 1.71944e-18)
(0.06941 -0.0045405 -2.52206e-17)
(-0.0266387 0.0422307 -1.46959e-18)
(0.0181576 -0.00538994 0)
(-0.0333849 -0.01418 4.9675e-17)
(0.00676462 -0.105016 1.39998e-18)
(0.0279626 0.121683 -1.24686e-17)
(-0.0251223 0.0261808 0)
(0.0784931 0.0423904 -1.10469e-17)
(-0.0935793 0.0321724 -2.9965e-17)
(0.031949 -0.0181788 2.7672e-17)
(0.0700656 0.0679691 1.31941e-17)
(-0.0674207 0.0218534 1.21163e-17)
(0.0857011 0.0648831 -1.31264e-17)
(-0.001475 0.0437218 -2.65178e-17)
(0.107546 -0.0578854 -2.49797e-17)
(0.0258769 0.0126744 0)
(0.0968052 -0.0437663 1.76588e-17)
(-0.0455253 -0.0642921 6.0938e-18)
(0.139525 -0.0308189 2.36025e-17)
(0.0635605 0.150725 6.36401e-18)
(0.0755263 0.166494 0)
(0.0664851 -0.0252683 2.33633e-17)
(0.110512 -0.0485517 3.75889e-17)
(0.0607161 0.0055789 0)
(0.00315832 -0.0606358 3.88303e-18)
(-0.0223468 0.0410804 -1.73642e-17)
(0.0398879 0.00301212 0)
(-0.0629193 -0.059139 -1.64368e-18)
(0.048477 0.0295312 -2.37383e-17)
(0.081396 0.0305337 -5.63192e-22)
(0.128636 0.0433993 1.49573e-21)
(-0.0150595 -0.0788195 -6.2796e-18)
(0.032624 -0.0326501 -2.84109e-17)
(0.0290995 0.00315552 3.15146e-17)
(0.0661181 0.0775124 5.57767e-17)
(0.0711409 0.0294311 -2.87951e-17)
(-0.0394238 0.0169318 4.16592e-17)
(-0.0264501 0.0110909 5.98621e-18)
(0.00545535 0.0114246 1.39766e-17)
(0.0791317 0.123576 2.75181e-17)
(0.0708053 -0.0947828 0)
(0.0835879 -0.044846 -3.87708e-17)
(0.0208062 -0.0259966 -2.43328e-17)
(0.0366844 0.0289111 6.75151e-18)
(0.0330829 -0.0238976 0)
(0.0731182 0.103094 -2.95623e-17)
(0.0624284 -0.0788534 -2.84022e-17)
(-0.00627457 0.0198773 0)
(-0.00989658 0.00810779 1.55746e-17)
(-0.054895 -0.102929 1.73757e-17)
(0.0364957 -0.107454 -1.42848e-17)
(0.0810081 -0.0909931 1.73438e-18)
(0.0241039 -0.0729699 0)
(-0.000734381 -0.0658333 -1.49914e-22)
(0.0705348 0.0829586 0)
(-0.0240448 0.0254186 2.4987e-17)
(0.0552702 -0.0833333 -3.53614e-18)
(-0.0392325 -0.0698715 1.45201e-17)
(-0.0204032 -0.0310397 0)
(0.0125309 -0.191765 3.03753e-17)
(-0.0535076 0.0193365 2.87404e-17)
(0.0804717 -0.0630009 -7.15616e-18)
(-0.0263437 0.0218024 -2.34741e-17)
(-0.12848 0.125253 -4.82539e-17)
(0.0832516 0.133271 0)
(0.102696 -0.0152697 0)
(0.0524509 0.0570999 -3.00045e-17)
(0.0450998 0.0502856 3.88957e-17)
(0.113385 -0.0302367 1.23276e-17)
(0.166799 -0.0055616 1.40203e-17)
(0.0626748 -0.0938986 1.01311e-17)
(0.0158131 -0.0302001 -1.54427e-17)
(0.0669059 0.172876 0)
(0.056361 0.0680766 0)
(0.0399867 -0.0325643 0)
(-0.0178487 -0.123569 -1.0207e-18)
(-0.0400749 -0.0057198 1.6017e-17)
(0.0795442 0.0177659 7.59971e-18)
(0.0499872 0.187454 3.98793e-17)
(0.0155389 -0.0780982 -3.77254e-23)
(0.0594736 -0.00329618 3.01885e-17)
(0.0833362 -0.0403189 7.54793e-18)
(0.0253672 0.140639 -8.01911e-22)
(0.032399 0.0208375 0)
(0.0239174 -0.0156747 -2.61735e-17)
(0.0350575 0.00165383 0)
(0.0408294 0.0277516 -2.66465e-17)
(0.0605786 0.0110573 0)
(0.000415778 -0.00332427 2.25969e-17)
(0.0171805 0.00312794 -7.38776e-18)
(-0.000189704 -0.0334071 -1.67279e-17)
(-0.0906618 -0.0596501 0)
(0.0414235 0.168391 2.23334e-17)
(0.0368064 -0.018583 7.46935e-18)
(0.0393554 0.0401387 3.04653e-17)
(-0.0793114 -0.0825456 0)
(-0.0296094 -0.0376945 -2.98262e-17)
(0.0390257 0.0122509 7.25167e-18)
(0.0211112 -0.0159125 -2.90619e-17)
(-0.0586052 0.0685364 -3.13235e-17)
(0.0104701 -0.00837756 0)
(-0.0566479 -0.0882719 -8.63242e-18)
(0.0766481 -0.018797 -2.04762e-17)
(0.113447 -0.0429013 -1.97064e-17)
(-0.0855865 0.0549643 3.79315e-17)
(0.00944407 0.00923721 3.23334e-17)
(-0.0468872 -0.0218743 0)
(-0.0762916 -0.10358 -1.08556e-17)
(-0.0672143 -0.112806 -3.3196e-17)
)
;

boundaryField
{
    back
    {
        type            empty;
    }
    front
    {
        type            empty;
    }
    top
    {
        type            codedFixedValue;
        value           nonuniform List<vector> 10((0 -0.0595213 0) (0 -0.0647539 0) (0 -0.049056 0) (0 -0.0333581 0) (0 -0.0333581 0) (0 -0.049056 0) (0 -0.0595213 0) (0 -0.0124275 0) (0 -0.0124275 0) (0 -0.0647539 0));
        name            ParabolicTimeDependentU_max;
        code            #{
		const vectorField& Cf = patch().Cf();
		vectorField& field = *this;

		const scalar r = 12.0*1e-3;
		const scalar Umax = 0.4;
		const scalar Umin = 0.02;

		scalar 	Uvar = 0.08;
		scalar 	t = this->db().time().value();
		scalar	tau = fmod(t,1);
		
		if (tau > 0 && tau <= 0.35)
		{
			Uvar = 0.08+Umax*(1-(pow(tau-0.175,2)/(0.175*0.175)));
		}
		if (tau > 0.35 && tau <= 0.6)
		{
			Uvar = 0.08+Umin*(-1+(pow(tau-0.475,2)/(0.125*0.125)));
		}
		if (tau > 0.6 && tau <= 1)
		{
			Uvar = 0.08;
		}
		
		forAll(Cf, faceI)
		{
			const scalar x = Cf[faceI][0];
			const scalar y = Cf[faceI][1];
			field[faceI] = vector(0, Uvar*(-1+(pow(x+(0.02+r),2))/(r*r)), 0);
		}
	#};
    }
    outer_arc
    {
        type            noSlip;
    }
    bottom
    {
        type            zeroGradient;
    }
    inner_arc
    {
        type            noSlip;
    }
}


// ************************************************************************* //
