/*--------------------------------*- C++ -*----------------------------------*\
  =========                 |
  \\      /  F ield         | OpenFOAM: The Open Source CFD Toolbox
   \\    /   O peration     | Website:  https://openfoam.org
    \\  /    A nd           | Version:  9
     \\/     M anipulation  |
\*---------------------------------------------------------------------------*/
FoamFile
{
    format      ascii;
    class       volVectorField;
    location    "2.09";
    object      U;
}
// * * * * * * * * * * * * * * * * * * * * * * * * * * * * * * * * * * * * * //

dimensions      [0 1 -1 0 0 0 0];

internalField   nonuniform List<vector> 
1655
(
(0.115923 -0.0538594 -4.75401e-18)
(0.0681579 -0.0977885 3.1388e-17)
(0.177786 -0.115381 2.5265e-17)
(0.105276 -0.0305835 -1.51766e-17)
(0.13675 0.138248 0)
(0.149231 0.119138 9.38143e-18)
(0.202307 -0.102451 0)
(0.159504 0.635667 -1.55279e-17)
(0.179443 0.728333 0)
(0.124101 0.129006 -8.07895e-18)
(0.136787 -0.0676706 3.79379e-17)
(0.140852 -0.0684743 -3.73838e-17)
(0.119459 0.412002 -6.57148e-20)
(-0.00211915 -0.149203 -1.97825e-17)
(-0.251827 -1.13624 1.80101e-17)
(0.203367 -0.175085 0)
(0.256723 -0.168135 3.35088e-17)
(0.524909 0.571427 8.79387e-18)
(0.220675 0.0836806 -3.75089e-17)
(-0.00246319 -0.117934 -1.10105e-17)
(0.147795 -0.174834 4.42727e-18)
(0.155312 0.755548 0)
(0.206443 0.308539 -1.93952e-17)
(0.185461 0.29357 9.03033e-18)
(0.123396 -0.0561776 -5.96636e-18)
(0.224423 -0.167448 -3.95503e-17)
(0.17842 -0.166273 -1.74679e-17)
(0.158989 0.733716 -1.79214e-17)
(0.147156 0.744805 2.39093e-17)
(0.0391415 -0.14472 -1.96294e-17)
(0.263697 -0.0696529 4.88124e-17)
(0.193769 -0.122507 -5.20152e-18)
(0.0225537 -0.342835 -7.17201e-18)
(0.130427 -0.00742732 0)
(0.609573 0.533729 0)
(0.125556 0.0295257 0)
(0.142609 0.124945 -2.51359e-17)
(0.0971519 -0.137438 0)
(0.0145091 -0.33464 -9.81043e-18)
(0.0988551 -0.131233 -3.38804e-17)
(0.126365 -0.146628 1.90031e-17)
(0.198853 0.234393 1.58181e-17)
(0.0134362 -0.304134 -1.02923e-17)
(0.231099 0.0712239 2.97318e-17)
(0.0842331 -0.168768 0)
(0.148469 -0.0452495 0)
(0.161844 -0.0372053 4.71876e-17)
(0.0771705 -0.164774 0)
(0.110192 0.125062 1.81318e-17)
(0.00996778 -0.287794 2.50481e-18)
(0.154651 0.122513 2.79835e-17)
(0.184486 -0.132921 -1.87813e-17)
(-0.203734 0.162797 -2.05407e-17)
(0.19559 0.713414 1.60503e-17)
(0.426031 0.382153 -2.11604e-17)
(0.139415 0.0956864 0)
(0.12233 -0.160669 -9.2121e-18)
(0.111738 -0.0569814 0)
(0.175823 -0.0707041 0)
(0.112322 0.0764859 2.03934e-17)
(0.252735 -0.0428369 -4.8889e-17)
(0.195253 0.110061 0)
(0.124898 -0.060024 0)
(0.188396 0.615967 -4.25622e-18)
(0.253336 0.0532617 0)
(0.248317 -0.0910044 0)
(0.24867 -0.000812055 4.35927e-17)
(0.135335 -0.0668136 -2.17928e-17)
(0.490249 0.377334 0)
(0.19313 0.254777 -1.80415e-17)
(0.109727 -0.053668 2.423e-17)
(0.224735 -0.106343 -1.14428e-18)
(0.105522 -0.203388 -1.21726e-18)
(-0.152092 -1.14222 1.58265e-17)
(0.123024 -0.0198615 -2.27969e-17)
(0.052272 -0.17305 1.07445e-17)
(0.145658 0.707796 -5.48361e-18)
(0.661916 0.234942 0)
(0.134818 -0.147704 0)
(0.0598521 -0.149914 0)
(0.251611 0.0464785 2.38123e-17)
(0.0570685 -0.169881 -1.09238e-17)
(0.385829 0.405315 2.14818e-17)
(0.239523 0.0709198 1.1954e-17)
(0.0744985 -0.220076 0)
(0.30379 -0.0208886 0)
(0.140028 -0.0449623 -1.37561e-17)
(0.110299 -0.185207 0)
(0.106606 -0.107037 -9.50841e-18)
(0.215784 0.0796487 0)
(0.250844 0.107408 0)
(0.163939 -0.101878 1.18972e-17)
(0.22706 0.0832265 2.2901e-17)
(0.111804 0.118512 0)
(0.0233304 -0.136105 0)
(0.218113 0.0931299 3.81098e-17)
(0.239486 0.0042303 -3.70014e-17)
(0.149885 -0.0613218 0)
(0.185934 -0.0979096 -1.11471e-17)
(0.0552766 -0.373454 2.34695e-17)
(0.150944 -0.0822652 -7.5253e-17)
(0.23431 0.0261992 -2.42901e-17)
(0.107953 0.119698 -2.36193e-17)
(0.247182 0.0324324 2.55475e-17)
(0.34288 0.509336 0)
(0.18673 0.119118 -1.46073e-18)
(0.279829 0.546108 -1.88715e-17)
(0.0232607 -0.10635 0)
(0.0397172 -0.376563 0)
(0.150309 0.0930457 -2.11785e-17)
(0.0171382 -0.378517 1.65359e-17)
(0.110224 -0.0478856 1.93675e-17)
(0.123276 0.131052 1.28749e-17)
(0.0868034 -0.251243 2.17451e-17)
(0.327214 0.418633 1.82973e-17)
(0.318933 0.00797333 -1.23228e-17)
(0.291058 0.50568 -1.92891e-17)
(0.174132 -0.0610991 0)
(0.108232 -0.10345 1.88438e-17)
(0.427328 0.512503 -3.69175e-17)
(0.121464 0.119642 -3.64593e-17)
(0.0846353 0.000863539 3.70811e-17)
(0.186479 -0.0432202 -2.91389e-17)
(0.284688 -0.0375188 2.70789e-17)
(0.246681 0.0141616 9.48208e-18)
(0.220865 0.464085 0)
(0.00450823 -0.2513 -2.3727e-17)
(0.0164254 -0.145756 2.15551e-17)
(0.207955 -0.178738 -2.91673e-18)
(0.0418471 -0.301653 -2.825e-18)
(0.134309 0.137965 5.36701e-18)
(0.0168707 -0.382954 2.91357e-17)
(0.211862 0.579749 1.65259e-17)
(0.217093 0.423052 1.78166e-17)
(0.0109048 -0.0438158 0)
(0.103878 -0.124021 0)
(0.166538 0.154405 -1.07665e-17)
(0.184645 0.331506 1.89882e-17)
(0.0520503 -0.0904744 1.00936e-17)
(0.239432 -0.0083814 -9.86713e-18)
(0.060329 0.00774268 1.34377e-17)
(0.174046 -0.194473 1.79253e-17)
(0.217123 -0.210914 0)
(0.0762164 0.0302938 0)
(0.275034 -0.133627 -1.11086e-17)
(0.0945457 0.00968902 0)
(0.0800141 0.0676555 -3.91882e-17)
(0.118357 0.107053 3.15976e-17)
(0.101566 0.0881264 2.03266e-17)
(0.272576 -0.0668229 0)
(0.250746 -0.0352955 1.90905e-17)
(0.272962 -0.0979613 -1.02828e-17)
(0.143584 -0.00408038 2.00543e-17)
(0.202985 -0.0206977 1.74534e-17)
(0.360544 -0.0966533 0)
(0.00206513 -0.238317 3.82015e-17)
(0.23932 0.0539281 2.42534e-18)
(0.0833245 0.0808476 1.03568e-17)
(0.326592 0.465609 0)
(0.237358 0.0408993 -2.59023e-17)
(0.0823971 0.0800921 2.96071e-17)
(0.142649 -0.124701 0)
(0.224846 0.699887 -1.36825e-20)
(0.0815401 0.0606758 0)
(0.0780498 0.0323576 0)
(0.154096 -0.0703143 -1.00755e-17)
(0.179774 0.704358 0)
(0.285371 0.414094 -3.70099e-17)
(0.235323 0.0164553 5.98571e-18)
(0.516026 -0.194446 0)
(0.263717 -0.173017 0)
(0.446001 0.339586 0)
(0.0951898 0.105912 1.21633e-17)
(0.295413 0.600415 1.88557e-17)
(0.0790382 -0.193795 1.27344e-18)
(0.316692 0.552481 1.89237e-17)
(0.12336 0.132936 5.37749e-18)
(0.679676 -1.03027 0)
(0.105087 -0.296751 -2.25049e-17)
(-0.00582285 -0.112586 1.79886e-17)
(0.149586 0.0468742 2.63676e-17)
(0.494439 0.28571 1.4759e-17)
(0.161416 0.119192 -3.41866e-17)
(0.274685 -0.0328408 -5.91928e-18)
(0.100852 -0.149387 -1.14782e-17)
(0.128134 -0.313498 0)
(0.0648589 -0.170896 0)
(0.110468 -0.315726 0)
(0.737155 0.506973 0)
(0.512218 0.24081 -1.44554e-17)
(0.0903145 -0.161075 -2.06243e-17)
(0.200995 0.105948 0)
(0.66721 0.392816 -1.90291e-17)
(0.199172 -0.135944 2.63845e-17)
(0.145104 -0.32075 0)
(0.0200521 -0.0708805 -1.29731e-17)
(0.669457 0.436286 0)
(0.130541 -0.326241 0)
(0.100898 -0.1067 2.4687e-17)
(0.542253 0.221814 0)
(0.229879 -0.0421748 1.35163e-17)
(0.220097 -0.0319859 -6.07494e-18)
(0.162767 -0.0626107 2.21968e-17)
(0.215905 -0.0609225 4.95466e-17)
(0.245296 0.178584 -1.86816e-17)
(0.178214 -0.181356 1.48957e-17)
(0.0438293 -0.330726 0)
(0.683476 0.402332 0)
(0.0517179 -0.321485 6.66603e-17)
(0.114691 -0.0298909 0)
(0.242218 -0.135831 3.54304e-17)
(0.206673 -0.147457 -9.78153e-18)
(0.104939 -0.130597 0)
(0.256549 0.45516 1.92169e-17)
(-0.000594287 -0.12917 -2.1327e-18)
(0.247881 -0.0202956 4.60042e-17)
(0.0991129 0.0321502 -1.16404e-17)
(0.124208 -0.110051 0)
(0.231411 -0.151508 2.01583e-17)
(0.506991 0.203203 0)
(0.0682306 -0.168719 0)
(0.138184 -0.192217 -4.31089e-17)
(0.0276024 -0.330741 3.03008e-17)
(0.426626 0.169193 1.9746e-17)
(0.0379213 -0.339176 -2.18547e-17)
(0.154485 -0.318567 2.10194e-17)
(0.170992 -0.306177 -2.09341e-17)
(0.265031 0.140612 0)
(0.234983 -0.134476 2.55814e-17)
(0.244689 -0.121257 2.05313e-17)
(0.0683122 -0.24261 0)
(0.253962 -0.111613 -2.57019e-17)
(0.255847 -0.124346 2.56804e-17)
(0.987072 0.141624 -3.63318e-17)
(0.0578817 -0.336733 -2.15948e-17)
(0.0647971 -0.256706 2.12544e-17)
(0.143822 -0.327581 0)
(0.64251 0.353262 0)
(0.173871 -0.299436 2.60674e-17)
(0.252859 -0.149374 2.05848e-17)
(0.210563 -0.0517863 -2.00512e-17)
(0.0923541 -0.150706 3.77144e-17)
(0.251031 -0.154021 -2.57476e-17)
(0.0459314 -0.0937049 1.81278e-17)
(0.420733 0.177401 4.96329e-18)
(0.0876709 -0.144498 -2.66958e-17)
(0.296098 -0.0919606 1.55691e-17)
(0.252946 0.671511 0)
(0.161019 -0.305825 -5.23059e-18)
(0.468517 0.172641 0)
(0.236238 0.0789078 -1.69614e-17)
(0.060768 -0.128658 4.29146e-18)
(0.286546 0.234391 -2.03402e-17)
(0.219495 -0.138039 -1.4815e-17)
(0.0635471 -0.32506 2.1237e-17)
(0.248078 -0.144512 -2.52882e-17)
(0.0838743 -0.358238 -2.16877e-17)
(0.383261 0.183692 -4.95755e-18)
(0.354525 -1.60178 2.33808e-17)
(0.0237712 -0.305434 2.00684e-17)
(0.166865 -0.160385 1.5674e-17)
(0.118461 -0.276434 2.15843e-17)
(0.179894 -0.295845 2.08433e-17)
(0.217301 -0.146418 2.03612e-17)
(0.318246 0.21222 2.03998e-17)
(0.345998 0.330813 1.96804e-17)
(0.0277134 -0.294697 0)
(0.00337702 -0.187713 -2.97249e-17)
(0.0406072 -0.355349 1.13877e-17)
(0.00316947 -0.195531 0)
(0.195347 0.791556 -2.08895e-17)
(0.882304 0.338302 1.39694e-17)
(0.0882541 -0.158327 1.10804e-17)
(0.138125 -0.276945 0)
(0.926471 -0.308987 -3.62683e-19)
(0.843996 0.286734 -1.47381e-17)
(0.292561 -0.0982844 0)
(0.375373 0.206113 2.49328e-17)
(0.57242 0.444418 -2.36136e-17)
(0.200157 -0.188358 5.13561e-18)
(0.583324 0.315984 1.94615e-17)
(0.339348 0.262756 4.96205e-18)
(0.814925 0.128267 1.94692e-17)
(-0.241465 0.10964 1.92348e-17)
(-0.203598 -0.542857 -3.53147e-17)
(0.778826 0.347051 -1.93059e-17)
(0.606554 0.321084 1.93429e-17)
(0.0444695 -0.376541 1.89206e-17)
(0.0388024 -0.307202 0)
(0.837064 0.490825 0)
(0.756628 0.413283 1.89136e-17)
(0.0924545 -0.135044 2.05025e-17)
(0.0141916 -0.248956 4.4319e-17)
(0.423631 0.357504 0)
(0.567544 0.324017 -1.95255e-17)
(0.100969 -0.337711 5.31991e-18)
(0.0989068 0.433396 0)
(0.240777 -0.145263 -3.57119e-17)
(0.0278278 -0.0615589 -2.10036e-17)
(0.0783245 -0.333946 -5.23084e-17)
(0.0695299 -0.367372 -2.20168e-17)
(0.110987 0.10907 0)
(0.0848766 0.0800018 3.19056e-17)
(0.124414 -0.320012 -5.29499e-18)
(0.195785 -0.282855 -4.1662e-17)
(0.62444 0.397825 -2.01782e-17)
(0.09634 -0.355268 -5.34622e-18)
(0.159585 -0.293206 5.22043e-18)
(0.508643 0.286096 -4.9627e-18)
(0.201093 -0.271652 -2.0753e-17)
(0.730738 0.204925 0)
(0.288253 -0.141796 1.11529e-17)
(0.143138 -0.296088 -5.26218e-18)
(0.182103 -0.171749 -5.22597e-18)
(0.357814 0.369118 0)
(0.50623 0.296861 0)
(0.0789148 -0.121222 -2.09108e-17)
(0.531372 0.320268 -1.91573e-17)
(0.212756 -0.259191 6.53865e-21)
(0.0850733 -0.363263 2.30025e-17)
(0.588846 0.282321 0)
(0.00792409 -0.212861 -2.23891e-17)
(0.0557916 -0.369681 2.90552e-18)
(0.107744 -0.325342 -5.30555e-18)
(0.0802189 -0.360245 -2.14482e-17)
(0.123428 -0.0449464 3.02035e-17)
(0.0662579 -0.0271817 1.03714e-17)
(0.36137 0.28467 -2.4861e-17)
(0.0990765 -0.3453 0)
(0.259234 0.265359 -2.0301e-17)
(0.0561539 -0.303724 0)
(0.564837 0.300495 1.95132e-17)
(0.00398159 -0.0690313 9.62916e-18)
(0.174647 -0.276457 -2.1018e-17)
(0.564469 0.277369 1.98883e-17)
(0.189674 -0.28431 -1.56663e-17)
(0.269939 0.250483 1.526e-17)
(0.023197 -0.267349 -2.21629e-17)
(0.172506 -0.295512 0)
(0.648289 0.312354 0)
(0.0693438 -0.371497 2.26781e-17)
(0.146674 -0.299295 2.10409e-17)
(0.753744 -0.0501332 0)
(0.246059 -0.109182 -2.55651e-17)
(0.194905 0.0888376 0)
(0.129933 -0.306273 -3.69467e-17)
(0.00181734 -0.185627 0)
(0.1064 -0.345591 5.32392e-18)
(0.098131 -0.357479 0)
(0.151384 -0.258878 0)
(0.128666 0.314437 0)
(0.274388 0.206173 2.03863e-17)
(0.25252 -0.108949 0)
(0.0769598 -0.351434 2.14242e-17)
(0.350797 0.505698 0)
(0.211676 -0.248753 0)
(0.15586 -0.305597 0)
(0.177215 -0.282315 -6.37941e-21)
(0.411287 0.249261 -1.9892e-17)
(0.22831 -0.24031 2.59604e-17)
(-0.0196843 0.0777272 -1.85615e-17)
(0.0425734 -0.295345 0)
(0.303163 0.599571 -5.01666e-18)
(0.214364 -0.19261 2.0615e-17)
(0.0249371 -0.100677 2.19386e-17)
(0.0197966 -0.0625021 -1.89676e-17)
(0.0958355 -0.333041 5.50104e-18)
(0.123981 0.230415 -1.97749e-17)
(0.509589 0.230819 0)
(0.110538 -0.262858 0)
(0.0534432 -0.109874 0)
(0.0625017 -0.351689 2.14236e-17)
(0.0383472 -0.109272 0)
(0.191342 -0.258914 0)
(0.103547 0.155924 0)
(0.453685 0.260933 4.97111e-18)
(0.238067 0.285418 1.52267e-17)
(0.257505 0.492509 1.18805e-21)
(0.0834387 -0.245126 5.27197e-18)
(0.148898 -0.318031 -2.10714e-17)
(0.0618823 -0.22246 -5.41929e-18)
(0.211997 -0.186409 0)
(0.305832 0.336335 -2.04499e-17)
(0.209786 -0.197469 -2.5737e-17)
(0.123307 -0.338134 -5.29658e-18)
(0.382417 0.451707 0)
(0.200627 -0.249172 0)
(0.406402 0.244144 5.38114e-20)
(0.803177 0.151635 0)
(0.200829 -0.276515 -5.19952e-18)
(0.168086 -0.159604 1.97093e-17)
(0.251503 0.232636 -2.03886e-17)
(0.238108 0.272608 -2.03222e-17)
(0.441129 0.314051 0)
(0.150923 -0.284798 0)
(0.198008 -0.238311 -2.06835e-17)
(0.217902 -0.238538 2.06535e-17)
(0.736027 0.295895 0)
(0.288374 0.635886 0)
(0.196011 0.21621 0)
(0.191216 -0.271732 -2.07905e-17)
(0.0313094 -0.214725 4.42404e-17)
(0.216607 -0.181663 5.14269e-18)
(0.344881 0.227031 -2.48531e-17)
(0.232637 0.284215 -5.09546e-18)
(0.0784329 -0.32712 -2.13249e-17)
(0.472255 0.238604 1.95026e-17)
(0.230674 0.243244 -2.56522e-17)
(0.0627467 -0.0985354 0)
(0.236843 0.291265 0)
(0.0772541 0.093526 0)
(0.226825 -0.177051 5.13726e-18)
(0.211384 -0.203547 5.16525e-18)
(0.241001 0.288742 0)
(0.0833183 -0.313902 0)
(0.235741 -0.171215 -2.05368e-17)
(0.458725 0.207368 0)
(0.255233 -0.133755 0)
(0.206398 -0.208768 -1.55265e-17)
(0.204592 -0.230411 2.06628e-17)
(0.191199 0.203619 2.03884e-17)
(0.222471 -0.18212 -5.13922e-18)
(0.150995 0.104468 5.21172e-18)
(0.213902 -0.230181 0)
(0.194286 -0.219658 2.07092e-17)
(0.277343 -0.118467 -1.30739e-17)
(0.254441 -0.143087 0)
(0.166155 -0.276806 1.56891e-17)
(0.190045 -0.272362 2.09534e-17)
(0.345568 0.151743 2.53293e-17)
(0.127034 -0.339264 0)
(0.205075 0.14955 1.45699e-21)
(0.202352 -0.22187 0)
(0.108275 0.114585 -6.66662e-18)
(0.231741 -0.176394 1.54064e-17)
(0.227836 -0.159395 -1.54266e-17)
(0.114133 -0.247648 2.10543e-17)
(0.215045 0.191437 8.86096e-18)
(0.0730339 0.0766271 0)
(0.234969 -0.166363 0)
(0.124914 -0.145182 1.80706e-17)
(0.226388 -0.196847 0)
(0.22226 0.260061 2.56191e-17)
(0.21807 -0.222387 0)
(0.217272 -0.203751 0)
(0.229851 -0.166392 -2.5703e-17)
(0.304477 0.2157 2.02849e-17)
(0.245719 0.276067 0)
(0.314009 0.188642 1.47487e-21)
(0.267933 0.247216 2.03357e-17)
(0.331091 0.120991 -5.07736e-18)
(0.264009 -0.124835 -2.05221e-17)
(0.312863 0.0470633 -5.10391e-18)
(0.219903 -0.192818 5.14189e-18)
(0.335996 0.0847052 -4.06378e-17)
(0.228891 -0.186538 2.56859e-17)
(0.220631 0.241608 0)
(0.219199 -0.209443 0)
(0.337189 0.182019 0)
(0.176916 0.146358 0)
(0.198942 -0.175306 -5.15424e-18)
(0.230045 -0.191003 -5.13735e-18)
(0.205062 -0.184468 5.14962e-18)
(0.264044 -0.122621 -2.05324e-17)
(0.177066 0.186325 -2.04555e-17)
(0.282687 0.375775 3.92679e-17)
(0.221475 -0.198166 -5.1415e-18)
(0.215048 -0.215762 0)
(0.236672 -0.178979 5.17736e-18)
(0.20432 -0.171201 0)
(0.195972 -0.159413 -2.0658e-17)
(0.0891296 -0.231606 1.57787e-17)
(0.22409 -0.187537 5.1407e-18)
(0.238346 0.275832 5.08974e-18)
(0.268666 -0.112188 2.05234e-17)
(0.202484 -0.155146 -5.1591e-18)
(0.192496 -0.140396 -3.61541e-17)
(0.230673 -0.147198 -1.543e-17)
(0.246263 -0.164252 1.54881e-17)
(0.180734 0.0722788 -9.89482e-18)
(0.226177 -0.233646 -2.59361e-17)
(0.239324 0.295142 0)
(0.240126 -0.173294 -5.12919e-18)
(0.282412 0.0433928 5.11013e-18)
(0.214045 -0.144946 -5.15219e-18)
(0.232743 -0.181043 -1.5407e-17)
(0.208947 0.114517 -2.03945e-17)
(0.217402 0.0380618 0)
(0.229491 0.287108 0)
(0.167584 -0.235401 -5.21587e-18)
(0.270529 -0.10733 -4.61926e-17)
(0.260116 0.190239 -2.0378e-17)
(0.239681 -0.169543 5.1317e-18)
(0.357516 0.0434553 -5.09403e-18)
(0.256811 -0.122351 -2.05487e-17)
(0.219946 -0.15646 5.14865e-18)
(0.271776 -0.0941194 -2.90698e-19)
(0.185735 0.0355576 0)
(0.233255 -0.155586 1.54252e-17)
(0.373569 0.0447579 2.53956e-17)
(0.273611 -0.0899816 0)
(0.200233 -0.136465 2.06547e-17)
(0.151911 0.0690331 1.04132e-17)
(0.272516 -0.102162 2.56677e-17)
(0.260487 -0.123611 0)
(0.26613 -0.104766 1.5411e-17)
(0.255024 0.0031636 -2.05729e-17)
(0.271272 -0.0993761 -5.13944e-18)
(0.261122 -0.126165 -3.09635e-21)
(0.245355 0.0792499 -1.53605e-17)
(0.18329 0.185346 1.52875e-17)
(0.258206 -0.115994 -2.568e-17)
(0.315234 0.163455 -5.0808e-18)
(0.221112 -0.141716 -5.15155e-18)
(0.223239 0.00131826 0)
(0.350306 0.0207404 2.03848e-17)
(0.266843 -0.115907 0)
(0.253669 -0.14046 1.54018e-17)
(0.266526 -0.0894544 1.84792e-17)
(0.257111 -0.0937396 0)
(0.256057 -0.114442 -2.05577e-17)
(0.256918 -0.135385 0)
(0.181183 -0.150547 4.15229e-17)
(0.269484 -0.110513 0)
(0.273193 -0.0853789 -1.97696e-17)
(0.249254 -0.155822 2.56594e-17)
(0.258134 -0.0993218 -1.55126e-17)
(0.264144 -0.112646 2.74778e-21)
(0.252624 -0.13687 5.135e-18)
(0.274114 -0.142229 -2.55661e-17)
(0.26781 -0.0853503 2.06956e-17)
(0.266421 0.157503 2.03798e-17)
(0.0760161 -0.0662219 -1.16199e-17)
(0.120399 -0.0138001 1.96307e-17)
(0.122252 0.0758544 1.28721e-18)
(0.0631264 -0.0845157 2.4845e-18)
(0.0822898 0.0769012 -9.8137e-21)
(0.0517149 -0.0247017 -4.25575e-17)
(0.135718 0.0199395 0)
(0.082341 -0.0283282 -1.8362e-17)
(0.136889 0.0461142 -3.03734e-17)
(0.210712 -0.126191 -5.36029e-17)
(0.140216 0.0670362 -2.05684e-17)
(0.0977304 -0.0203528 0)
(0.0714285 -0.0758983 3.05627e-17)
(0.102345 0.0796382 2.06557e-17)
(0.0752393 -0.049912 2.27839e-17)
(0.138761 -0.0042121 0)
(0.231558 -0.134858 1.54417e-17)
(0.132198 0.0317748 -3.20776e-17)
(0.0398516 -0.0193178 0)
(0.248669 -0.127895 -5.13938e-18)
(0.181223 -0.10475 0)
(0.247227 -0.10937 -1.54342e-17)
(0.255245 -0.133155 5.13471e-18)
(0.260922 -0.108451 0)
(0.0481779 0.0141255 0)
(0.212584 -0.128125 5.15653e-18)
(0.332563 0.0222376 -2.04452e-17)
(0.277346 0.0815869 -5.1098e-18)
(0.265538 -0.11965 1.53994e-17)
(0.31236 0.0345248 -3.58174e-17)
(0.246221 -0.161415 5.171e-18)
(0.267234 -0.112652 -1.52225e-17)
(0.199679 0.195638 0)
(0.242344 -0.106042 3.72902e-21)
(0.260963 -0.130726 2.56598e-17)
(0.207955 -0.215668 -5.15548e-18)
(0.259794 -0.0320251 -6.19394e-21)
(0.271079 -0.140603 -1.5234e-17)
(0.174539 -0.129103 -5.23457e-18)
(0.316135 0.010908 4.08172e-17)
(0.0333788 0.025207 1.91188e-17)
(0.306875 0.144611 4.57612e-17)
(0.294263 -0.10601 -2.54331e-17)
(0.258935 -0.13384 -1.5394e-17)
(0.249663 -0.123345 2.5693e-17)
(0.211087 0.262488 -4.09902e-17)
(0.259391 -0.0906032 2.05799e-17)
(0.213133 -0.174346 -2.57379e-17)
(0.24684 -0.10167 2.06393e-17)
(0.258251 -0.090208 2.69584e-21)
(0.209387 0.234802 0)
(0.222736 -0.124041 3.48362e-17)
(0.325101 0.0361953 1.5312e-17)
(0.268089 -0.0751731 2.09314e-17)
(0.232243 -0.0680221 4.05715e-17)
(0.257805 -0.134793 2.05573e-17)
(0.316231 -0.0416624 5.12605e-18)
(0.25421 -0.144986 -1.54237e-17)
(0.218863 -0.126404 -2.06227e-17)
(0.259058 -0.120109 5.14055e-18)
(0.259815 -0.115004 0)
(0.26824 -0.126439 -5.12683e-18)
(0.249333 -0.153094 -5.13638e-18)
(0.24707 -0.100045 -2.05718e-17)
(0.167489 -0.134 4.14657e-17)
(0.052165 0.0592697 -1.9421e-17)
(0.288344 -0.132484 -1.53386e-17)
(0.289239 -0.0265755 -2.05024e-17)
(0.31524 -0.112337 -1.53169e-17)
(0.18495 -0.0417212 5.15959e-18)
(0.213139 -0.123119 1.49095e-17)
(0.240072 0.117007 2.04852e-17)
(0.185831 -0.0619841 1.01443e-17)
(0.176742 -0.086125 0)
(0.0797153 0.00785344 -1.11143e-17)
(0.0531536 0.0522203 -3.59497e-17)
(0.085324 -0.123683 4.19184e-17)
(0.126804 -0.0047872 4.82235e-18)
(0.247657 -0.136117 -2.05566e-17)
(0.23925 -0.125393 5.14435e-18)
(0.148931 -0.144244 0)
(0.171185 -0.0210861 -4.26433e-17)
(0.041174 0.0416734 0)
(0.342366 -0.068594 -2.55228e-17)
(0.260117 -0.104768 2.05782e-17)
(0.233692 -0.10891 2.05945e-17)
(0.243227 -0.164293 -2.05164e-17)
(0.219173 -0.137496 2.55787e-17)
(0.257678 -0.0958676 -2.05672e-17)
(0.256939 -0.140111 0)
(0.255676 -0.132652 -4.1129e-17)
(0.236651 -0.0960976 -2.46445e-17)
(0.252382 -0.148081 2.57023e-17)
(0.303824 0.0442197 2.04584e-17)
(0.260341 -0.127973 -1.54168e-17)
(0.261806 -0.114473 0)
(0.267173 -0.114992 5.13769e-18)
(0.303518 -0.0515245 -1.02648e-17)
(0.239206 -0.161717 -5.13539e-18)
(0.327672 -0.0531594 1.53507e-17)
(0.28374 -0.12513 0)
(0.252163 -0.0582791 2.26834e-17)
(0.235027 -0.115098 -2.57421e-17)
(0.309446 -0.119957 4.59765e-17)
(0.225928 -0.0905519 0)
(0.184575 -0.0884917 1.03122e-17)
(0.238146 -0.127878 0)
(0.256032 -0.138538 5.13246e-18)
(0.200784 -0.10448 -2.58163e-17)
(0.160699 -0.00362685 -1.78321e-17)
(0.225036 -0.171064 1.54224e-17)
(0.208478 -0.095565 0)
(0.22156 -0.114399 -2.71638e-17)
(0.172797 0.171997 2.04463e-17)
(0.236438 -0.133715 -5.14565e-18)
(0.254584 -0.0681286 -2.25193e-17)
(0.369477 -0.00449023 -2.03598e-17)
(0.251843 -0.163755 -5.17109e-18)
(0.336617 -0.0888469 0)
(0.189147 -0.11914 0)
(0.252673 -0.145549 -5.13421e-18)
(0.246718 -0.144419 0)
(0.236426 -0.144687 2.57191e-17)
(0.180724 -0.0923577 0)
(0.25026 -0.147763 5.13584e-18)
(0.343814 0.0159307 0)
(0.261495 -0.127466 1.53967e-17)
(0.25388 -0.0983213 0)
(0.24423 -0.138267 2.05566e-17)
(0.320243 -0.0772515 5.10212e-18)
(0.324768 0.00472041 3.57788e-17)
(0.250352 -0.144308 -2.56712e-17)
(0.243013 -0.160514 0)
(0.292035 -0.0577794 0)
(0.267235 -0.00390645 2.01412e-17)
(0.219628 -0.110681 3.18448e-17)
(0.205501 -0.0879075 0)
(0.204137 -0.109533 0)
(0.295528 -0.122284 3.56459e-17)
(0.287896 -0.113039 2.04796e-17)
(0.29059 0.00665687 -5.21147e-18)
(0.326906 0.218815 0)
(0.30772 0.0195722 2.04664e-17)
(0.298179 -0.0448281 1.02778e-17)
(0.364276 0.145143 -5.06176e-18)
(0.261639 0.0829973 0)
(0.264222 -0.0906177 5.10257e-18)
(0.265583 0.0152142 -9.22448e-18)
(0.360811 0.0853276 0)
(0.344245 -0.0168529 0)
(0.31684 -0.0258743 -1.02436e-17)
(0.246603 -0.155707 5.13359e-18)
(0.343966 -0.0187005 -1.02075e-17)
(0.256896 -0.119765 5.14368e-18)
(0.190384 -0.095797 1.02885e-17)
(0.201883 0.215267 9.59246e-18)
(0.365548 -0.0106782 0)
(0.360335 -0.0392115 1.01966e-17)
(0.356572 0.0019787 3.96207e-21)
(0.312866 0.00709204 5.12262e-18)
(0.242294 0.208647 0)
(0.36599 -0.0296212 5.10542e-17)
(0.223536 -0.121832 2.57656e-17)
(0.362761 0.0503361 -5.07926e-18)
(0.275396 0.00644092 -1.52888e-17)
(0.319904 -0.0507837 0)
(0.206674 -0.109684 -2.68083e-17)
(0.201849 -0.105858 3.64058e-17)
(0.246693 -0.152068 -5.13505e-18)
(0.224797 -0.12062 5.1524e-18)
(0.169804 -0.105768 2.20765e-17)
(0.328321 -0.0112387 -3.07215e-17)
(0.298131 0.247027 0)
(0.279675 0.255202 -2.53622e-17)
(0.29656 0.0190794 0)
(0.257509 -0.138086 -2.05297e-17)
(0.379846 0.0517055 4.57095e-17)
(0.29605 0.156975 1.53961e-21)
(0.254342 -0.144434 2.05486e-17)
(0.298847 -0.0897226 2.5616e-17)
(0.253864 -0.134523 0)
(0.255694 -0.140927 -5.13407e-18)
(0.26053 -0.132836 1.53964e-17)
(0.233379 0.288156 0)
(0.280026 0.0468412 5.39462e-18)
(0.346889 0.152489 2.02762e-17)
(0.238658 -0.156607 -1.54102e-17)
(0.247626 -0.175006 0)
(0.343132 -0.0752469 0)
(0.378699 0.022859 0)
(0.608589 0.190564 0)
(0.243095 -0.152771 2.05501e-17)
(0.320283 0.217119 2.49542e-17)
(0.250605 -0.159682 -2.06423e-17)
(0.369878 0.11378 -5.06454e-18)
(0.312664 0.107272 -2.03794e-17)
(0.258638 -0.131359 1.54004e-17)
(0.29169 0.0409685 0)
(0.249206 -0.156335 5.12166e-18)
(0.230728 0.153709 4.59918e-17)
(0.339509 0.19897 0)
(0.353417 -0.0514969 -2.55311e-17)
(0.220578 0.181888 -5.10633e-18)
(0.317365 0.133946 -1.52545e-17)
(0.311043 0.231867 0)
(0.299113 -0.0315774 3.51415e-21)
(0.377433 0.0724086 -4.06274e-17)
(0.296971 -0.00421101 -5.22242e-18)
(0.254593 -0.143641 0)
(0.184705 0.175977 0)
(0.177036 -0.094913 -1.71151e-17)
(0.247586 -0.16646 -4.58834e-21)
(0.37675 0.0194373 -2.03166e-17)
(0.343823 -0.0385777 -1.53629e-17)
(0.361059 0.161702 -2.02367e-17)
(0.196 -0.11652 0)
(0.270909 0.0266842 2.40152e-17)
(0.307681 -0.0200057 1.03654e-17)
(0.350693 0.184705 3.07849e-21)
(0.287732 0.0285473 -5.21999e-18)
(0.203731 0.234321 0)
(0.23742 -0.174738 -3.57772e-17)
(0.249731 -0.147089 -4.13865e-17)
(0.257745 0.089893 0)
(0.288812 0.114815 2.04021e-17)
(0.363915 0.147588 2.02582e-17)
(0.213739 -0.16053 0)
(0.238638 0.18884 -2.03842e-17)
(0.250485 -0.154074 -2.05037e-17)
(0.251519 -0.146517 2.11414e-17)
(0.294003 0.24662 1.52131e-17)
(0.266638 0.100118 0)
(0.1531 0.198851 -2.03269e-17)
(0.337244 0.135253 -2.03116e-17)
(0.305871 -0.00664949 5.22059e-18)
(0.252267 -0.152865 0)
(0.318198 0.219762 0)
(0.302491 0.121285 -1.52572e-17)
(0.247057 -0.162227 2.05165e-17)
(0.305585 0.118292 -5.0922e-18)
(0.27932 0.102039 0)
(0.143606 0.183928 0)
(0.264414 -0.120574 -3.59255e-17)
(0.301362 -0.103639 -5.11892e-18)
(0.162589 -0.111205 5.56071e-18)
(0.379931 0.107588 2.53344e-17)
(0.322574 -0.0709744 1.53607e-17)
(0.306307 -0.0764481 -3.58596e-17)
(0.335813 0.168481 -2.53459e-17)
(0.323378 0.201135 -2.02646e-17)
(0.303035 0.230416 2.53305e-17)
(0.337424 0.187612 4.55971e-17)
(0.314681 -0.104507 1.53302e-17)
(0.328981 -0.0868813 -1.53295e-17)
(0.227372 0.13486 -5.20371e-18)
(0.242366 -0.147286 0)
(0.370496 0.123291 -4.05175e-17)
(0.279253 -0.105563 -2.05133e-17)
(0.274833 0.0843903 -2.0459e-17)
(0.244149 -0.162505 2.05064e-17)
(0.381121 0.0769595 -2.02719e-17)
(0.271441 0.243087 0)
(0.245697 0.257344 0)
(0.0848078 -0.340661 0)
(0.264323 -0.115117 2.05366e-17)
(0.214593 0.270946 0)
(0.21612 0.162188 -1.53281e-17)
(0.300285 0.0953337 0)
(0.198746 0.153581 0)
(0.203651 0.208837 0)
(0.231037 0.231342 -5.09124e-18)
(0.285465 0.0941846 0)
(0.21834 -0.169768 2.05822e-17)
(0.270799 -0.110735 -5.12889e-18)
(0.270486 0.251335 0)
(0.158045 0.156498 -2.59041e-17)
(0.242876 -0.175351 -2.06072e-17)
(0.207643 0.184112 0)
(0.26832 -0.108759 5.13322e-18)
(0.168533 -0.177085 0)
(0.236046 -0.196768 1.55751e-17)
(0.212088 0.200033 0)
(0.18535 0.228837 0)
(0.241232 -0.179476 -2.06703e-17)
(0.245762 0.239858 0)
(0.288972 0.223346 -2.03115e-17)
(0.228709 0.21413 5.08906e-18)
(0.241791 -0.170171 0)
(0.300442 -0.0652024 1.53936e-17)
(0.258627 0.211441 5.08309e-18)
(0.159326 0.191914 0)
(0.154783 0.144272 -1.39021e-17)
(0.275865 -0.0963917 -2.56805e-17)
(0.246705 -0.168827 4.94753e-21)
(0.242348 0.289679 -2.03172e-17)
(0.189927 0.240392 2.05333e-17)
(0.27388 0.233701 -2.0296e-17)
(0.305421 0.0582592 0)
(0.211165 0.266461 -1.5359e-17)
(0.23315 0.258303 0)
(0.27887 -0.0833346 -2.05714e-17)
(0.290069 0.204012 0)
(0.329272 0.104847 5.08354e-18)
(0.234411 0.283593 5.07788e-18)
(0.301827 0.173738 0)
(0.270087 0.268177 5.07864e-18)
(0.210649 0.129461 1.78997e-17)
(0.25989 0.231084 1.5253e-17)
(0.764899 0.486342 0)
(0.328629 0.0537766 -1.53174e-17)
(0.241624 -0.176924 0)
(0.18658 0.154002 0)
(0.19639 0.136466 -1.84328e-17)
(0.256586 0.260375 0)
(0.238229 -0.182395 0)
(0.279919 0.0575537 -5.34321e-18)
(0.143062 -0.145105 2.61209e-17)
(0.241906 0.27921 -2.03193e-17)
(0.362221 0.11102 -2.03009e-17)
(0.170547 -0.259126 2.14736e-17)
(0.177473 0.232717 2.0883e-17)
(0.250671 0.28546 0)
(0.272907 0.199064 -5.08753e-18)
(0.180033 0.163295 0)
(0.110352 -0.114847 -1.08018e-17)
(0.25311 0.275534 -1.37971e-20)
(0.281119 0.257246 0)
(0.276795 -0.0688462 -2.61452e-17)
(0.190652 0.168005 0)
(0.225092 0.261002 -5.10536e-18)
(0.188718 0.235494 1.6302e-17)
(0.23837 -0.185489 2.06523e-17)
(0.240621 0.289204 2.03305e-17)
(0.332608 0.0881294 1.52696e-17)
(0.16363 0.146976 -8.57832e-18)
(0.364362 0.0874801 4.06047e-17)
(0.258091 0.275522 2.03043e-17)
(0.223308 0.270114 -5.10888e-18)
(0.236767 0.284022 0)
(0.215918 0.244697 0)
(0.291043 0.215776 1.99513e-17)
(0.344359 0.118121 1.52315e-17)
(0.281183 -0.0729613 2.61489e-17)
(0.128034 -0.129315 -5.18466e-18)
(0.305081 0.193788 0)
(0.119282 -0.128948 0)
(0.280404 -0.0984863 0)
(0.229468 -0.182715 -2.0577e-17)
(0.2498 0.26447 0)
(0.282542 0.241378 -2.02773e-17)
(0.233362 -0.180389 3.62157e-17)
(0.232147 0.18992 4.08272e-17)
(0.247819 0.158528 -2.04009e-17)
(0.27925 -0.0867105 0)
(0.260692 0.146444 -2.04185e-17)
(0.347393 0.07899 0)
(0.247229 0.28098 0)
(0.206195 0.238063 0)
(0.149627 0.170149 1.54274e-17)
(0.452672 0.255242 0)
(0.1145 -0.341112 0)
(0.318059 0.0639952 0)
(0.122278 0.141607 0)
(0.178505 -0.242199 -5.20801e-18)
(0.380094 0.230767 0)
(0.274527 -0.09912 2.56655e-17)
(0.228951 0.26897 -5.08327e-18)
(0.455815 0.224257 0)
(0.279773 0.123589 -2.04061e-17)
(0.345929 0.0580902 -5.0919e-18)
(0.116984 -0.132428 5.39485e-18)
(0.218265 0.228755 0)
(0.117139 0.13472 -1.99113e-17)
(0.234601 0.259392 -2.03309e-17)
(0.293531 0.06415 5.2136e-18)
(0.13712 0.162596 -1.54095e-17)
(0.259699 0.107982 2.60494e-17)
(0.138877 -0.146229 -2.08251e-17)
(0.224901 0.258595 0)
(0.237567 -0.186422 0)
(0.233237 -0.18669 0)
(0.306912 0.266332 0)
(0.165045 0.164781 -1.53462e-17)
(0.280628 0.235708 -5.07384e-18)
(0.236111 0.249467 2.0346e-17)
(0.235645 -0.185726 1.22551e-17)
(0.265774 0.120438 -5.1544e-18)
(0.109523 -0.119206 2.17692e-17)
(0.249115 0.246469 0)
(0.146784 0.138463 -1.62374e-17)
(0.282751 0.167387 5.09239e-18)
(0.286619 -0.0890912 0)
(0.233781 0.270426 -2.03333e-17)
(0.269304 0.179532 5.08808e-18)
(0.352983 0.206553 -2.50038e-17)
(0.153533 -0.162573 0)
(0.251744 0.24609 -4.06616e-17)
(0.264476 0.198377 0)
(0.277086 0.216332 0)
(0.0687802 -0.211827 5.40943e-18)
(0.307545 0.20254 0)
(0.187198 0.159949 -1.53155e-17)
(0.146216 0.159563 -5.12426e-18)
(0.128908 -0.144939 -2.61752e-17)
(0.317648 0.0794729 5.10174e-18)
(0.304424 0.0841283 0)
(0.186764 -0.225117 -4.15329e-17)
(0.184833 0.223662 5.01759e-18)
(0.276481 0.149398 1.52837e-17)
(0.236142 -0.191272 -1.54789e-17)
(0.21429 0.244407 -2.0395e-17)
(0.204031 0.214684 0)
(0.285813 -0.0821559 2.05406e-17)
(0.224776 0.263298 4.57408e-17)
(0.126212 0.100064 -2.70106e-17)
(0.252519 0.177519 2.03859e-17)
(0.104412 -0.232246 -2.10671e-17)
(0.166874 0.143142 -1.8266e-17)
(0.165033 0.155357 -5.11796e-18)
(0.288093 0.139002 -2.03879e-17)
(0.28028 0.221427 0)
(0.392314 0.183246 0)
(0.237202 -0.182585 -5.18167e-18)
(0.0542298 -0.359707 0)
(0.243005 0.261301 2.54764e-17)
(0.287694 -0.0655786 0)
(0.269941 0.26757 0)
(0.293143 0.236097 2.54372e-17)
(0.284828 0.208493 0)
(0.289648 -0.0707115 -2.05419e-17)
(0.257897 0.237349 3.03871e-20)
(0.255023 0.273931 -2.03536e-17)
(0.227669 -0.182939 2.06654e-17)
(0.131919 -0.326976 5.27974e-18)
(0.427739 0.0758875 1.85285e-17)
(0.289772 -0.0536508 -2.54937e-17)
(0.236544 -0.183386 0)
(0.0592685 -0.289877 0)
(0.220406 -0.253137 6.26459e-21)
(0.25516 0.130288 0)
(0.139205 -0.274683 -5.25447e-18)
(0.278502 0.0766044 2.03815e-17)
(0.235926 0.1974 -1.50307e-17)
(0.144273 0.135846 1.81808e-17)
(0.0248188 -0.256008 -2.13573e-17)
(0.24115 0.166083 0)
(0.292416 0.0751551 0)
(0.240251 0.125823 -5.20867e-18)
(0.214491 0.159061 0)
(0.349217 0.213137 -2.02404e-17)
(0.0993257 -0.313192 -5.30691e-18)
(0.236012 -0.190005 1.54751e-17)
(0.13859 -0.204705 5.23534e-18)
(0.190185 0.153962 0)
(0.154333 0.169777 -2.62573e-17)
(0.277325 0.231599 0)
(0.176628 0.175864 5.15872e-18)
(0.316055 0.197344 2.01161e-17)
(0.129776 -0.177927 0)
(0.248565 0.267555 0)
(0.130592 0.12407 9.44642e-18)
(0.227809 0.217284 -2.0418e-17)
(0.1474 -0.162555 2.61642e-17)
(0.285042 0.224921 0)
(0.236124 -0.193754 -2.06733e-17)
(0.308628 0.217942 2.0155e-17)
(0.25419 0.253817 2.0315e-17)
(0.247646 0.248169 4.54162e-18)
(0.210154 0.182418 -4.64239e-18)
(0.214543 0.159301 -2.14842e-17)
(0.157702 -0.178092 1.57597e-17)
(0.226641 0.226858 -4.50574e-18)
(0.318099 0.211697 -2.01788e-17)
(0.240202 0.172399 -2.08103e-17)
(0.0998768 -0.120094 -2.27526e-17)
(0.356946 0.213623 2.50066e-17)
(0.119737 -0.29519 2.11217e-17)
(0.0829111 -0.215269 -2.15857e-17)
(0.129103 -0.245078 5.25364e-18)
(0.216159 0.166849 1.94957e-17)
(0.268765 0.182714 -2.00853e-17)
(0.0427752 -0.226119 -1.65812e-17)
(0.272005 0.245067 0)
(0.289101 0.302171 0)
(0.343252 0.207933 -2.00741e-17)
(0.139806 -0.191501 -5.24722e-18)
(0.132239 -0.231204 -5.24856e-18)
(0.151515 -0.191457 2.10419e-17)
(0.349314 0.184666 -1.99669e-17)
(0.227864 -0.201247 0)
(0.373182 0.0709708 1.04513e-17)
(0.320472 0.194658 -1.99872e-17)
(0.145224 -0.228581 -4.86349e-21)
(0.0916493 -0.280219 0)
(0.29521 0.190117 2.00749e-17)
(0.081251 -0.187324 -1.21652e-18)
(0.343952 0.207241 -4.97335e-18)
(0.148471 -0.177548 0)
(0.245662 -0.168699 5.16881e-18)
(0.0850959 -0.296685 2.24773e-17)
(0.234059 -0.190466 -2.07933e-17)
(0.141448 -0.259214 5.2473e-18)
(0.0511815 -0.251289 0)
(0.035672 -0.269606 -5.34885e-18)
(0.740848 0.014639 0)
(0.389628 0.162475 0)
(0.0878131 -0.203861 0)
(0.108083 0.12254 2.81078e-17)
(0.1168 -0.192203 0)
(0.237145 -0.188038 0)
(0.245849 0.103107 -1.78941e-17)
(0.212237 0.537895 -9.99881e-22)
(0.147585 -0.216062 0)
(0.0762038 -0.27916 -2.11231e-17)
(0.114591 -0.347134 0)
(0.334957 0.193803 -2.00528e-17)
(0.560321 0.223694 -1.9883e-17)
(0.103234 -0.298397 5.28528e-18)
(0.179225 -0.254716 5.20842e-18)
(0.0738344 -0.294381 0)
(0.103973 -0.192507 -5.45088e-18)
(0.123107 -0.279457 0)
(0.2322 -0.195925 0)
(0.334597 -0.559825 -9.48755e-18)
(0.125882 -0.205532 -5.2596e-18)
(0.34204 0.185275 1.49742e-17)
(0.449618 0.121329 -2.04799e-17)
(0.228559 0.699096 -1.9168e-17)
(0.274967 0.481178 7.06687e-19)
(0.00826985 -0.37657 0)
(0.235788 0.109588 4.41284e-18)
(0.0945144 -0.264373 0)
(0.217138 -0.188565 1.42938e-17)
(0.13013 0.129151 4.38301e-17)
(0.109228 -0.219212 2.10848e-17)
(0.25253 0.374307 -2.09928e-17)
(0.20555 0.188216 2.54505e-17)
(0.351247 0.181935 4.95892e-18)
(0.402415 0.269231 0)
(0.123058 -0.218545 2.63971e-17)
(0.101284 -0.205134 -1.63076e-17)
(0.231791 0.181048 -2.56251e-17)
(0.370813 0.166534 -4.98356e-18)
(0.00855396 -0.202351 0)
(0.331163 0.194194 4.0174e-17)
(0.221244 -0.193443 2.0767e-17)
(0.227195 -0.211971 2.06902e-17)
(0.304569 0.226666 5.01614e-18)
(0.691454 -0.110467 0)
(0.214936 -0.261392 2.08288e-17)
(0.264117 0.177767 0)
(0.384866 0.180138 -4.95833e-18)
(0.361701 0.50923 0)
(0.211782 -0.20495 0)
(0.410733 0.172207 -1.48342e-17)
(0.580489 0.124235 -2.52493e-17)
(0.229728 0.567063 6.37919e-19)
(0.00603234 -0.35497 2.08154e-17)
(0.342289 0.207483 -2.03523e-17)
(0.177776 -0.220502 -2.15154e-17)
(0.326879 0.1836 -2.68919e-20)
(0.335123 0.19191 4.9829e-18)
(0.357734 0.212919 2.02449e-17)
(0.302304 0.187053 -2.92789e-20)
(0.320232 0.585054 -1.9547e-17)
(0.171093 0.200886 -2.04784e-17)
(0.120582 0.435498 0)
(0.107834 -0.165133 0)
(0.491161 0.152982 5.08382e-18)
(0.147251 0.152703 5.25845e-18)
(0.433009 0.236844 -4.94502e-18)
(0.417038 0.194993 0)
(0.557566 -0.29205 0)
(0.413191 0.222315 4.94215e-18)
(0.164242 0.183518 -2.04678e-17)
(0.191098 -0.203642 0)
(0.416592 0.360219 0)
(0.11774 -0.178734 0)
(0.359327 0.210733 2.49254e-17)
(0.175127 -0.15438 -2.05603e-17)
(0.260594 0.177283 1.52771e-17)
(0.156171 -0.240097 -1.56961e-17)
(0.14997 0.165355 1.50512e-17)
(0.0181927 -0.211286 -2.24442e-17)
(0.155227 -0.254004 -5.2315e-18)
(0.248993 0.197867 -2.48492e-20)
(0.516693 0.00331588 -1.83871e-17)
(0.416987 0.321008 0)
(0.161694 -0.161731 -1.57157e-17)
(0.167569 -0.262616 5.21514e-18)
(0.19151 -0.183618 5.16817e-18)
(0.171474 0.745649 -1.90397e-17)
(0.355005 0.499305 4.88759e-18)
(0.0274247 -0.278297 5.92058e-18)
(0.25681 0.220658 2.84708e-20)
(0.250543 -0.123793 0)
(0.255366 -0.144541 1.52761e-17)
(0.292051 0.180432 0)
(0.310555 0.188785 -2.01516e-17)
(0.0111189 -0.273365 0)
(0.187538 -0.235374 0)
(0.0171456 -0.223357 2.26153e-17)
(0.382369 0.454277 0)
(0.304973 0.196169 -2.05946e-17)
(0.158967 -0.213931 -2.09249e-17)
(0.384403 0.256356 0)
(0.230342 -0.126094 -2.56274e-17)
(0.459409 0.229593 -5.0122e-18)
(0.213325 0.238324 1.5289e-17)
(0.246756 -0.102845 -1.53925e-17)
(0.185077 -0.241287 2.12346e-17)
(0.405219 0.202616 2.01554e-17)
(0.380314 0.204888 -4.97605e-18)
(0.165993 0.191264 1.81663e-20)
(0.356471 0.214325 0)
(0.184722 0.21273 5.11848e-18)
(-0.082608 -0.207172 1.96413e-19)
(0.256185 -0.125478 -5.14379e-18)
(0.25351 -0.112493 2.04966e-17)
(0.234378 0.175489 5.10886e-18)
(0.476859 0.179102 0)
(0.177931 -0.219684 -5.11706e-21)
(0.341841 0.213252 1.52509e-17)
(0.278823 0.190721 -2.02016e-17)
(0.250824 0.229502 -5.05738e-18)
(0.0135686 -0.182844 2.56523e-17)
(0.492025 0.217347 0)
(0.010106 -0.212022 0)
(0.00235658 -0.273061 0)
(0.255322 -0.10954 5.13853e-18)
(0.255573 -0.134109 0)
(0.600832 0.0766643 2.10683e-17)
(0.315255 0.221931 -2.02959e-17)
(0.204753 -0.0691609 2.14885e-17)
(0.251314 -0.152016 5.14361e-18)
(0.254931 -0.142071 0)
(0.170935 -0.0375589 3.80444e-17)
(0.207308 0.178826 5.08637e-18)
(0.222514 0.207243 2.03693e-17)
(0.231689 0.231889 -1.53023e-17)
(0.410822 0.219675 -1.51615e-17)
(0.252821 -0.150918 0)
(0.389593 0.341158 0)
(0.168273 -0.223514 4.69452e-17)
(0.00807028 -0.134918 0)
(0.200845 0.225431 -2.04516e-17)
(0.245186 -0.171004 -5.17816e-18)
(0.271902 0.195483 0)
(0.24428 0.20654 4.06926e-17)
(0.0496689 -0.26558 0)
(0.306499 0.227672 2.53876e-17)
(0.3536 0.587945 0)
(0.388415 0.218704 0)
(0.205188 -0.255449 0)
(0.1984 -0.19974 0)
(0.166953 -0.144949 1.20436e-17)
(0.349108 0.157979 0)
(0.21945 0.218021 -2.5507e-17)
(0.237136 -0.190111 0)
(0.176301 -0.18968 2.09582e-17)
(0.199884 -0.206931 2.07798e-17)
(0.394918 0.377905 1.94466e-17)
(0.216658 -0.22269 5.22928e-18)
(0.217845 -0.249965 0)
(0.029859 -2.95989 3.25739e-17)
(0.367376 0.44715 -2.44578e-17)
(0.0278374 -0.226401 0)
(0.170124 0.196701 0)
(0.186515 0.21863 -2.04927e-17)
(0.187404 -0.168908 0)
(0.181849 -0.0922581 2.59883e-17)
(0.188793 -0.172529 -3.96291e-17)
(0.160336 -0.202458 -2.09636e-17)
(0.224863 -0.219187 -1.55468e-17)
(0.167542 0.544813 1.03715e-17)
(0.235955 -0.20226 -1.56274e-17)
(0.203441 -0.239188 0)
(9.17325e-05 -0.137416 0)
(0.174571 -0.176578 -5.21522e-18)
(0.243251 -0.173144 5.16059e-18)
(0.233072 -0.230213 -5.20238e-18)
(0.184834 -0.197757 0)
(0.234523 -0.191914 0)
(0.228803 -0.234739 2.60394e-17)
(0.229205 -0.220478 -2.60821e-17)
(0.203701 -0.195854 -5.17007e-18)
(0.260046 -0.131898 5.11553e-18)
(0.228523 0.240327 2.54764e-17)
(0.183667 0.196801 0)
(0.193322 0.223885 1.53532e-17)
(0.0371429 -0.256291 5.3418e-18)
(0.24004 -0.108367 2.05412e-17)
(0.0217287 -0.246159 0)
(0.122461 0.122773 1.03558e-17)
(0.120394 -0.114114 0)
(0.257468 -0.118142 -5.12573e-18)
(0.24859 -0.159921 5.14767e-18)
(0.00938713 -0.355597 4.76959e-17)
(0.19993 0.216195 5.11036e-18)
(0.178265 -0.209618 0)
(0.1451 0.171 1.54186e-17)
(0.124024 0.140735 -4.99321e-18)
(0.256543 -0.119755 -5.13473e-18)
(0.138474 0.160142 5.14967e-18)
(0.412632 0.375387 0)
(0.210975 -0.180139 -4.01143e-17)
(0.235313 -0.208699 0)
(0.170203 -0.201309 0)
(0.240173 -0.179222 2.58466e-17)
(0.198186 -0.03548 0)
(0.253759 -0.146831 -5.12426e-18)
(0.159854 0.19131 0)
(0.118284 0.135355 0)
(0.231272 -0.207173 -2.0739e-17)
(0.128107 0.13494 -2.86706e-17)
(0.0201224 -0.177871 0)
(0.324976 0.123921 1.60189e-18)
(0.237805 -0.208564 0)
(0.198919 -0.0672431 2.04242e-17)
(0.231617 -0.197959 0)
(0.250798 -0.157486 0)
(0.0487911 -0.215296 -5.45764e-18)
(0.156936 -0.141106 2.08773e-17)
(0.190357 -1.81704 -3.23349e-17)
(0.243215 -0.170195 -2.57593e-17)
(0.242173 -0.177505 4.12037e-17)
(0.246985 0.577198 -1.97184e-17)
(0.0403976 -0.181905 2.13963e-17)
(0.236542 -0.219355 -5.1912e-18)
(0.233871 -0.188478 -2.06437e-17)
(0.235052 -0.195901 5.18066e-18)
(0.224637 -0.207479 0)
(0.234291 -0.209382 2.07484e-17)
(0.191383 -0.195594 5.20644e-18)
(0.168349 -0.19005 -4.19391e-17)
(0.193605 -0.211323 0)
(0.0464992 -0.195769 0)
(0.186282 -0.206772 0)
(0.177951 -0.0909134 -2.07314e-17)
(0.237893 -0.201609 -5.20532e-18)
(0.22432 -0.0826542 0)
(0.239871 -0.0721187 0)
(0.229025 -0.224203 -5.17628e-18)
(-0.0015479 -0.176972 3.68848e-17)
(0.186086 -0.185889 -5.19034e-18)
(0.0180762 -0.366967 -2.44201e-17)
(0.231064 -0.0482764 -2.21319e-17)
(0.1102 -0.134696 2.01723e-17)
(0.127724 -0.0584805 1.1047e-17)
(0.217567 -0.177796 2.06855e-17)
(0.233799 -0.216854 5.16729e-18)
(0.262455 -0.0416747 0)
(0.13027 0.140557 0)
(0.107952 0.111178 6.02379e-18)
(0.147757 -0.120358 -2.1668e-17)
(0.248355 -0.162196 -5.15341e-18)
(0.232957 -0.200801 2.06936e-17)
(0.240127 -0.181953 -2.58336e-17)
(0.124779 -0.147951 5.36222e-18)
(0.0729249 0.689128 0)
(0.205428 0.722702 1.84647e-17)
(0.126448 -0.163514 0)
(0.137315 0.747537 1.4741e-17)
(0.202323 -0.0459064 -2.20585e-17)
(0.50446 0.545621 -1.34051e-17)
(0.0521202 -0.217492 0)
(0.224479 0.379759 2.03243e-17)
(-0.473647 -0.131097 3.85838e-17)
(0.227104 -0.185524 -2.32812e-17)
(0.250954 0.0746366 -1.88258e-17)
(0.131653 -0.126737 0)
(0.173754 0.140743 0)
(0.159034 0.138618 0)
(0.170933 0.147655 2.35963e-17)
(0.141147 -0.0965983 -2.0121e-17)
(0.131041 0.135869 0)
(0.267694 0.647977 5.0876e-18)
(0.213763 0.343226 5.7467e-18)
(0.0979156 0.128771 -1.60067e-17)
(0.0436297 -0.249166 0)
(0.112338 0.150072 0)
(0.242253 -0.0819577 0)
(0.252885 -0.176186 0)
(0.137934 0.667265 0)
(0.267475 -0.0234005 -3.47989e-17)
(0.148181 0.759852 0)
(0.265553 -0.0524987 0)
(0.154601 -0.0895115 1.12345e-17)
(0.0729853 0.747347 0)
(0.285444 -0.0492022 -1.62515e-17)
(0.194651 0.705472 1.98624e-17)
(0.151828 -0.143917 -1.56452e-17)
(0.287194 -0.0628466 -1.60447e-17)
(0.275471 -0.0138117 1.03619e-17)
(0.292915 -0.0274814 0)
(0.0836 0.460265 0)
(0.75684 -0.646318 2.1195e-17)
(0.482098 0.363116 -1.48599e-20)
(0.00707336 -0.339905 -3.66396e-17)
(0.26557 0.0679755 0)
(0.29634 0.491094 -2.15824e-17)
(0.00355041 -0.296983 1.25664e-17)
(0.28776 -0.124803 0)
(-0.181909 -0.424178 -3.98288e-17)
(0.200707 0.0669706 1.05954e-17)
(0.198113 0.0534154 2.21326e-17)
(0.0852826 -0.0380961 2.19895e-17)
(0.178484 0.10895 2.0317e-17)
(0.164322 0.110596 0)
(0.213213 0.0384225 1.82488e-17)
(0.0816172 -0.035672 1.79546e-17)
(0.204426 0.0778182 -5.4313e-18)
(0.193793 0.103887 0)
(0.149747 0.11277 0)
(0.2019 0.0924005 4.36669e-17)
(0.105448 -0.0590371 -2.22012e-17)
(0.211869 0.0485461 -2.91009e-17)
(0.0766479 -0.0367906 0)
(0.130495 0.0399338 -2.10779e-17)
(0.129546 0.0348309 0)
(0.0601996 -0.0308257 4.20264e-17)
(0.131326 0.0729614 -2.16668e-17)
(0.112891 0.0784886 0)
(0.148098 0.0273255 3.51674e-17)
(0.0697336 -0.0387638 2.06576e-17)
(0.0530472 -0.0258239 0)
(0.138447 0.0560005 -1.62755e-17)
(0.119846 0.14202 -1.60631e-19)
(0.213402 0.0052115 2.25487e-18)
(0.283194 -0.0686642 -3.2799e-17)
(0.108718 -0.253505 2.1555e-17)
(0.168646 0.30688 3.3662e-17)
(0.154043 0.26043 -2.26217e-17)
(0.137567 0.0041228 2.16482e-17)
(0.135549 -0.16224 -5.45334e-18)
(0.0758534 -0.27526 -2.13293e-17)
(0.154708 -0.218285 4.44772e-17)
(0.00533695 -0.234064 -2.437e-17)
(0.0196667 -0.339856 -2.47178e-17)
(0.265345 -0.128002 1.11909e-17)
(0.151673 0.159386 -6.746e-18)
(0.112448 -0.0874195 2.40709e-17)
(0.110663 -0.073644 2.96912e-18)
(0.197542 0.681299 0)
(0.0152344 -0.287951 -2.27422e-17)
(0.0697303 -0.185476 -9.0948e-18)
(0.193196 -0.040271 1.98e-17)
(0.100771 -0.11573 -2.88377e-17)
(0.0982838 0.187237 2.49831e-17)
(0.1054 -0.101083 2.08296e-17)
(0.0536041 -0.188573 2.17924e-17)
(0.236825 0.659842 0)
(0.0214822 -0.299298 2.91394e-18)
(0.0642057 -0.352158 2.28665e-17)
(0.158007 -0.0790546 4.61409e-17)
(0.159851 0.135648 9.15199e-18)
(0.107639 -0.156156 0)
(0.24225 0.632829 -2.10331e-17)
(0.0777254 -0.0585219 -2.90894e-18)
(0.135381 -0.103786 0)
(0.0397775 -0.341198 -6.89061e-17)
(0.00319594 -0.376876 0)
(0.290817 -0.106762 0)
(0.00339876 -0.0966496 2.43019e-17)
(0.239031 0.092013 -1.11526e-17)
(-0.339367 -1.63103 -2.18276e-17)
(0.206116 0.370524 1.72801e-17)
(0.000772168 -0.0409057 -2.08161e-17)
(0.256136 0.628024 0)
(0.0978858 -0.168003 0)
(0.276234 0.596947 0)
(0.0843239 -0.17964 1.42746e-18)
(0.111316 -0.0832155 -4.45453e-17)
(0.197427 0.0600816 1.10046e-17)
(0.0956693 -0.0470813 -2.16003e-17)
(-0.174267 -2.12058 2.11252e-17)
(0.246897 0.275439 -6.74018e-19)
(0.0339432 -0.374665 -4.06829e-17)
(0.111554 -0.0576353 2.3119e-17)
(0.229811 0.608893 0)
(0.225803 -0.177116 0)
(0.119861 -0.233163 -1.61252e-17)
(0.0465997 -0.355071 4.57027e-17)
(0.185851 0.127633 0)
(0.242893 0.341411 1.29433e-17)
(0.0359611 -0.184918 -1.1884e-17)
(0.14477 0.128011 2.60084e-17)
(0.276106 -0.163167 0)
(0.0825459 -0.036167 -2.76732e-17)
(0.038122 -0.168949 1.17193e-17)
(0.00829304 -0.0798755 1.15843e-17)
(0.0558248 -0.375772 2.41863e-17)
(0.206695 0.494075 -2.06301e-17)
(0.115443 0.124188 0)
(0.0761203 -0.155547 0)
(0.0652803 -0.159145 0)
(0.143422 0.151822 1.43437e-17)
(0.00208218 -0.322189 2.7534e-17)
(0.153016 -0.078374 -3.08308e-21)
(0.10834 -0.0951311 1.80377e-17)
(0.106883 -0.104428 -2.09634e-17)
(0.0466428 -0.157008 -2.15545e-17)
(0.0564055 -0.161992 0)
(0.122677 -0.0423717 0)
(0.276977 -0.0577262 0)
(0.21604 -0.051607 -1.28463e-17)
(0.0936723 -0.117159 2.23093e-17)
(0.335099 0.443706 4.41694e-17)
(0.229215 0.58948 0)
(0.165701 -0.0846017 -2.13066e-17)
(0.0450663 -0.166293 -1.1083e-17)
(0.019747 -0.176264 -2.45757e-17)
(0.0225751 -0.160009 -1.13281e-17)
(0.289489 -0.0156956 0)
(0.234175 0.491767 -1.16256e-17)
(0.164674 0.686702 1.50532e-17)
(0.0540502 -0.27635 -2.22031e-17)
(0.151485 0.172506 3.37668e-17)
(0.263536 0.031204 -2.37007e-17)
(0.145464 0.189402 -3.12777e-17)
(0.267699 0.0594153 0)
(0.00645434 -0.0257325 1.27622e-17)
(-0.0004083 -0.247583 -1.31738e-17)
(-0.101482 1.13418 -1.01012e-17)
(0.175348 0.142655 2.31331e-17)
(0.199355 0.0256718 -2.92945e-17)
(0.209134 0.113283 0)
(0.191698 0.159213 -1.221e-17)
(0.391341 -0.338445 0)
(0.189111 0.411948 -2.26084e-17)
(0.133596 0.118188 -1.35694e-17)
(-0.00239695 -0.178836 -1.42512e-17)
(0.135363 0.110241 0)
(0.594152 -0.204073 3.04508e-18)
(0.00549454 -0.0529665 0)
(-0.129151 0.678783 0)
(0.00743844 -0.165434 -1.44858e-17)
(0.0818401 0.0176534 0)
(-0.00505773 -0.024093 -1.33467e-17)
(0.12345 0.174294 0)
(0.173744 0.495034 2.16435e-17)
(0.0346662 -0.369274 -2.45708e-17)
(0.213947 -0.019528 -2.49942e-17)
(0.222012 -0.00853515 -2.5678e-17)
(-0.00198639 -0.0509017 0)
(0.0823679 -0.152704 0)
(0.101753 -0.0425253 -3.33278e-17)
(-0.176418 -1.53997 -2.49099e-17)
(0.0858089 -0.139826 -1.37854e-17)
(0.0941705 0.110611 1.26326e-17)
(0.0717449 -0.31867 1.45546e-18)
(0.50297 0.42823 2.15804e-17)
(0.104151 0.107747 1.19753e-17)
(0.399141 -0.775289 3.02043e-17)
(0.0170243 -0.0927275 1.17995e-17)
(0.107732 0.813733 -4.2927e-17)
(0.142711 -0.236967 -2.84284e-17)
(0.10879 0.121174 0)
(0.343391 -0.229858 1.55024e-17)
(-0.000742982 -0.0460023 -1.36344e-17)
(0.224201 0.103868 5.39723e-18)
(0.172865 0.417802 0)
(0.0692988 0.115464 1.21834e-17)
(0.171185 0.367654 -2.41304e-17)
(0.103236 0.120537 0)
(0.12482 0.117738 9.17626e-21)
(0.0939073 0.102237 0)
(0.103101 0.120683 -1.56754e-18)
(0.101337 0.109103 -2.48852e-17)
(0.0949912 0.113515 6.37647e-18)
(0.180067 -0.0125642 4.13798e-17)
(0.192083 -0.00547316 -1.29303e-17)
(0.182539 -1.57766 -2.83143e-17)
(0.0973776 -0.102923 -5.47107e-17)
(0.179811 0.216282 3.84726e-17)
(0.110565 -0.0870522 2.69726e-17)
(0.170973 -0.0208229 -1.35723e-17)
(0.154222 -0.0270454 2.94179e-17)
(0.0321166 0.509558 0)
(0.338423 0.464357 -1.02997e-20)
(0.0534808 -0.0238024 2.30979e-17)
(0.121806 0.109308 -2.1825e-17)
(0.262746 -0.142357 2.04637e-17)
(0.022531 -0.375076 -3.08669e-17)
(0.00741147 -0.118028 -1.06489e-17)
(0.200982 0.0142006 -3.5336e-17)
(0.120712 -0.0943558 -1.30193e-17)
(0.203963 -0.031044 6.08466e-18)
(0.0649498 -0.195496 -1.09405e-17)
(0.0986232 0.118844 0)
(0.00974649 -0.321428 0)
(0.098323 -0.1129 3.41282e-17)
(0.0721954 -0.0686201 6.12444e-18)
(0.0456896 -0.103814 0)
(0.00487987 -0.383904 0)
(0.365398 0.455894 0)
(0.133838 -0.0774966 1.4309e-17)
(0.110279 0.11611 1.44408e-17)
(0.129353 -0.0655472 -7.70544e-18)
(0.0611065 -0.0772336 1.21588e-17)
(0.389845 0.442592 0)
(0.0319845 -0.106901 -2.16726e-17)
(0.180204 0.122039 -8.08754e-18)
(0.669694 0.556036 0)
(-0.243248 0.437067 2.2631e-17)
(0.19086 -0.0521619 -4.41202e-17)
(0.0125374 -0.257312 2.69546e-17)
(0.100579 0.780142 0)
(0.132007 0.120598 2.69912e-17)
(0.223153 0.0761947 -2.51642e-17)
(0.0989192 -0.136307 8.91239e-18)
(0.199002 0.150902 -6.26811e-18)
(0.112838 0.120469 -2.88872e-17)
(0.134132 0.129106 -3.3984e-17)
(0.122444 -0.0558324 -2.70893e-17)
(0.0116272 -0.365037 1.37634e-17)
(0.00797802 -0.146609 -2.78291e-17)
(0.129371 0.167055 3.9689e-17)
(0.124367 0.0106392 2.81382e-17)
(0.24772 0.0862208 5.49506e-18)
(0.170692 0.174412 0)
(0.0956951 -0.178967 0)
(0.0315966 -0.158159 2.446e-17)
(0.286857 -0.0899253 0)
(0.210585 0.632612 -6.30702e-18)
(0.0920347 0.0791705 1.07892e-17)
(-0.00105894 -0.145656 3.0291e-17)
(0.101229 0.343029 1.19741e-17)
(0.0686743 -0.361018 -2.2604e-17)
(0.20583 0.0953549 -2.54023e-17)
(0.157597 -0.0763659 -5.27758e-17)
(0.32609 0.501126 -2.00689e-17)
(0.184416 0.527793 2.14869e-17)
(0.0282725 -0.190734 1.19275e-17)
(0.130423 0.819485 3.84501e-17)
(0.200569 -0.0628593 -2.56759e-17)
(0.101776 -0.043853 -1.3397e-17)
(0.259366 0.301193 -1.20142e-17)
(-0.00508435 -0.0740368 3.36237e-17)
(0.222855 -0.17866 2.61158e-17)
(0.189798 0.180869 -1.17852e-17)
(0.117177 -0.0660509 3.67777e-18)
(0.172262 0.130248 0)
(0.181285 0.661874 2.94534e-18)
(0.141713 0.207906 1.40655e-17)
(0.0223836 0.526166 0)
(0.0543667 -0.0965213 -1.39555e-17)
(0.104316 0.0663227 1.31433e-17)
(0.293468 0.473996 -2.33399e-17)
(0.108987 -0.139785 -2.97582e-17)
(0.281295 -0.100219 3.9867e-19)
(0.225728 -0.0240946 1.99671e-17)
(0.0339631 -0.146884 -1.22769e-17)
(-0.000228075 -0.212509 1.51863e-17)
(0.609368 0.528192 2.87189e-17)
(0.255455 0.0667344 -6.9812e-18)
(0.079823 0.116553 0)
(0.0929321 -0.107768 -4.59649e-17)
(0.0964016 -0.0173067 -5.5088e-17)
(0.153735 -0.0669913 -1.86813e-17)
(0.0416804 -0.382178 -1.22176e-17)
(0.242356 -0.0364228 4.31342e-17)
(0.0475732 0.750816 -1.26544e-17)
(0.1705 -0.0876249 -1.63818e-17)
(0.238957 -0.0272536 -3.97728e-17)
(0.0167512 -0.108401 0)
(0.183788 0.642097 6.32723e-18)
(-0.228047 -2.17117 -1.85736e-17)
(0.154378 0.666868 -1.3247e-17)
(0.168639 0.120692 2.79382e-17)
(0.298703 0.539469 9.05613e-18)
(0.112128 0.140553 1.34049e-17)
(0.0146445 -0.379491 0)
(0.0245961 -0.357556 1.14813e-17)
(0.249202 -0.527748 0)
(0.228698 0.0624472 0)
(0.173648 0.115549 -1.18959e-17)
(0.0330067 -0.361531 -2.57413e-21)
(0.250045 -0.624133 -1.69196e-17)
(0.114832 -0.150484 7.4105e-18)
(0.131755 -0.0867449 0)
(0.435734 0.4519 2.24206e-17)
(0.486359 -0.0574136 2.33609e-17)
(-0.000751575 -0.0644951 1.42845e-17)
(-0.064769 -1.02062 3.52188e-17)
(0.00324124 -0.171146 1.53173e-17)
(0.0608144 0.0765146 -5.69136e-18)
(0.234612 -0.196461 -1.49716e-17)
(0.265511 0.0416097 -3.56881e-17)
(0.062365 -0.0687762 3.24158e-17)
(0.111127 0.128296 -1.54939e-17)
(0.00399464 -0.171917 2.17868e-18)
(0.1739 0.193111 8.04871e-18)
(0.0996548 0.252153 0)
(0.118533 0.121132 2.98097e-17)
(-0.00585847 -0.107974 0)
(0.195993 0.145301 1.33315e-17)
(0.0952795 -0.0153364 -4.50599e-17)
(0.217814 -0.0634696 1.57473e-17)
(0.10778 -0.00544306 2.05234e-18)
(0.0631345 0.0701372 0)
(0.169367 -0.087833 2.75225e-17)
(0.115043 -0.0772332 0)
(0.243842 0.0612596 0)
(0.104503 -0.0912116 0)
(-0.00189972 -0.107405 2.67391e-17)
(0.107682 -0.0672234 -3.45312e-17)
(0.106929 0.696611 7.18053e-18)
(-0.00795472 -0.130903 -3.65865e-17)
(0.117376 -0.102889 1.56918e-17)
(0.173388 -1.24012 -2.72002e-17)
(0.00279955 -0.13361 -3.02081e-17)
(0.150655 0.212715 -1.67549e-17)
(0.10712 -0.0974719 -3.02152e-17)
(0.141744 0.164602 0)
(0.0205426 -0.366651 -3.36684e-17)
(0.0806274 0.102174 -1.45607e-20)
(0.487881 0.532052 8.72697e-21)
(0.029323 -0.382991 0)
(0.114986 0.140977 -9.28543e-18)
(0.0305554 -0.383878 -4.41423e-17)
(0.150421 0.187565 0)
(0.410042 0.539988 1.84153e-17)
)
;

boundaryField
{
    back
    {
        type            empty;
    }
    front
    {
        type            empty;
    }
    top
    {
        type            codedFixedValue;
        value           nonuniform List<vector> 
15
(
(0 -0.378777 0)
(0 -0.35821 0)
(0 -0.275942 0)
(0 -0.21424 0)
(0 -0.275942 0)
(0 -0.138828 0)
(0 -0.138828 0)
(0 -0.35821 0)
(0 -0.378777 0)
(0 -0.323931 0)
(0 -0.0497038 0)
(0 -0.0497038 0)
(0 -0.323931 0)
(0 -0.385633 0)
(0 -0.21424 0)
)
;
        name            ParabolicTimeDependentU_max;
        code            #{
		const vectorField& Cf = patch().Cf();
		vectorField& field = *this;

		const scalar r = 18.0*1e-3;
		const scalar Umax = 0.4;
		const scalar Umin = 0.02;

		scalar 	Uvar = 0.08;
		scalar 	t = this->db().time().value();
		scalar	tau = fmod(t,1);
		
		if (tau > 0 && tau <= 0.35)
		{
			Uvar = 0.08+Umax*(1-(pow(tau-0.175,2)/(0.175*0.175)));
		}
		if (tau > 0.35 && tau <= 0.6)
		{
			Uvar = 0.08+Umin*(-1+(pow(tau-0.475,2)/(0.125*0.125)));
		}
		if (tau > 0.6 && tau <= 1)
		{
			Uvar = 0.08;
		}
		
		forAll(Cf, faceI)
		{
			const scalar x = Cf[faceI][0];
			const scalar y = Cf[faceI][1];
			field[faceI] = vector(0, Uvar*(-1+(pow(x+(0.02+r),2))/(r*r)), 0);
		}
	#};
    }
    outer_arc
    {
        type            noSlip;
    }
    bottom
    {
        type            zeroGradient;
    }
    inner_arc
    {
        type            noSlip;
    }
}


// ************************************************************************* //
