/*--------------------------------*- C++ -*----------------------------------*\
  =========                 |
  \\      /  F ield         | OpenFOAM: The Open Source CFD Toolbox
   \\    /   O peration     | Website:  https://openfoam.org
    \\  /    A nd           | Version:  9
     \\/     M anipulation  |
\*---------------------------------------------------------------------------*/
FoamFile
{
    format      ascii;
    class       surfaceScalarField;
    location    "1.53";
    object      phi;
}
// * * * * * * * * * * * * * * * * * * * * * * * * * * * * * * * * * * * * * //

dimensions      [0 3 -1 0 0 0 0];

internalField   nonuniform List<scalar> 
1363
(
-2.0892e-07
-4.2368e-07
6.32601e-07
-1.72237e-07
2.63116e-07
-9.0879e-08
1.02459e-06
-6.96975e-07
-3.27617e-07
-8.78021e-08
3.29383e-07
-2.41581e-07
8.88126e-07
1.36466e-07
4.70037e-07
-5.54564e-08
-4.14581e-07
-3.00908e-07
3.00908e-07
2.25267e-07
2.44771e-07
-2.41181e-07
2.74548e-07
-3.3367e-08
1.00987e-08
-2.51279e-07
-3.24666e-07
2.95145e-07
2.95207e-08
4.65436e-07
-5.57457e-07
9.20212e-08
3.01379e-07
-3.89181e-07
-4.00797e-07
3.72229e-07
2.8568e-08
1.54298e-07
3.11138e-07
-2.11183e-07
3.89464e-08
8.05819e-08
-3.92988e-07
3.12406e-07
-2.41603e-07
3.2683e-08
5.47431e-07
1.39599e-07
-6.8703e-07
-1.14434e-07
1.14434e-07
1.24983e-07
-4.44015e-08
-1.89111e-07
-3.68346e-07
8.72641e-07
-4.01913e-07
-4.70728e-07
-5.97777e-08
6.27865e-07
-5.68087e-07
-1.83775e-07
-1.40891e-07
4.11668e-07
-4.71446e-07
8.03988e-07
-7.21857e-07
-8.21311e-08
3.8514e-07
4.87501e-07
-6.11652e-07
6.92839e-07
-8.11874e-08
-2.03814e-07
-3.91512e-08
2.42966e-07
-1.42232e-07
4.21142e-08
1.00118e-07
2.28823e-08
7.81106e-07
4.94013e-08
-6.61053e-07
-7.46107e-07
1.13654e-07
6.32453e-07
7.0998e-07
-6.01157e-07
-1.08823e-07
-2.82816e-07
-7.50764e-07
1.03358e-06
1.45608e-07
-2.36783e-07
9.11748e-08
2.1704e-07
-2.98256e-08
-1.87214e-07
-1.13338e-07
2.58946e-07
3.81021e-08
5.89763e-07
6.51769e-07
-6.62188e-07
1.04187e-08
9.71601e-07
-3.37121e-07
-6.34481e-07
-5.41385e-07
5.79487e-07
-1.48866e-07
-1.52042e-07
1.54305e-07
1.46603e-07
5.67935e-07
9.87673e-09
-5.77811e-07
-6.54268e-07
7.09872e-08
5.83281e-07
-1.37335e-08
-7.32373e-07
-5.31162e-08
7.04886e-07
-1.7724e-07
-2.23557e-07
5.9236e-07
-4.49296e-08
-4.55883e-07
5.39701e-08
-1.09447e-06
8.11658e-07
7.08797e-07
-2.85738e-07
-4.23059e-07
3.27853e-07
-3.17754e-07
1.71987e-07
-2.99802e-07
1.27815e-07
-2.45975e-07
2.45975e-07
-8.25495e-09
3.36108e-07
-1.99807e-07
-4.61686e-08
5.0911e-08
2.75042e-07
-3.25953e-07
-1.67096e-07
-3.67185e-08
7.99182e-07
-6.77568e-07
-1.21614e-07
-1.30241e-07
2.43895e-07
-6.79393e-07
2.55712e-07
1.75169e-07
4.18713e-08
1.44919e-07
-2.78376e-08
-1.17082e-07
7.73247e-08
7.17668e-07
-6.2989e-07
-8.77775e-08
9.25869e-07
-7.53882e-07
6.18442e-07
-3.03929e-07
-3.14513e-07
1.68526e-07
9.45899e-08
-1.68965e-07
1.92917e-07
-2.39524e-08
-1.95483e-07
1.95483e-07
1.44647e-07
-1.83798e-07
5.84492e-07
1.24305e-07
2.75503e-08
-1.41984e-07
7.33066e-08
4.1127e-08
3.24123e-08
-2.27825e-07
8.55929e-08
-1.32811e-07
-7.8372e-08
3.7999e-08
5.24466e-08
-9.04457e-08
4.53783e-07
-2.06003e-07
2.52068e-08
1.80796e-07
1.21083e-08
1.31415e-08
-4.09791e-08
-9.75046e-07
9.36501e-07
3.8545e-08
-9.29607e-08
1.43872e-07
2.55857e-08
5.18966e-08
-7.74823e-08
8.75302e-08
2.84699e-07
-1.42304e-07
-6.36994e-08
3.06418e-07
6.65184e-07
2.80453e-07
-4.92382e-08
-2.31215e-07
-3.34065e-07
3.2581e-07
-1.9565e-07
-1.04152e-07
-2.34367e-07
3.62182e-07
-1.95382e-07
1.3594e-07
5.9442e-08
4.14209e-07
-7.5133e-07
4.16854e-08
-1.60996e-08
-2.80728e-07
3.18727e-07
8.07258e-09
2.04174e-07
-2.35854e-10
-2.03938e-07
2.85261e-08
-3.62591e-07
-6.19077e-08
4.69576e-07
-3.77434e-07
1.43067e-07
-2.35998e-07
1.99279e-07
-1.42311e-08
5.82166e-07
-4.07854e-08
6.91265e-07
-6.5048e-07
6.96118e-08
6.48056e-07
4.73502e-08
-6.77241e-07
1.12467e-07
8.13402e-07
5.61059e-08
-8.09988e-07
-1.80738e-07
-4.74161e-08
-1.21549e-07
5.43189e-08
2.40826e-07
2.80453e-07
9.35921e-08
-3.19132e-07
2.2554e-07
3.42031e-07
-1.26479e-08
-1.73955e-07
1.82028e-07
1.45582e-07
-6.80467e-07
5.34885e-07
-1.82028e-07
-5.39701e-08
-9.11999e-07
7.24405e-08
8.39558e-07
-5.41385e-07
-1.56537e-07
2.07592e-07
-1.86418e-07
-4.14068e-08
-4.55883e-07
6.28889e-07
-5.79487e-07
-6.28889e-07
4.16089e-07
2.128e-07
-1.09447e-06
-3.97884e-07
5.37484e-07
3.97884e-07
-3.8518e-07
-1.27041e-08
-5.37484e-07
6.08471e-07
-7.25433e-07
7.11699e-07
7.25433e-07
-6.55821e-07
3.8518e-07
-3.75303e-07
1.02203e-06
-9.09567e-07
-6.08471e-07
6.55821e-07
-8.53461e-07
9.09567e-07
8.53461e-07
-9.06577e-07
-7.11699e-07
9.06577e-07
-1.94878e-07
3.75303e-07
-4.16089e-07
-8.71461e-08
1.15186e-07
-3.01604e-07
2.53575e-07
-2.83089e-08
-7.12904e-08
1.3565e-07
-4.39578e-07
9.86397e-08
9.42776e-08
7.34308e-08
5.10049e-07
-5.83479e-07
-3.12432e-07
-6.62614e-07
1.7879e-07
7.47859e-08
1.77044e-07
-5.57648e-07
3.80604e-07
5.27098e-07
-5.76336e-07
-4.67529e-07
4.93389e-07
-2.58604e-08
-6.63782e-07
6.26244e-08
-5.7467e-07
4.61332e-07
-2.00529e-08
3.31944e-08
3.10644e-08
-1.67336e-10
-3.0897e-08
-4.40899e-08
-1.67832e-07
-5.16085e-08
3.15556e-08
-8.84178e-07
3.09508e-07
-3.82649e-07
1.41068e-07
7.02717e-08
-2.91119e-08
-4.11597e-08
3.94144e-07
-2.171e-07
2.2462e-08
-4.02495e-07
3.80033e-07
6.02419e-08
1.43932e-07
8.01442e-07
-3.31866e-07
1.13454e-07
-9.39599e-08
-8.4317e-08
-1.05102e-07
-9.85968e-08
5.84419e-07
1.48124e-07
7.88378e-07
-5.50333e-07
2.3716e-07
3.13173e-07
-1.24433e-09
1.37184e-07
-3.5266e-07
-1.97673e-07
7.83075e-08
-2.73957e-07
-7.41688e-07
3.00789e-07
4.409e-07
-4.68015e-07
4.86176e-10
3.70619e-07
3.2222e-07
-1.63352e-07
-5.04529e-07
-9.69565e-08
3.82492e-07
-2.28851e-07
-6.59275e-08
2.94779e-07
-6.41041e-07
1.53229e-07
4.87812e-07
6.35589e-07
-9.48021e-07
9.38165e-07
-6.37376e-07
9.36314e-07
-7.26417e-07
-2.09897e-07
4.58156e-07
4.80009e-07
4.36427e-07
1.47992e-07
1.22147e-07
-2.20287e-08
-1.71968e-07
-4.69073e-07
4.08935e-07
-1.07556e-07
6.45048e-07
-4.65267e-07
-1.79781e-07
-4.37575e-07
-2.24613e-07
5.24981e-07
-5.24981e-07
-1.73955e-07
2.58241e-07
1.50695e-07
-2.07433e-07
3.54644e-08
-2.79535e-07
-1.81106e-07
-2.09254e-07
2.63585e-07
-7.46692e-07
8.99921e-07
-1.64047e-08
1.75975e-07
-1.37702e-07
3.95942e-07
-2.27132e-07
4.08408e-07
-1.81277e-07
-9.29446e-07
8.07832e-07
-9.22472e-08
-5.8959e-07
5.58224e-07
3.13658e-08
-3.28025e-07
9.63614e-07
8.62158e-07
-5.14125e-07
-3.48033e-07
-6.67252e-07
2.01985e-07
-4.85206e-07
-1.82046e-07
1.28716e-07
6.85513e-07
-8.14229e-07
-2.10138e-07
-3.79452e-07
-6.40867e-07
1.09902e-06
4.49279e-07
-6.68035e-08
-3.82476e-07
-2.41197e-08
2.41197e-08
4.75697e-07
-4.75697e-07
-1.54914e-07
-7.74533e-07
1.25954e-07
7.73507e-07
-8.99461e-07
2.46335e-07
2.08432e-07
-4.54767e-07
2.6508e-08
3.55984e-07
-8.75625e-07
1.28933e-07
3.7549e-07
-3.7549e-07
6.40998e-08
-6.40998e-08
6.8694e-07
2.35383e-07
-3.73085e-07
6.17197e-07
2.44961e-07
8.11468e-07
3.68482e-07
-7.16466e-07
2.3126e-07
-5.08034e-07
3.21412e-07
4.8003e-07
-7.4314e-07
-3.24856e-07
1.068e-06
5.663e-07
-2.53128e-07
-3.20022e-07
7.60922e-07
-2.72029e-07
-3.03671e-08
-7.24797e-07
7.55164e-07
4.80645e-07
1.86436e-07
7.814e-07
-6.19066e-08
-1.47348e-07
1.991e-07
-9.25517e-07
-4.46409e-07
9.26418e-07
3.29139e-07
-9.65722e-07
3.84043e-07
7.1498e-07
-5.3924e-07
-3.93599e-07
9.32839e-07
2.46278e-07
-4.22463e-07
-3.91766e-07
3.89068e-07
-9.28308e-07
-8.83356e-07
-5.94552e-07
9.78595e-07
-3.87777e-07
-3.37019e-07
1.95111e-07
9.8862e-07
-1.18373e-06
4.47933e-09
2.76075e-07
4.79088e-07
7.25541e-07
-4.49466e-07
-9.48258e-07
9.26211e-07
2.20463e-08
-5.14879e-08
-1.37625e-07
9.45457e-07
-6.9965e-07
-4.21662e-07
8.1073e-07
-7.99523e-07
-2.90892e-07
1.09041e-06
-8.8311e-07
6.73213e-07
3.55774e-07
-8.11658e-07
-8.93273e-07
1.42508e-07
-6.59451e-07
1.01523e-06
-1.08972e-06
2.90197e-07
6.78452e-07
-4.29987e-07
-2.48465e-07
-6.16848e-07
5.72758e-07
6.37345e-08
9.79453e-07
-1.04319e-06
-1.14844e-06
1.21218e-06
8.36194e-07
1.42401e-07
1.0313e-06
4.66972e-07
2.11479e-07
1.18382e-07
-1.6987e-07
-8.08699e-07
3.87036e-07
-3.4781e-07
4.86089e-07
-1.38278e-07
-7.51428e-07
4.60536e-07
-6.92245e-08
1.43977e-07
-7.47525e-08
6.85697e-07
-6.22046e-07
-6.36515e-08
6.88493e-08
2.14294e-07
-8.36339e-07
-3.47884e-08
6.07546e-07
6.18447e-07
-9.57676e-08
-5.2268e-07
-1.10267e-07
-1.03928e-06
2.92826e-07
7.46454e-07
-9.04305e-07
3.9766e-07
5.06645e-07
8.96176e-08
5.2883e-07
5.99244e-07
4.68751e-07
-9.99398e-07
4.35475e-07
5.63923e-07
-2.13362e-07
2.13362e-07
-1.41984e-07
-2.31215e-07
-1.52042e-07
8.14062e-08
-8.14062e-08
1.22962e-07
-1.22962e-07
-1.56537e-07
5.06033e-07
-1.05644e-06
5.50405e-07
-6.36678e-08
6.36678e-08
-1.4039e-07
1.4039e-07
-1.99807e-07
-1.27904e-07
1.27904e-07
1.86047e-07
-1.86047e-07
7.33066e-08
1.18883e-07
-1.18883e-07
1.54305e-07
2.07592e-07
1.37664e-07
-1.92822e-08
3.84154e-07
4.74538e-07
-8.58692e-07
-2.45735e-08
2.45735e-08
5.04727e-07
-8.52537e-07
-1.17189e-06
5.37412e-07
5.11757e-09
-5.11757e-09
-5.33988e-07
1.04001e-07
5.55214e-07
-6.74832e-07
1.19618e-07
-4.64303e-07
-7.4002e-07
1.20432e-06
-6.41009e-07
-3.98272e-07
-1.04983e-06
5.85529e-07
-3.50655e-07
-1.83332e-07
-6.17092e-07
-2.87213e-07
-6.0752e-09
1.1193e-07
-1.05854e-07
-7.52997e-08
-1.02203e-06
3.41483e-07
-2.51865e-07
1.03871e-07
-5.59922e-07
4.56051e-07
-6.92981e-07
4.25955e-07
-2.93472e-07
-1.32483e-07
-8.05037e-07
7.70248e-07
2.47978e-07
-7.93976e-07
7.24514e-07
6.94623e-08
-6.6586e-07
-1.59823e-07
8.55118e-07
-7.86268e-07
9.27481e-07
-7.13187e-07
-5.51711e-07
9.4798e-07
-6.80025e-07
-2.67955e-07
-4.80107e-08
1.5994e-07
-6.37822e-07
-4.12011e-07
-8.13032e-07
7.17264e-07
-2.97323e-07
1.63583e-07
-8.66393e-07
7.0281e-07
8.05951e-07
-7.0208e-07
9.80277e-07
-6.87451e-07
3.42531e-07
4.83076e-07
-8.25607e-07
-1.9027e-07
5.53304e-07
-3.63034e-07
5.07093e-08
1.04015e-06
-6.42492e-07
-3.6668e-07
-2.87745e-07
6.54426e-07
4.0377e-07
-6.59991e-07
2.56221e-07
1.08642e-06
-6.50944e-07
-4.58926e-07
-1.00996e-07
2.83247e-07
1.2192e-06
-6.81786e-07
-6.92412e-07
5.5993e-07
5.00812e-08
-2.37276e-08
9.69219e-07
-9.1851e-07
1.41213e-07
2.34793e-07
3.99144e-07
5.32822e-07
-7.23092e-07
-8.8518e-08
3.00252e-07
8.303e-07
1.63904e-07
-7.53463e-07
5.89559e-07
-4.31222e-07
1.02358e-06
-5.92357e-07
8.3858e-07
-4.34811e-07
6.69272e-07
-1.33513e-06
1.86624e-07
-3.1746e-07
4.69327e-07
-7.67788e-07
5.84456e-07
-3.74129e-07
-1.49129e-07
5.26217e-07
6.10976e-07
-8.98721e-07
-5.2804e-07
1.01112e-06
-1.03404e-06
3.46589e-07
-1.08926e-06
4.46765e-07
1.1558e-06
-1.86579e-07
8.58476e-07
-5.99454e-07
-5.70293e-07
1.16975e-06
-8.38581e-07
5.90116e-07
-1.28124e-06
-4.53285e-07
-3.72322e-07
-1.16792e-06
5.1698e-07
3.99078e-07
5.80556e-07
-1.32058e-06
-6.1993e-07
-6.34896e-07
-2.07858e-07
5.15493e-07
6.79805e-07
2.7776e-07
-9.57565e-07
5.21229e-07
-3.57325e-07
2.44823e-07
-5.81995e-08
9.80057e-07
4.75703e-07
1.78723e-07
-1.11872e-07
7.61709e-07
-6.49837e-07
-8.00886e-07
9.42099e-07
6.11967e-07
-6.41706e-07
6.49469e-07
-8.63499e-07
8.39771e-07
-2.37265e-07
8.26824e-07
1.0256e-06
-1.9338e-07
8.9619e-07
-7.23138e-07
-1.84457e-07
9.07595e-07
7.54577e-07
-1.30629e-06
7.60403e-07
-9.09532e-07
-5.77252e-07
6.81954e-07
-1.04702e-07
4.03621e-07
-9.16518e-07
-2.54125e-07
6.88332e-07
5.12857e-07
-6.03736e-07
-4.47812e-07
-7.42792e-07
9.77585e-07
-8.39082e-07
8.89163e-07
2.74797e-07
-1.56114e-07
-7.77065e-07
5.05121e-07
2.71944e-07
4.52593e-07
1.76699e-07
-6.24742e-07
9.15229e-07
-2.90486e-07
1.03017e-07
-2.56639e-08
-7.56361e-07
7.82025e-07
-1.0008e-06
3.65899e-07
8.97645e-07
-3.07529e-07
-4.24545e-07
1.09329e-06
-5.76306e-07
1.09372e-07
-8.11451e-07
-5.54031e-07
-3.10093e-07
1.07833e-06
5.87553e-07
-8.88679e-07
8.00161e-07
-9.32271e-07
4.73355e-07
6.66346e-07
-9.20471e-07
-4.89073e-08
3.54054e-07
5.61174e-07
-5.14219e-07
8.233e-07
-3.09081e-07
2.3214e-07
6.75455e-07
-8.04705e-07
-4.5377e-07
-2.65925e-07
2.96605e-07
8.67983e-07
-1.31579e-06
1.89017e-07
4.92937e-07
9.41607e-07
-4.53441e-07
-4.95564e-07
9.49005e-07
6.93574e-08
-5.28283e-07
-9.15053e-07
5.21453e-07
7.42094e-07
-7.91001e-07
-7.22189e-08
5.85076e-07
3.00991e-07
-7.18132e-07
4.17142e-07
-1.22958e-07
-4.80778e-07
1.12282e-06
3.93813e-07
5.47794e-07
-3.78164e-07
-4.80528e-07
8.98934e-07
3.05547e-07
5.17754e-07
-8.75379e-07
4.97215e-07
-9.33969e-07
-8.28579e-07
5.02747e-07
-2.01756e-07
-5.68794e-07
-7.25563e-07
-3.86175e-07
-8.48521e-07
6.71822e-07
1.55002e-07
-8.64472e-07
5.98547e-07
-4.19817e-07
-4.95236e-07
-8.97673e-09
-2.06158e-07
-6.5185e-07
4.0337e-07
-3.36496e-07
8.57949e-07
1.44795e-07
-1.40315e-07
-4.80546e-07
-3.94833e-07
-6.84256e-07
8.4395e-07
-5.88238e-07
8.66721e-07
-4.46188e-07
-1.18829e-08
3.05893e-07
1.96854e-07
-3.09972e-07
8.20511e-07
5.69147e-07
-3.70092e-07
-1.99055e-07
2.59174e-07
4.00695e-07
-2.7454e-07
9.03944e-07
-6.29405e-07
7.06587e-07
9.56949e-07
-1.75548e-07
-7.82574e-07
6.86422e-07
-1.93485e-07
8.19324e-07
4.80263e-07
5.84806e-07
-1.54255e-07
5.23399e-07
3.3455e-07
-6.73423e-07
-2.52094e-07
-5.48282e-08
-8.5487e-08
2.84542e-07
-8.7688e-08
2.19969e-07
-9.07148e-07
2.33725e-07
1.72593e-07
2.35815e-07
6.0922e-07
-1.28575e-07
8.75198e-07
-2.89951e-07
-9.19356e-07
8.2094e-07
-5.87215e-07
-1.36684e-07
-1.69557e-07
4.38759e-07
-2.69202e-07
-9.07475e-07
-7.10344e-08
1.68096e-07
1.80646e-07
-7.91631e-07
-1.04691e-07
1.93492e-08
-5.60617e-07
4.07976e-07
3.67748e-08
2.16199e-07
1.63201e-07
3.73901e-08
-4.58275e-08
1.45296e-07
2.31716e-07
1.61798e-07
1.25626e-07
3.96962e-07
4.88445e-07
6.86996e-08
-1.45389e-08
-5.41607e-08
-8.80122e-07
-2.79994e-07
4.81234e-07
-1.52096e-07
6.44816e-08
1.30967e-07
2.24185e-07
3.04308e-07
-8.18185e-07
-3.80569e-07
1.13514e-07
8.19344e-08
-1.38154e-07
5.04659e-08
2.55881e-07
8.18146e-08
-5.23227e-07
9.38504e-08
3.11329e-08
-9.51157e-07
9.94687e-08
6.28679e-07
4.18533e-08
2.68463e-08
4.04147e-07
-4.03836e-07
-2.76631e-07
-5.5915e-07
4.52183e-07
2.2628e-07
7.1263e-07
-2.68828e-07
-1.09818e-06
-9.04845e-08
-9.50055e-07
2.02945e-07
1.58148e-07
-4.43886e-07
1.11767e-07
-1.41592e-07
-1.41927e-07
1.71676e-07
7.42991e-08
-9.22512e-08
-1.76577e-07
-3.35789e-07
4.47278e-07
-8.35055e-07
-9.77771e-08
-8.31215e-08
2.51647e-07
-5.12853e-07
-5.20419e-07
3.22746e-07
5.83419e-07
1.57924e-07
-1.15011e-07
-4.29132e-08
-1.63926e-08
5.95547e-08
-5.11241e-08
-6.34758e-08
-3.0487e-07
-2.16225e-08
-1.63926e-08
-2.64538e-07
1.85121e-07
-9.12702e-08
4.86492e-08
-1.49659e-07
3.13941e-07
-8.84016e-08
5.01954e-07
-4.92977e-07
-3.53057e-08
8.63326e-07
-6.70604e-08
-3.07916e-07
1.36612e-07
1.71304e-07
-1.37765e-07
-1.66451e-07
-1.8229e-07
-3.60655e-07
-1.93301e-07
-6.61467e-08
-6.40947e-08
1.12916e-06
2.00925e-07
2.85164e-07
5.3154e-07
-5.5843e-08
8.509e-08
-4.52814e-07
-6.3864e-08
3.97443e-08
4.52814e-07
6.3864e-08
2.18254e-07
5.3154e-07
1.54831e-07
-7.39236e-07
4.52024e-07
7.43016e-07
-4.98055e-07
2.10793e-07
-2.12635e-08
-4.24042e-08
-7.3045e-09
-1.7269e-08
1.06613e-07
-1.43228e-07
-1.63938e-07
-6.72771e-08
-2.12635e-08
-5.40942e-08
-2.73121e-08
7.86478e-08
4.43144e-08
8.61297e-08
-1.54791e-07
1.4401e-08
-1.06613e-07
-2.12907e-08
1.43228e-07
-1.53246e-08
1.63938e-07
-4.5055e-08
-8.61297e-08
-3.2753e-08
1.54791e-07
5.40942e-08
-7.3045e-09
7.86478e-08
-2.27631e-08
-5.72073e-07
9.60161e-08
-3.54361e-07
6.50967e-07
3.36974e-07
-4.04035e-07
3.90653e-08
-5.03389e-08
1.55801e-07
8.85372e-07
-4.92856e-07
1.72474e-07
-4.20535e-07
-5.03389e-08
2.03576e-07
-4.15056e-07
4.47899e-07
-4.60603e-07
5.77868e-07
-1.56935e-07
3.39731e-08
1.56935e-07
-5.0779e-07
4.50977e-07
5.68135e-08
-8.02107e-07
-2.39131e-07
2.12094e-07
-5.3971e-07
2.77681e-07
5.19145e-07
-5.88607e-07
-4.2874e-07
3.24038e-07
-5.37141e-08
5.93068e-08
3.43077e-07
2.20194e-07
-5.00921e-07
3.23169e-07
2.98175e-07
-5.70085e-07
5.70085e-07
-1.9052e-07
-5.31235e-07
-2.36519e-07
3.43077e-07
3.82988e-07
-3.89604e-07
3.34455e-07
-1.602e-07
-2.42295e-07
1.47046e-07
-3.25769e-07
7.23691e-07
-4.55736e-07
-1.66612e-07
1.66612e-07
-1.66355e-08
-1.81946e-07
-6.21884e-08
6.21884e-08
-3.66833e-07
3.66833e-07
-1.97454e-07
1.06257e-08
1.39577e-07
-3.9702e-07
-4.39516e-08
4.40971e-07
5.14101e-07
-5.14101e-07
5.24466e-08
1.1485e-07
2.65183e-07
-1.67337e-10
-7.18457e-07
1.12065e-07
2.51197e-08
9.67402e-08
-4.63792e-07
-5.84745e-07
-5.14949e-08
-1.26049e-08
-1.34022e-07
-6.99165e-08
9.87429e-09
8.47156e-08
-1.48534e-09
1.13596e-08
-9.37598e-07
-1.35589e-08
-1.58767e-07
-2.55814e-07
-5.01887e-07
1.47525e-07
1.71676e-07
1.25928e-08
1.68203e-07
6.26491e-08
-1.23851e-07
1.59201e-07
-1.59201e-07
-1.10242e-07
5.70778e-07
-4.87812e-07
-9.04457e-08
-7.18213e-08
7.18213e-08
-8.01132e-07
-4.50734e-07
1.05695e-07
-6.22615e-09
-1.75314e-07
-2.7043e-07
4.46501e-07
-1.76071e-07
-5.91656e-07
2.03108e-07
3.88548e-07
-3.0897e-08
7.25143e-08
3.11133e-07
-2.05438e-07
-3.70805e-07
-3.70244e-08
3.70244e-08
2.89571e-07
4.37288e-07
-3.5898e-07
1.50374e-07
1.34789e-07
-3.38305e-08
2.23423e-07
3.57897e-08
-3.02084e-07
2.95462e-07
-5.65892e-07
-3.44985e-07
-6.12554e-07
7.60546e-07
6.78875e-08
-2.61188e-07
-9.8496e-08
3.26594e-07
-2.10369e-07
6.84425e-08
5.14949e-08
1.191e-07
4.73291e-08
-1.25053e-07
1.17143e-07
1.95755e-09
7.28953e-07
-8.54006e-07
2.05546e-07
1.72309e-07
-1.3089e-07
5.34294e-07
4.53994e-09
5.27539e-07
-6.62071e-08
-6.62746e-07
2.08485e-07
-3.97645e-08
2.57337e-07
-2.21872e-07
-1.17502e-08
5.84688e-07
-5.96571e-07
3.22689e-07
-4.99446e-08
1.87149e-07
5.1898e-08
6.41501e-07
1.31327e-07
-1.74312e-07
1.61664e-07
1.52912e-07
-6.22431e-07
5.44498e-07
3.79955e-07
-2.3243e-07
3.349e-07
-1.13869e-07
1.17724e-07
-9.08379e-08
-2.11883e-07
-8.44361e-07
1.29861e-07
-3.23419e-07
5.22909e-09
5.59837e-08
3.20368e-07
3.59306e-08
-8.499e-08
1.21562e-07
-1.03369e-07
1.71811e-07
-6.12731e-09
7.48547e-08
)
;

boundaryField
{
    back
    {
        type            empty;
        value           nonuniform List<scalar> 0();
    }
    front
    {
        type            empty;
        value           nonuniform List<scalar> 0();
    }
    top
    {
        type            calculated;
        value           nonuniform List<scalar> 10(-3.48741e-07 -3.794e-07 -2.87424e-07 -1.95448e-07 -1.95448e-07 -2.87424e-07 -3.48741e-07 -7.28141e-08 -7.28141e-08 -3.794e-07);
    }
    outer_arc
    {
        type            calculated;
        value           uniform 0;
    }
    bottom
    {
        type            calculated;
        value           nonuniform List<scalar> 10(9.7851e-07 5.41268e-07 8.43734e-09 -3.77012e-07 -8.85407e-07 1.16012e-06 -5.28494e-07 1.19875e-06 -5.0641e-07 9.77893e-07);
    }
    inner_arc
    {
        type            calculated;
        value           uniform 0;
    }
}


// ************************************************************************* //
