/*--------------------------------*- C++ -*----------------------------------*\
  =========                 |
  \\      /  F ield         | OpenFOAM: The Open Source CFD Toolbox
   \\    /   O peration     | Website:  https://openfoam.org
    \\  /    A nd           | Version:  9
     \\/     M anipulation  |
\*---------------------------------------------------------------------------*/
FoamFile
{
    format      ascii;
    class       volScalarField;
    location    "1.77";
    object      p;
}
// * * * * * * * * * * * * * * * * * * * * * * * * * * * * * * * * * * * * * //

dimensions      [0 2 -2 0 0 0 0];

internalField   nonuniform List<scalar> 
1655
(
11.1958
11.186
11.1903
11.192
11.1932
11.1916
11.1881
11.1917
11.1811
11.1931
11.1929
11.1922
11.1925
11.19
11.1874
11.1873
11.185
11.1817
11.1878
11.1899
11.1859
11.1808
11.1937
11.1938
11.1945
11.1875
11.1871
11.1846
11.1864
11.1862
11.1822
11.1896
11.1889
11.1912
11.1823
11.1901
11.1916
11.1863
11.189
11.1854
11.186
11.1938
11.1895
11.1851
11.1876
11.1925
11.1908
11.1874
11.1923
11.1896
11.1914
11.1895
11.1857
11.1831
11.1822
11.1878
11.1865
11.1947
11.193
11.1881
11.1841
11.1899
11.197
11.1911
11.1817
11.1814
11.1807
11.194
11.1818
11.1941
11.1949
11.1844
11.186
11.1858
11.1904
11.187
11.1873
11.1827
11.1864
11.1862
11.1809
11.187
11.1813
11.1846
11.1862
11.1868
11.191
11.1859
11.1874
11.187
11.1869
11.191
11.1873
11.1923
11.1891
11.1883
11.1806
11.1944
11.1912
11.1873
11.1911
11.1804
11.1925
11.1803
11.1803
11.1902
11.1898
11.1862
11.1873
11.1876
11.1881
11.1944
11.1879
11.1862
11.1912
11.1869
11.1905
11.193
11.1895
11.1812
11.1881
11.1902
11.1893
11.1795
11.1801
11.1932
11.1897
11.1891
11.1875
11.1865
11.1918
11.188
11.1911
11.1934
11.1862
11.1844
11.1935
11.1854
11.1863
11.1817
11.1874
11.1872
11.1878
11.1892
11.1797
11.1898
11.1885
11.1884
11.1881
11.1774
11.1828
11.1757
11.1895
11.1878
11.1865
11.1897
11.1824
11.1884
11.1905
11.1808
11.1885
11.1881
11.1831
11.1889
11.1894
11.1939
11.1846
11.1923
11.1806
11.1812
11.1827
11.1837
11.188
11.1871
11.1861
11.1883
11.1921
11.1827
11.1864
11.19
11.1875
11.1842
11.1911
11.1805
11.1871
11.1864
11.1871
11.1865
11.1835
11.1858
11.1876
11.1895
11.1853
11.1858
11.1866
11.1862
11.1841
11.1866
11.1882
11.1866
11.1855
11.186
11.1898
11.1884
11.1865
11.1862
11.1887
11.1854
11.1866
11.1907
11.1836
11.1839
11.1849
11.1925
11.19
11.1816
11.1899
11.19
11.1778
11.1884
11.1874
11.1858
11.189
11.1901
11.1887
11.1867
11.1865
11.1869
11.1695
11.1647
11.1872
11.1542
11.1519
11.1833
11.1883
11.1874
11.1867
11.1865
11.1863
11.1537
11.1868
11.1872
11.1559
11.1861
11.1906
11.1859
11.1745
11.1844
11.1864
11.1892
11.1858
11.186
11.1869
11.1856
11.1882
11.18
11.187
11.191
11.1837
11.1892
11.18
11.1862
11.1864
11.1795
11.187
11.1918
11.1892
11.1899
11.1885
11.1899
11.1859
11.1841
11.1877
11.1862
11.1842
11.1845
11.1726
11.1907
11.1826
11.1788
11.1843
11.192
11.1853
11.1861
11.1862
11.1851
11.1863
11.188
11.1889
11.1832
11.1846
11.186
11.1896
11.1845
11.1877
11.1875
11.1914
11.1733
11.1861
11.1867
11.1877
11.1924
11.1922
11.1872
11.1863
11.1837
11.1874
11.1862
11.1885
11.1862
11.1863
11.178
11.1863
11.1792
11.1912
11.1887
11.186
11.1836
11.1861
11.1872
11.1856
11.1898
11.188
11.1874
11.1877
11.1935
11.1944
11.1917
11.1868
11.1864
11.1883
11.1878
11.1898
11.1861
11.1875
11.1862
11.187
11.1894
11.1866
11.1867
11.1875
11.187
11.185
11.1607
11.1867
11.1871
11.1899
11.1873
11.1872
11.186
11.194
11.1866
11.1569
11.1879
11.183
11.1859
11.1868
11.1865
11.1899
11.1862
11.1872
11.1887
11.183
11.1803
11.188
11.1869
11.1867
11.1943
11.1889
11.1874
11.1875
11.1881
11.1873
11.1861
11.194
11.189
11.1864
11.1919
11.1873
11.1868
11.1869
11.1793
11.1925
11.1806
11.1871
11.1844
11.1858
11.1904
11.1858
11.1862
11.1866
11.1861
11.1869
11.1862
11.1868
11.1854
11.1858
11.1858
11.1843
11.19
11.1863
11.1876
11.1793
11.1919
11.1854
11.1879
11.1868
11.1858
11.1868
11.1859
11.1934
11.1772
11.1819
11.1858
11.1878
11.1721
11.1884
11.1516
11.1824
11.185
11.1904
11.1785
11.1886
11.1854
11.1836
11.1727
11.1518
11.1867
11.1861
11.1856
11.1869
11.1876
11.1842
11.193
11.1751
11.1771
11.1873
11.1866
11.193
11.1722
11.1875
11.1827
11.1855
11.1852
11.183
11.1756
11.1863
11.1863
11.1863
11.1862
11.1861
11.1681
11.1864
11.1807
11.1854
11.179
11.189
11.1841
11.1861
11.1874
11.1797
11.1811
11.1792
11.1731
11.191
11.1926
11.1823
11.1846
11.1743
11.1807
11.1827
11.1873
11.1798
11.1855
11.171
11.1839
11.1869
11.1774
11.1629
11.1893
11.1862
11.1855
11.1701
11.1876
11.183
11.1763
11.1883
11.1898
11.1852
11.186
11.171
11.1867
11.1689
11.1785
11.1797
11.1806
11.169
11.1901
11.1752
11.1789
11.1822
11.1868
11.1891
11.1778
11.1675
11.1833
11.189
11.1813
11.174
11.1885
11.1913
11.1826
11.1866
11.1815
11.1899
11.1775
11.1763
11.1672
11.1702
11.1767
11.1611
11.1518
11.1846
11.1755
11.1743
11.1582
11.1866
11.1813
11.1711
11.1749
11.1846
11.1871
11.2008
11.1859
11.1908
11.1857
11.1925
11.1981
11.1814
11.1934
11.1872
11.1828
11.1894
11.1901
11.1915
11.1917
11.2024
11.1821
11.1783
11.1835
11.1959
11.1779
11.1825
11.1872
11.1728
11.1663
11.1896
11.1841
11.1776
11.188
11.1675
11.1786
11.1615
11.1836
11.1905
11.1744
11.1647
11.1836
11.1883
11.1782
11.1898
11.1853
11.1891
11.1863
11.1814
11.1664
11.1806
11.1853
11.1665
11.1795
11.1886
11.187
11.1893
11.1779
11.1784
11.1844
11.1896
11.1538
11.1759
11.1544
11.1825
11.1568
11.1626
11.1691
11.1589
11.1692
11.1883
11.1884
11.1742
11.1866
11.1771
11.1789
11.1884
11.1881
11.1751
11.1764
11.1896
11.1882
11.1869
11.1883
11.1739
11.1796
11.1879
11.1844
11.1884
11.1787
11.1619
11.1885
11.1654
11.1761
11.1623
11.155
11.1614
11.188
11.1573
11.1794
11.1563
11.1607
11.1666
11.1764
11.1697
11.1754
11.1717
11.1852
11.1863
11.175
11.191
11.1931
11.178
11.1645
11.1865
11.1912
11.1773
11.1919
11.1849
11.1912
11.1772
11.1861
11.1772
11.1827
11.1769
11.1898
11.1602
11.1705
11.1756
11.1891
11.1637
11.1834
11.1597
11.1594
11.1737
11.1807
11.177
11.167
11.1655
11.185
11.1796
11.187
11.1928
11.1853
11.1787
11.1725
11.1784
11.1865
11.1781
11.1773
11.1848
11.1847
11.186
11.1795
11.184
11.1817
11.1763
11.1629
11.1761
11.1593
11.1915
11.186
11.1799
11.1782
11.1768
11.1774
11.1894
11.177
11.1805
11.1827
11.1791
11.1827
11.1839
11.1854
11.1648
11.1807
11.1932
11.1764
11.1863
11.1867
11.1785
11.1583
11.1812
11.1869
11.1606
11.1744
11.1664
11.1605
11.1605
11.1853
11.1802
11.185
11.1711
11.1857
11.1759
11.1785
11.1868
11.1691
11.1921
11.1653
11.1837
11.1838
11.171
11.1795
11.1785
11.1895
11.186
11.1759
11.19
11.1853
11.1863
11.1775
11.1804
11.1781
11.1561
11.191
11.1908
11.1704
11.1796
11.1756
11.185
11.1881
11.1794
11.177
11.1858
11.179
11.1858
11.1861
11.1747
11.1858
11.1858
11.1844
11.1812
11.1895
11.1696
11.1701
11.1866
11.186
11.1864
11.1845
11.1774
11.1648
11.1867
11.1868
11.1742
11.185
11.1855
11.1869
11.1633
11.1736
11.1933
11.1827
11.175
11.175
11.186
11.1868
11.187
11.1862
11.1746
11.1749
11.1893
11.1716
11.1831
11.1713
11.1841
11.1788
11.1813
11.186
11.1881
11.1878
11.1637
11.1852
11.19
11.1835
11.1904
11.1902
11.1893
11.1843
11.1796
11.1687
11.1872
11.1915
11.1795
11.1904
11.1675
11.1793
11.1874
11.1902
11.1859
11.1805
11.1886
11.1875
11.1897
11.1827
11.176
11.1888
11.1867
11.1916
11.1765
11.1747
11.1859
11.1858
11.1878
11.1802
11.1851
11.1883
11.18
11.1878
11.1829
11.1868
11.1873
11.1861
11.1896
11.1884
11.1837
11.1793
11.1829
11.1907
11.1902
11.1874
11.1859
11.1811
11.1808
11.187
11.1825
11.186
11.1859
11.1856
11.1884
11.191
11.1847
11.1867
11.1859
11.182
11.1908
11.1853
11.1856
11.1843
11.1864
11.1816
11.1913
11.1811
11.1862
11.1852
11.1851
11.1887
11.1926
11.1833
11.1803
11.1831
11.1874
11.1827
11.1734
11.1877
11.1861
11.1928
11.1881
11.1866
11.1891
11.1778
11.1884
11.1806
11.1854
11.1891
11.1916
11.1899
11.1868
11.1802
11.1921
11.1858
11.1902
11.1735
11.1875
11.19
11.1868
11.1794
11.1832
11.1895
11.1922
11.1876
11.181
11.1918
11.187
11.181
11.188
11.1863
11.1886
11.1926
11.1917
11.1881
11.1882
11.1878
11.1874
11.1839
11.1856
11.1924
11.188
11.1747
11.1877
11.1885
11.191
11.1804
11.188
11.1928
11.1896
11.187
11.1902
11.1918
11.1919
11.183
11.1814
11.1823
11.1844
11.1861
11.1878
11.1877
11.1888
11.1861
11.1764
11.188
11.1885
11.1891
11.1876
11.1925
11.192
11.1871
11.1862
11.1877
11.1767
11.1882
11.1855
11.1784
11.1858
11.1871
11.1902
11.177
11.1886
11.1853
11.1877
11.187
11.187
11.1785
11.1871
11.1881
11.1862
11.1882
11.1871
11.1829
11.1932
11.1926
11.1892
11.1923
11.1822
11.1886
11.192
11.1889
11.1875
11.1878
11.187
11.1922
11.1871
11.1886
11.187
11.1907
11.1866
11.1868
11.1929
11.1863
11.1817
11.1892
11.1879
11.1892
11.1874
11.1932
11.1933
11.1923
11.1823
11.1934
11.1898
11.1926
11.185
11.1904
11.1873
11.1873
11.1873
11.1929
11.1925
11.1873
11.1874
11.1928
11.1899
11.1864
11.1872
11.1851
11.1914
11.1843
11.187
11.1919
11.187
11.1875
11.1921
11.1873
11.1904
11.1841
11.1679
11.1864
11.1874
11.187
11.1876
11.1888
11.1863
11.1872
11.1875
11.1925
11.1877
11.1823
11.1875
11.1919
11.1865
11.1876
11.187
11.1916
11.1875
11.1874
11.1862
11.1878
11.1879
11.1872
11.187
11.1858
11.1876
11.1909
11.1874
11.1818
11.18
11.1874
11.1884
11.1873
11.1878
11.1879
11.1877
11.1933
11.191
11.1912
11.1905
11.1877
11.1878
11.1912
11.1909
11.1896
11.1906
11.1866
11.1857
11.1882
11.1863
11.1862
11.1919
11.1909
11.1857
11.1863
11.1905
11.187
11.1804
11.1888
11.1874
11.1859
11.1912
11.1911
11.1885
11.191
11.1856
11.1908
11.1795
11.1874
11.1873
11.1916
11.1893
11.1879
11.1857
11.1901
11.1912
11.186
11.1874
11.1874
11.1915
11.1828
11.1915
11.1865
11.1916
11.1888
11.1868
11.1908
11.1869
11.1886
11.1794
11.1865
11.1784
11.1798
11.1884
11.1862
11.1898
11.1646
11.1724
11.1917
11.1914
11.1865
11.1852
11.1893
11.187
11.1868
11.1857
11.1911
11.1708
11.1888
11.1892
11.162
11.186
11.1885
11.1911
11.1912
11.1895
11.1903
11.1789
11.1521
11.1571
11.1916
11.188
11.1843
11.1879
11.1911
11.1892
11.189
11.188
11.1864
11.1897
11.1558
11.1539
11.1867
11.1888
11.1908
11.1547
11.1511
11.1916
11.1914
11.1905
11.1894
11.1889
11.1566
11.1904
11.1853
11.1863
11.1899
11.1717
11.1906
11.1903
11.188
11.1878
11.1805
11.1895
11.1861
11.1798
11.1868
11.1871
11.19
11.1847
11.18
11.1813
11.1896
11.1862
11.1862
11.1803
11.1894
11.1884
11.1909
11.1902
11.1803
11.1876
11.1865
11.1846
11.1859
11.1932
11.1876
11.1861
11.1899
11.1786
11.17
11.1865
11.1799
11.1829
11.1863
11.1865
11.1796
11.1686
11.1888
11.1909
11.1899
11.1885
11.167
11.1864
11.1922
11.1879
11.1548
11.1601
11.187
11.1903
11.1829
11.1916
11.1921
11.1553
11.1918
11.1825
11.1868
11.1868
11.1831
11.175
11.191
11.1527
11.1912
11.1924
11.1865
11.1924
11.1863
11.1869
11.1871
11.1915
11.1846
11.1611
11.1868
11.1843
11.181
11.1673
11.1768
11.1899
11.1863
11.1867
11.1804
11.1863
11.185
11.1868
11.179
11.1816
11.1822
11.1868
11.1816
11.1878
11.1874
11.191
11.1881
11.1862
11.19
11.1782
11.1871
11.1865
11.1851
11.1949
11.1873
11.1868
11.1821
11.1922
11.1931
11.1906
11.163
11.1861
11.1782
11.1843
11.1839
11.1805
11.1861
11.1821
11.1888
11.1817
11.1862
11.1809
11.181
11.188
11.1842
11.1842
11.1909
11.193
11.1932
11.1963
11.1935
11.1818
11.1941
11.1879
11.1863
11.1936
11.1886
11.1871
11.1906
11.1803
11.1836
11.1829
11.1959
11.1865
11.1797
11.1797
11.1826
11.1783
11.1795
11.1785
11.19
11.1845
11.1826
11.1891
11.1828
11.1803
11.1895
11.1761
11.1793
11.1866
11.1839
11.1984
11.1905
11.1911
11.1815
11.1974
11.1879
11.1898
11.1915
11.1889
11.2012
11.1826
11.1953
11.1862
11.1847
11.1989
11.1902
11.1913
11.1819
11.2003
11.1966
11.1885
11.1874
11.1813
11.1781
11.1861
11.1942
11.1941
11.1812
11.1847
11.1864
11.1859
11.1898
11.1868
11.1714
11.1869
11.2023
11.2032
11.1859
11.1894
11.1872
11.1886
11.1851
11.1942
11.193
11.1868
11.186
11.1865
11.1869
11.1921
11.1913
11.1872
11.1802
11.2028
11.1947
11.1868
11.1883
11.1751
11.1899
11.1871
11.187
11.1942
11.1899
11.1872
11.1876
11.181
11.1877
11.2007
11.1855
11.1994
11.185
11.1936
11.1882
11.1989
11.1888
11.1876
11.186
11.1869
11.1904
11.1934
11.1871
11.1918
11.1792
11.1955
11.1874
11.1894
11.1875
11.1934
11.1928
11.1877
11.1873
11.1935
11.1893
11.1948
11.1987
11.1938
11.1876
11.1872
11.1915
11.1817
11.1881
11.1856
11.1804
11.1799
11.192
11.1872
11.1882
11.1885
11.1785
11.1803
11.1884
11.1864
11.1868
11.1799
11.1867
11.1818
11.1863
11.1898
11.1791
11.1929
11.181
11.1893
11.1929
11.1862
11.194
11.1918
11.1899
11.1919
11.1864
11.1863
11.1761
11.1893
11.1895
11.1899
11.194
11.1938
11.1871
11.1841
11.1824
11.1899
11.1874
11.1941
11.1865
11.1871
11.1928
11.1866
11.1823
11.1926
11.1849
11.1888
11.1814
11.186
11.1881
11.1863
11.1899
11.1887
11.1942
11.1936
11.1943
11.1931
11.1921
11.1929
11.1933
11.1925
11.193
11.1848
11.1827
11.1832
11.1894
11.1936
11.1986
11.1868
11.189
11.1878
11.181
11.195
11.1921
11.1744
11.1883
11.1897
11.181
11.196
11.1868
11.1868
11.1927
11.1867
11.1864
11.1965
11.1875
11.1879
11.1822
11.1981
11.1876
11.1917
11.1862
11.181
11.1874
11.1872
11.1826
11.1845
11.1907
11.1897
11.1837
11.192
11.1866
11.1861
11.1868
11.1926
11.1918
11.1942
11.1886
11.1895
11.1871
11.1812
11.1863
11.1936
11.1878
11.188
11.1766
11.189
11.192
11.1899
11.1937
11.1871
11.1889
11.1902
11.1813
11.193
11.1876
11.1806
11.1911
11.1961
11.1934
11.1899
11.1883
11.1935
11.1994
11.1906
11.1879
11.1939
11.1829
11.1874
11.189
11.1801
11.1858
11.1722
11.1842
11.1883
11.1898
11.1824
11.1833
11.1939
11.1869
11.1906
11.1917
11.1878
11.183
11.1766
11.1911
11.1828
11.1863
11.1901
11.1797
11.1899
11.1909
11.1804
11.1934
11.1876
11.1888
11.1862
11.1838
11.1905
11.1885
11.1859
11.1862
11.199
11.1814
11.1869
11.1899
11.1864
11.1898
11.1931
11.1879
11.1802
11.1886
11.1877
11.1898
11.1864
11.1942
11.1926
11.19
11.1927
11.1882
11.1889
11.1839
11.1927
11.1916
11.2008
11.183
11.198
11.1899
11.202
11.1884
11.1899
11.1933
11.1847
11.1897
11.1938
11.1947
11.1873
11.1886
11.1878
11.1815
11.1875
11.1874
11.1878
11.1937
11.1813
)
;

boundaryField
{
    back
    {
        type            empty;
    }
    front
    {
        type            empty;
    }
    top
    {
        type            zeroGradient;
    }
    outer_arc
    {
        type            zeroGradient;
    }
    bottom
    {
        type            uniformFixedValue;
        uniformValue    
        {
            type            table;
            format          csv;
            file            "outlet_p.csv";
            nHeaderLine     1;
            refColumn       0;
            componentColumns List<label> 1(1);
            separator       ",";
            mergeSeparators 0;
        }
        value           uniform 11.1797;
    }
    inner_arc
    {
        type            zeroGradient;
    }
}


// ************************************************************************* //
