/*--------------------------------*- C++ -*----------------------------------*\
  =========                 |
  \\      /  F ield         | OpenFOAM: The Open Source CFD Toolbox
   \\    /   O peration     | Website:  https://openfoam.org
    \\  /    A nd           | Version:  9
     \\/     M anipulation  |
\*---------------------------------------------------------------------------*/
FoamFile
{
    format      ascii;
    class       surfaceScalarField;
    location    "2.71";
    object      phi;
}
// * * * * * * * * * * * * * * * * * * * * * * * * * * * * * * * * * * * * * //

dimensions      [0 3 -1 0 0 0 0];

internalField   nonuniform List<scalar> 
2420
(
1.11918e-06
-1.03086e-06
-8.83132e-08
1.3404e-07
-1.3404e-07
2.81302e-07
-1.38203e-07
-1.43099e-07
2.32356e-09
-2.32356e-09
-4.77522e-07
1.89419e-07
2.88104e-07
1.23255e-07
-1.40186e-07
1.69302e-08
2.0985e-07
7.14522e-08
-7.11192e-07
5.52567e-08
6.55936e-07
1.41363e-06
-1.61006e-06
1.96433e-07
-3.78413e-07
-9.91093e-08
-7.58226e-07
1.64193e-07
5.94033e-07
-7.07961e-07
-5.02647e-08
-7.11192e-07
-9.3603e-08
-2.82763e-08
1.21879e-07
-9.98766e-08
-2.25569e-07
3.25445e-07
-2.29777e-07
3.11134e-07
-8.13575e-08
2.4359e-07
1.2575e-07
-3.6934e-07
3.13869e-07
-6.14348e-07
3.00479e-07
-1.15026e-08
-1.45699e-08
2.60725e-08
-1.12927e-07
1.93236e-08
9.19805e-08
2.13771e-07
-3.05752e-07
-4.39635e-08
-4.30321e-07
6.07078e-07
-1.76757e-07
-5.48454e-07
1.18132e-07
5.08491e-07
6.10687e-07
5.95809e-09
2.37632e-07
4.56216e-08
-2.75398e-07
-5.30078e-07
-9.81807e-07
1.51189e-06
-1.19516e-06
6.65082e-07
2.04356e-07
-1.12596e-07
-9.17592e-08
-6.14337e-07
-2.30624e-07
8.44961e-07
-1.16614e-07
3.32461e-07
-2.15848e-07
-4.58577e-07
4.24605e-07
3.3972e-08
-2.21898e-07
1.99288e-07
2.26099e-08
-2.86087e-07
5.99957e-07
-1.72607e-07
-4.92912e-08
4.14802e-08
8.17752e-08
1.29572e-07
4.46807e-09
-5.8838e-08
-3.99739e-07
-7.19009e-08
-6.21392e-08
2.07862e-07
-1.15881e-07
5.18566e-07
5.40854e-08
-5.72652e-07
3.12151e-07
-3.70989e-07
5.562e-08
-7.88621e-08
2.32422e-08
1.1978e-07
-5.65464e-08
-6.32332e-08
7.62783e-08
-7.39547e-08
-5.18957e-08
4.95721e-08
1.39443e-07
-1.96637e-08
-1.62782e-07
2.82716e-07
-1.19935e-07
-6.95623e-08
3.81713e-07
-6.84015e-08
-7.17841e-08
-2.54817e-07
-5.40473e-07
4.40597e-07
-9.93741e-07
-6.16319e-07
1.64234e-07
1.16107e-07
-2.80341e-07
2.01414e-07
-1.67867e-07
-3.35471e-08
-5.57908e-08
-4.67516e-08
1.02542e-07
3.79504e-07
-2.15312e-07
-2.45954e-07
9.379e-08
1.52164e-07
4.96936e-07
-2.95521e-07
7.28979e-08
-6.87235e-07
3.78506e-08
-5.38896e-08
1.6039e-08
-8.84197e-07
-1.46667e-07
-9.25905e-07
9.81162e-07
1.06424e-07
-6.057e-08
-4.58545e-08
-4.59205e-07
2.28581e-07
-2.02378e-07
2.02349e-07
2.93114e-11
-3.79688e-07
2.78928e-07
1.0076e-07
2.45458e-07
-5.31545e-07
-2.98874e-08
-1.83664e-10
-2.49356e-07
2.57033e-07
-2.66631e-07
9.59836e-09
-1.44731e-08
-2.11096e-07
4.01329e-07
8.53375e-08
-4.86666e-07
-1.36402e-07
5.28118e-08
8.35904e-08
-1.14377e-06
-5.13911e-08
-2.15892e-07
4.6135e-07
1.52071e-07
7.82018e-08
1.26154e-07
1.1692e-07
-1.04951e-08
-1.13045e-07
-2.33573e-08
3.2182e-07
-1.57585e-07
-3.86791e-08
9.42991e-08
1.06462e-07
1.8843e-07
-2.94892e-07
3.32037e-08
-1.65928e-07
1.32724e-07
5.02223e-07
-1.00895e-07
2.39494e-07
1.75393e-08
4.64745e-07
2.50834e-08
-4.89828e-07
-3.88355e-07
1.35611e-07
2.52743e-07
-2.28748e-07
-1.59607e-07
-1.00183e-07
-4.29152e-08
-5.57559e-08
4.42533e-08
2.55416e-08
-1.88323e-07
6.05745e-08
-1.65781e-08
-4.39964e-08
-2.09233e-08
6.35342e-09
-2.08995e-07
6.6171e-09
-1.86256e-07
-5.96975e-08
2.39247e-07
9.32144e-08
-4.67364e-07
1.45516e-07
3.21849e-07
8.3419e-08
-1.83602e-07
-1.83416e-07
2.24732e-07
-4.13154e-08
1.63621e-07
1.19095e-07
-1.63822e-07
-1.9594e-08
2.68584e-07
-3.14701e-07
4.61173e-08
6.8341e-09
3.10165e-08
-1.13074e-06
2.4219e-07
8.88547e-07
-8.9932e-09
-1.03603e-07
-1.79802e-07
-2.87562e-07
7.4859e-08
-2.42726e-07
2.61976e-09
-3.36163e-07
3.33543e-07
1.90562e-08
-7.27018e-07
2.62252e-07
-1.87393e-07
3.38547e-07
-2.32085e-07
1.04452e-06
-1.61789e-07
-8.82732e-07
-1.95544e-07
-9.41274e-07
-1.89463e-07
1.70068e-07
-1.80893e-07
6.45638e-07
2.49727e-07
1.88572e-08
2.66126e-07
-3.87342e-09
1.439e-08
-5.98075e-07
5.83685e-07
-3.01401e-08
-5.85642e-07
6.15782e-07
-1.07012e-07
-2.34836e-07
3.41849e-07
-1.69525e-07
-3.94699e-08
-8.67687e-07
2.09941e-07
6.57746e-07
-3.29183e-07
2.59621e-07
3.61072e-08
2.44674e-08
1.01711e-07
2.09423e-07
1.68311e-07
-3.73886e-07
2.05575e-07
3.46996e-07
-1.45602e-07
-2.01393e-07
-3.36539e-07
3.39159e-07
-1.14573e-06
2.19826e-07
-5.66556e-07
-3.01131e-07
-1.894e-08
1.894e-08
-5.82546e-09
-1.56301e-07
1.62127e-07
-3.49519e-07
-1.59007e-07
5.08526e-07
-5.40473e-07
-4.67516e-08
1.23243e-07
7.91051e-08
4.96936e-07
1.48164e-07
-1.02542e-07
-1.48164e-07
8.82033e-08
5.99607e-08
1.32278e-08
4.56049e-07
-4.69277e-07
9.62011e-08
3.6934e-07
-4.65541e-07
-4.56049e-07
4.70439e-07
-2.61585e-07
4.69277e-07
-2.07692e-07
-2.93957e-08
2.95521e-07
-2.37088e-07
2.93957e-08
2.07692e-07
-5.98534e-07
6.36653e-07
-3.81189e-08
5.98534e-07
-5.25636e-07
-6.36653e-07
4.65541e-07
1.71112e-07
-4.70439e-07
5.55776e-07
-5.55776e-07
5.25636e-07
-1.17072e-08
-1.5422e-07
-3.54761e-08
-2.93707e-07
6.69889e-08
-1.27559e-07
-2.41095e-07
5.62065e-07
-3.20969e-07
1.03248e-07
-4.69029e-08
-5.0268e-07
1.70717e-07
-9.03051e-07
7.32334e-07
-1.26966e-06
2.75922e-07
4.40176e-07
1.21889e-07
4.53403e-07
1.3624e-07
-3.22496e-07
-1.59813e-06
7.59477e-07
-9.21266e-07
5.52068e-08
1.01757e-07
-3.1765e-07
7.04082e-07
-5.78332e-07
-4.9339e-07
8.43248e-08
4.09065e-07
-4.48778e-07
2.11691e-07
-1.18348e-06
1.9218e-07
9.91303e-07
-9.41292e-07
8.15693e-08
2.65426e-07
-9.71362e-08
1.98893e-07
5.21963e-08
3.33496e-07
-3.85692e-07
-9.16246e-08
-2.1302e-08
1.02064e-07
-2.79741e-07
-2.13649e-07
1.21193e-08
-8.05208e-08
-1.59715e-07
5.2703e-08
7.54429e-08
-3.74799e-08
-3.7963e-08
-4.42544e-07
-2.20203e-08
4.64565e-07
-1.10639e-07
-2.40553e-09
-3.90348e-07
4.232e-07
2.78507e-08
-4.51051e-07
-4.59821e-07
1.8008e-07
-3.02252e-08
-2.63213e-08
-6.09945e-08
7.10486e-09
-3.2246e-07
-6.31759e-08
3.85636e-07
-3.23947e-07
6.91295e-08
-4.53738e-07
-1.06702e-07
5.6044e-07
-2.79332e-08
1.0074e-07
-4.75759e-07
2.26913e-07
-2.0183e-07
-1.57847e-07
-3.01974e-07
-1.06324e-07
9.26751e-08
1.36491e-08
4.95648e-08
-1.55889e-07
-1.55581e-07
-2.70313e-07
4.25893e-07
-1.43085e-07
3.56856e-07
-4.15255e-07
4.10956e-07
4.2986e-09
3.30365e-07
-3.93541e-07
-2.3483e-07
4.03141e-07
2.96307e-07
-9.7019e-08
3.79972e-07
-8.92839e-07
5.12867e-07
2.54477e-07
-5.78423e-07
-7.77263e-08
9.69418e-07
2.0121e-08
-1.11746e-07
4.44949e-08
7.87486e-08
1.44672e-07
-3.17279e-07
-5.61632e-07
7.32349e-07
3.81013e-07
5.12455e-07
-8.93468e-07
2.26407e-07
-3.84253e-07
2.8804e-08
-6.6258e-08
3.65012e-07
5.95936e-08
-5.52003e-07
3.86742e-07
1.6526e-07
-5.02433e-08
6.12284e-07
-4.43581e-07
-1.68703e-07
1.87149e-07
4.25135e-07
-3.15188e-07
-8.36035e-07
2.43447e-07
5.92589e-07
-1.37203e-07
-6.98832e-07
-3.39902e-07
4.01754e-07
-6.18521e-08
-4.65301e-07
7.60271e-08
3.89274e-07
-7.26743e-08
-3.92627e-07
2.98612e-07
1.62738e-07
4.18127e-07
-7.1706e-09
-4.36028e-07
9.61256e-08
-5.50283e-07
3.17343e-07
1.30217e-08
-4.3867e-07
6.25819e-07
1.20279e-07
1.012e-07
-2.21479e-07
2.34788e-07
8.84456e-08
-1.30027e-08
2.68495e-07
-1.48216e-07
1.37313e-08
5.20869e-09
-3.41372e-07
-2.10631e-07
-1.39885e-07
1.57424e-07
9.22658e-07
-4.15901e-07
-5.06757e-07
-9.30037e-07
-3.39625e-07
1.2177e-07
6.13149e-07
-2.5714e-08
-5.31482e-08
8.1846e-08
-7.72468e-09
-7.41213e-08
6.34449e-07
-4.89756e-08
4.67103e-07
-5.11826e-07
7.96118e-08
4.08058e-07
-4.8767e-07
-5.24915e-07
1.83543e-07
-7.20154e-08
-2.51208e-08
3.68164e-07
-3.0857e-07
-7.14978e-07
-1.45442e-07
8.60421e-07
3.82091e-07
-4.85949e-08
6.54196e-07
-2.29061e-07
-6.59679e-08
-6.5164e-08
1.4701e-07
9.12377e-07
-8.73134e-07
-3.92432e-08
3.63304e-07
4.85954e-09
1.69797e-07
-2.05273e-07
3.82149e-07
-4.32392e-07
2.21154e-07
-4.26192e-08
-1.78535e-07
4.40597e-07
4.43444e-07
-1.44832e-07
5.82204e-08
-3.91636e-08
4.21254e-07
3.14552e-07
-1.51814e-07
1.53632e-07
2.89812e-07
5.23358e-07
3.993e-07
-1.78335e-07
-3.4658e-07
2.22087e-07
8.36196e-08
-3.05707e-07
2.04395e-07
8.80965e-07
-1.08536e-06
-3.22828e-07
2.77473e-07
4.53544e-08
8.21621e-07
-8.54838e-07
3.32168e-08
-1.85694e-07
3.39325e-07
-5.56304e-08
-4.84843e-07
-2.65875e-07
2.10245e-07
-8.94346e-08
3.79247e-07
2.5662e-07
1.29016e-07
4.61634e-07
-3.41397e-07
-1.20237e-07
3.67603e-07
4.55125e-07
-4.82975e-07
4.15429e-08
2.79333e-09
2.87352e-07
-2.90145e-07
7.06602e-07
-6.22277e-07
1.43199e-07
1.74144e-07
4.29112e-07
7.053e-08
-4.99642e-07
6.55936e-07
-6.50021e-07
5.20869e-09
4.40234e-07
-2.96638e-07
-1.43596e-07
-3.89602e-07
4.64064e-07
-7.44616e-08
1.54564e-08
1.00852e-08
1.54564e-08
-5.3801e-07
3.98336e-07
1.39674e-07
4.23234e-07
2.30962e-07
-4.66663e-07
4.56085e-07
1.0578e-08
-4.25401e-07
5.47171e-07
7.18076e-08
-1.59338e-07
8.75301e-08
6.97736e-07
-2.74503e-07
-1.44948e-07
-1.42158e-07
2.87106e-07
-6.66787e-07
7.62988e-07
-9.81025e-07
2.66047e-07
2.96456e-08
2.15007e-07
6.38247e-08
4.66976e-07
2.3076e-07
-3.89386e-07
4.68998e-07
-1.92878e-07
1.95671e-07
7.20315e-08
-1.08898e-07
-2.59948e-09
-1.33652e-07
7.39547e-08
-1.33652e-07
-5.15133e-08
-4.98859e-08
4.57944e-07
3.34596e-07
-3.73953e-07
3.93571e-08
-4.23858e-07
3.74883e-07
3.0316e-07
-5.08469e-08
5.08469e-08
4.08439e-07
1.38732e-07
-2.50111e-07
9.0773e-08
4.32419e-07
1.93401e-07
2.88613e-07
4.59827e-08
2.92211e-07
-6.09483e-07
3.80423e-07
-2.37089e-07
-4.63848e-07
-5.53746e-07
2.00418e-07
3.53328e-07
1.28858e-07
-6.97951e-07
5.60747e-07
-4.84843e-07
-1.5541e-07
5.26615e-07
4.79576e-07
3.60728e-07
6.05261e-08
4.19223e-07
-4.19223e-07
-4.20147e-08
-2.28298e-07
-6.21923e-07
-4.4701e-07
4.4441e-07
7.42436e-07
-7.61071e-07
1.86353e-08
-2.41144e-07
7.0812e-07
-4.09065e-07
6.44904e-07
-2.64481e-07
-1.14936e-07
2.55052e-07
-1.40116e-07
5.39031e-07
-6.87087e-07
1.48056e-07
1.20926e-08
-5.62556e-08
-1.71575e-07
9.14011e-07
1.29345e-06
-2.26688e-07
-1.06676e-06
-1.08253e-07
1.08253e-07
2.46881e-07
-3.1025e-07
3.1025e-07
-8.10935e-08
3.03973e-07
1.37638e-07
-4.41611e-07
1.7479e-07
-1.7479e-07
-4.5418e-07
-1.8393e-07
1.8393e-07
6.80287e-07
-3.70401e-07
-3.09886e-07
2.22005e-07
-2.22005e-07
-2.74061e-08
6.58536e-07
-1.35754e-07
-5.22782e-07
7.79955e-07
3.22099e-07
7.96551e-08
-5.77769e-07
2.30295e-07
-2.92147e-07
2.98542e-07
9.9491e-07
7.65319e-07
-8.04562e-07
-1.14001e-06
9.13327e-07
8.85208e-08
4.38094e-07
-5.44694e-08
4.39143e-07
7.6717e-08
1.94377e-07
6.63381e-07
-1.23327e-07
1.58145e-07
-2.0016e-07
1.67308e-07
4.91228e-07
-6.70314e-07
4.80365e-08
5.62947e-07
-2.09619e-07
6.24176e-07
-1.85033e-07
6.09976e-07
9.8144e-08
-1.10161e-06
-5.10074e-07
-2.94536e-07
8.0461e-07
3.18701e-07
-1.82712e-07
-1.3599e-07
-9.19562e-07
1.2181e-06
-7.56008e-07
-9.88291e-08
1.80753e-08
3.10139e-07
-3.28215e-07
4.11871e-07
5.5232e-08
-4.90234e-07
-1.63295e-07
3.2144e-07
1.29572e-07
4.32464e-07
-5.68218e-07
-1.20507e-07
1.20507e-07
-3.74841e-07
-6.81336e-07
1.05618e-06
-3.05005e-07
-8.3501e-07
4.50539e-07
5.01506e-07
-8.96357e-08
-4.18323e-07
8.32556e-07
-4.14233e-07
1.22915e-07
-1.81559e-07
1.08885e-07
-8.89843e-07
5.84838e-07
-6.84586e-09
6.31022e-07
2.77682e-07
-7.87756e-07
-1.2944e-06
3.10926e-09
-5.9964e-09
2.88714e-09
6.0313e-07
-1.63553e-07
-4.24146e-07
5.87699e-07
-2.76828e-08
6.69237e-07
-6.41554e-07
-8.0359e-08
2.98465e-07
6.0184e-07
-6.66944e-07
8.82884e-07
-2.1594e-07
-4.61762e-07
1.53327e-07
-3.56895e-07
2.03568e-07
4.67469e-07
1.66477e-07
3.36123e-08
-2.00089e-07
-1.09966e-06
-7.7346e-07
-6.47426e-08
8.38203e-07
-8.99545e-08
3.93928e-07
6.98448e-09
4.18909e-07
-5.31389e-08
5.31389e-08
1.82211e-07
6.50346e-07
1.96547e-07
1.03812e-06
-1.23467e-06
-1.41612e-07
-2.16832e-08
8.44455e-07
-2.41325e-07
-1.11131e-06
2.76302e-07
-5.91249e-07
-8.04826e-07
4.98894e-07
3.05932e-07
7.65865e-08
-2.6324e-07
-5.41586e-07
-2.07885e-07
-8.70176e-07
2.03232e-07
-6.28916e-07
1.63646e-06
-1.00754e-06
6.89217e-07
1.73697e-07
-8.62914e-07
-1.31443e-06
2.47661e-07
-1.80959e-07
-1.30074e-06
1.04674e-06
2.54001e-07
8.62109e-07
-3.31258e-07
-5.30851e-07
-4.22081e-07
-6.89232e-07
6.19644e-07
1.56437e-07
-1.1993e-06
3.99128e-07
8.00177e-07
-1.1042e-06
-1.51252e-06
8.83599e-07
-4.05057e-07
6.82739e-07
-1.55947e-07
4.22374e-07
2.32947e-07
8.45658e-07
-1.07861e-06
1.10276e-06
-7.03633e-07
6.97696e-07
4.05065e-07
3.39613e-07
-1.75135e-08
1.68528e-07
1.54414e-06
-6.26056e-07
-9.18079e-07
8.95183e-07
-1.97487e-07
1.00469e-06
-1.09503e-07
-4.89848e-07
-5.99894e-07
1.08974e-06
5.91384e-07
-3.95125e-07
-1.96259e-07
1.95248e-07
-2.50536e-07
5.52876e-08
6.37175e-07
-1.01123e-07
-4.67094e-07
8.57005e-07
-6.24058e-07
-5.63672e-07
7.37369e-07
-7.1717e-07
-3.38539e-07
1.05571e-06
-1.61647e-07
9.96481e-08
3.86108e-07
-4.85756e-07
-3.70986e-07
4.2771e-08
2.79688e-07
-4.39598e-07
1.5991e-07
7.13087e-07
8.31049e-07
-6.23476e-07
2.47784e-07
3.75692e-07
4.42772e-07
9.76173e-08
-7.59171e-07
6.61553e-07
4.95672e-07
7.54156e-07
-1.24983e-06
-7.81912e-07
-6.82925e-07
4.40671e-07
2.42254e-07
-1.50888e-07
3.48354e-07
-7.5215e-07
8.49767e-07
-5.22227e-07
-3.01471e-07
8.23698e-07
6.66148e-07
-4.48979e-07
-7.6083e-07
1.20981e-06
-5.84135e-07
6.06046e-07
-2.19104e-08
9.71207e-07
-3.51028e-07
-6.20179e-07
1.36826e-07
-7.00498e-07
-1.01684e-06
-1.68466e-07
5.54574e-07
1.83254e-07
5.67298e-07
-7.50551e-07
1.12347e-06
-3.69311e-07
-2.71077e-07
-6.05803e-07
8.7688e-07
4.55815e-07
-3.4893e-07
-7.59189e-08
-6.83252e-07
1.38689e-06
-5.03288e-07
-3.19852e-07
1.43257e-06
-1.11272e-06
-4.19636e-07
-2.63289e-07
5.35452e-07
-3.06871e-07
-7.56066e-07
1.17329e-06
-4.17221e-07
-3.82054e-07
7.94076e-07
-4.12023e-07
9.74623e-07
-5.69559e-07
1.15816e-07
-4.50155e-07
2.80671e-07
1.69484e-07
-7.03144e-07
3.52116e-07
1.13559e-06
-1.45544e-06
1.14876e-06
-5.97058e-07
-5.51702e-07
-5.92857e-07
2.91386e-07
-3.92927e-07
-2.30549e-07
4.6917e-07
-4.6917e-07
-1.42876e-07
1.42876e-07
6.53926e-08
-6.53926e-08
-6.21392e-08
1.00852e-08
-3.7366e-07
3.7366e-07
-2.07096e-07
2.07096e-07
1.28538e-07
-1.28538e-07
-1.80226e-07
-8.90072e-08
8.90072e-08
-5.18957e-08
2.98347e-07
-2.98347e-07
3.63431e-08
-3.63431e-08
5.05603e-07
-5.05603e-07
-2.27604e-07
2.27604e-07
-1.05973e-06
1.26776e-06
-2.08035e-07
-1.8701e-07
1.8701e-07
-1.77404e-07
1.77404e-07
4.05345e-07
9.10458e-07
-1.3158e-06
4.48453e-07
-8.17764e-07
1.54094e-06
-1.43464e-07
1.27678e-06
-8.20965e-07
5.58535e-07
-6.34454e-07
5.68903e-07
7.18379e-07
4.91577e-08
3.95683e-07
-4.4484e-07
1.41228e-07
-3.66911e-07
8.79778e-07
2.88876e-07
4.57398e-07
-7.46274e-07
-2.4926e-07
-5.76109e-08
-1.60169e-06
5.94148e-07
-5.10691e-07
-1.89807e-07
6.36933e-07
-9.06667e-07
7.97164e-07
-6.7385e-07
-1.89064e-07
-8.05614e-07
5.34537e-07
7.06194e-07
-1.07311e-06
-1.0776e-06
-5.24092e-07
-3.3937e-07
-2.49965e-07
2.28282e-07
-3.90559e-07
1.2727e-07
5.14472e-07
-2.54691e-07
-2.4074e-07
5.67572e-07
-4.29486e-07
6.07692e-07
-2.01527e-07
4.92914e-07
-6.86543e-07
1.75851e-07
-1.0712e-06
6.89147e-07
-7.58391e-07
1.84439e-07
5.73952e-07
7.03791e-07
-7.58193e-07
5.44021e-08
2.17053e-07
-1.3164e-06
6.78704e-07
6.37695e-07
-1.43893e-06
6.82861e-07
-1.43159e-06
7.04318e-07
7.27268e-07
7.10878e-07
-4.30207e-07
-4.4817e-07
6.79565e-08
-1.33491e-06
7.37852e-07
-8.63657e-07
-1.20628e-06
7.70108e-07
4.36172e-07
4.18601e-07
-2.3522e-07
-1.22022e-06
-1.06457e-06
-2.51238e-07
8.82033e-08
-1.08455e-06
2.94212e-07
7.90337e-07
-4.75063e-07
3.31599e-07
-5.75805e-07
-2.4196e-07
5.84e-07
-4.95454e-07
-3.47793e-07
-3.6741e-07
-4.69399e-07
5.28505e-07
-5.91059e-08
-2.67942e-07
-4.73145e-08
-1.72488e-08
4.12932e-07
-6.27252e-07
-7.60223e-07
-7.48725e-07
-1.75803e-07
-5.82588e-07
1.12817e-07
5.37529e-07
8.88586e-07
-7.04146e-07
-6.30592e-07
-6.96901e-08
-1.35471e-07
2.05161e-07
-9.15175e-07
-4.68428e-07
-4.49259e-07
1.94568e-07
5.39055e-07
-4.02815e-07
-1.29979e-06
3.5497e-07
9.42116e-07
-8.74434e-07
-6.76817e-08
-1.28278e-07
4.64928e-07
2.97095e-07
6.90878e-07
-6.28291e-07
2.23234e-07
1.27862e-06
-1.08625e-08
-2.71217e-07
-1.22117e-07
-7.70662e-07
8.92779e-07
4.22671e-07
2.81411e-07
-3.1444e-07
-5.94059e-07
1.26021e-06
-9.79887e-07
9.32573e-07
-5.84021e-08
1.17114e-06
-1.11274e-06
8.81707e-07
1.04142e-06
-1.54942e-06
5.07999e-07
-5.84242e-08
-9.21463e-07
-9.48905e-07
7.59841e-07
-1.51428e-06
8.87028e-07
-2.09712e-07
-1.38081e-07
1.00041e-06
-6.46207e-08
-5.69833e-07
6.96817e-07
-6.11836e-07
-2.51821e-07
3.82053e-08
-3.8176e-08
-2.24297e-07
1.25847e-06
7.88444e-07
-1.41904e-06
-1.48532e-08
2.53384e-07
-2.3853e-07
-8.9716e-07
3.36629e-07
5.6053e-07
-4.15349e-07
-2.9491e-08
4.2437e-07
-6.00173e-07
-9.12077e-07
6.96137e-07
2.51202e-07
-2.3956e-07
-1.16424e-08
-2.33521e-08
-1.61178e-08
-9.21445e-07
7.40486e-07
-2.0032e-07
-7.48585e-07
6.80692e-07
-1.0674e-07
2.6661e-07
8.05369e-07
-1.10859e-07
-6.9451e-07
-1.378e-07
-6.27112e-07
3.28425e-07
-9.9135e-07
7.9103e-07
-2.01013e-07
-4.7997e-07
-4.07982e-07
8.35033e-07
-4.27052e-07
-9.71676e-07
-1.20438e-06
1.19351e-06
-1.61604e-07
5.40929e-08
1.06271e-07
-9.80705e-07
-6.54853e-07
-1.12695e-06
5.32891e-07
-8.35523e-07
4.52184e-07
3.8334e-07
-8.63216e-07
4.07796e-07
4.5542e-07
2.23893e-07
-1.28754e-06
9.20133e-07
-9.31659e-07
7.70055e-07
-7.72135e-07
1.43309e-07
3.85195e-07
4.60266e-07
7.23671e-07
-1.18394e-06
5.4694e-07
-4.72109e-07
-1.89223e-07
1.60437e-07
2.87862e-08
-6.73082e-07
-2.14e-07
8.87082e-07
8.85883e-07
7.16685e-07
-2.94014e-07
7.776e-07
-1.09204e-06
1.40629e-07
8.30489e-08
2.04058e-07
2.3103e-07
7.15517e-08
-8.2756e-07
2.62082e-07
-7.05127e-07
4.43045e-07
-1.71591e-07
6.97638e-07
-1.27134e-07
-5.70504e-07
-2.06472e-07
-6.13069e-07
8.9448e-07
-2.2e-07
5.84038e-07
-3.64038e-07
-2.77515e-07
-1.94076e-07
-3.71482e-07
-3.08544e-07
6.80026e-07
-6.08602e-07
-1.97011e-07
5.26412e-07
-1.02041e-07
1.30861e-07
7.18906e-07
6.02988e-08
-2.98829e-07
-2.22278e-07
3.65587e-07
-3.39415e-07
-4.39242e-07
-1.11017e-06
-6.06008e-07
8.6809e-07
9.13159e-07
-2.17022e-07
-1.74207e-08
1.30292e-09
4.19671e-07
6.35643e-07
2.2909e-07
4.34437e-08
-2.72534e-07
4.81361e-07
2.35325e-07
2.18914e-07
-8.31983e-07
6.06934e-08
1.90509e-07
-5.00627e-07
-1.48308e-07
6.48934e-07
-8.90104e-07
-9.79399e-07
-7.79464e-07
-7.65854e-07
3.19932e-07
4.45922e-07
-4.11033e-07
-3.46508e-07
4.07201e-07
2.53197e-07
-2.93978e-07
4.07809e-08
-8.22602e-07
-3.49441e-07
9.09972e-07
-4.59039e-07
9.04961e-07
-4.94815e-07
-9.5165e-08
3.48362e-07
1.60541e-06
1.24871e-06
-3.29787e-07
7.29325e-07
-9.00916e-07
-1.0159e-06
3.11757e-07
-2.92233e-07
2.81279e-07
-9.16922e-07
5.67481e-07
4.98939e-07
7.80282e-07
2.34449e-07
-4.54449e-07
-1.60779e-07
-8.09546e-07
-6.0949e-07
7.04862e-08
-3.10046e-07
4.35441e-07
3.51456e-07
3.30168e-07
-6.81624e-07
-5.18132e-07
8.85974e-07
-3.67841e-07
8.45185e-07
-2.07194e-07
2.75494e-07
4.24329e-07
-5.51463e-07
4.45398e-07
-1.69904e-07
-3.30357e-07
-3.83883e-07
-4.77325e-07
8.61208e-07
-1.55827e-06
-4.75115e-07
8.82911e-07
-2.65706e-07
4.8894e-07
1.00002e-06
-2.98953e-07
-7.01065e-07
3.88566e-07
2.9146e-07
4.19711e-07
-4.28508e-07
8.79709e-09
-5.79198e-07
-2.90111e-07
8.6931e-07
-3.57708e-07
1.40388e-07
8.87025e-08
1.21523e-07
8.78495e-07
-9.02016e-07
9.14926e-07
-4.15987e-07
9.16802e-07
-8.74821e-07
4.62204e-07
-8.89256e-07
4.52228e-08
-4.71484e-07
2.05779e-07
6.67207e-07
5.42603e-07
-6.81664e-07
2.14569e-07
-9.71541e-08
1.85857e-07
4.39811e-07
5.27554e-08
3.60176e-07
-3.04348e-07
5.54716e-07
4.61601e-07
3.62097e-07
4.97174e-07
-9.13161e-07
-7.22412e-07
1.51908e-07
-7.45858e-07
2.23076e-07
3.4568e-07
5.312e-07
7.83381e-07
-3.27961e-07
3.65975e-07
-1.31526e-07
5.32127e-07
7.55651e-08
2.15737e-07
2.67448e-07
1.7795e-07
1.96071e-07
5.1507e-07
8.13234e-07
-5.97497e-07
5.75313e-09
1.54684e-07
5.95012e-07
-6.73287e-08
-5.27683e-07
-8.23403e-07
5.31289e-07
2.92114e-07
-8.31474e-07
6.70694e-07
4.9946e-07
-1.08121e-07
-4.75048e-07
-2.06615e-07
-3.92082e-07
-5.58908e-07
2.19493e-07
-3.06521e-07
-1.83307e-07
-3.08333e-07
7.34796e-07
2.30157e-07
2.62756e-07
3.73568e-07
-3.30124e-07
1.20161e-07
-8.57523e-07
9.79046e-07
-6.24551e-07
-9.78607e-08
-2.51992e-07
-1.12567e-07
6.92195e-08
-4.0289e-07
-5.85586e-07
-2.28808e-07
8.14394e-07
7.7137e-07
-6.99818e-07
6.91759e-07
2.88491e-07
-3.61941e-08
-3.20389e-07
3.56583e-07
-1.37365e-06
7.64162e-07
3.91246e-07
-2.93017e-07
-9.82284e-08
7.36875e-07
3.44948e-08
5.4597e-07
-3.10645e-07
4.51352e-07
-6.91261e-07
3.27224e-07
1.0293e-06
-4.51918e-07
-2.39344e-07
-7.37119e-07
-6.09505e-07
-8.43872e-07
2.58286e-07
-4.38981e-07
6.35655e-07
-1.96674e-07
2.91724e-07
-1.78142e-08
5.84883e-07
-3.19297e-07
-1.65107e-07
4.84404e-07
-2.72898e-07
5.52586e-07
1.57176e-07
-2.97292e-07
7.93606e-07
-5.7053e-07
4.18431e-07
2.30503e-07
-1.92496e-07
-4.39232e-07
-5.64797e-07
7.32105e-07
3.65929e-07
-6.04088e-07
1.46096e-07
2.61105e-07
-3.87717e-07
-4.4289e-08
5.15274e-08
3.39718e-07
7.70092e-07
-4.7994e-07
6.63194e-07
1.12517e-07
-4.83814e-07
3.71298e-07
5.41379e-07
1.90726e-07
3.77788e-08
5.63826e-08
-9.41614e-08
5.64527e-07
1.73276e-07
5.32794e-07
-2.02626e-07
-1.47896e-07
5.32452e-07
-3.84555e-07
8.44322e-07
-3.13122e-07
-4.19775e-07
8.46829e-07
4.5224e-07
-5.30022e-07
1.83443e-07
3.1994e-08
6.71363e-07
-1.29983e-07
5.08417e-08
-7.5066e-07
7.22692e-07
-1.58014e-07
-5.64678e-07
2.4034e-07
-1.0045e-08
-5.47428e-07
7.08525e-07
-1.61097e-07
-5.15298e-07
6.86316e-07
-1.71018e-07
1.55715e-07
-2.15236e-07
2.27407e-08
4.87022e-07
-6.44409e-08
-3.67553e-07
-5.65932e-08
4.48586e-07
-7.6504e-07
-6.23487e-07
-2.76299e-07
-2.38082e-08
-2.48726e-07
6.09529e-07
-1.92503e-07
1.9539e-07
2.49658e-07
-4.82787e-07
-1.63992e-07
6.4678e-07
9.33812e-08
2.29311e-08
-1.16312e-07
-9.62373e-07
-1.16232e-07
2.0267e-07
2.65292e-07
4.26466e-07
4.06835e-07
2.14492e-07
1.75264e-07
5.05135e-07
1.66228e-07
-7.87516e-10
-2.9223e-07
3.35382e-07
-8.4286e-08
-2.51096e-07
-1.73707e-07
4.69615e-07
-9.4732e-08
-4.56327e-07
3.25183e-07
2.79366e-07
-4.88985e-07
-3.01488e-07
-8.55774e-09
-5.97334e-07
6.48176e-07
4.96644e-08
3.59074e-07
-6.68626e-08
-5.66855e-07
6.89401e-07
-1.22546e-07
-1.29266e-07
-5.22324e-07
6.69472e-07
-1.47148e-07
-5.76455e-08
3.45926e-07
-2.88281e-07
3.92608e-07
-2.83769e-07
3.77917e-08
1.5795e-07
-1.95741e-07
-1.32628e-07
1.77851e-07
6.17651e-07
5.36829e-07
1.71696e-07
4.82078e-08
-7.41791e-08
2.59713e-08
5.67815e-07
-3.28749e-07
-1.83242e-07
4.59638e-07
-4.23719e-07
1.3995e-07
5.73354e-07
-1.13717e-07
4.37831e-07
-7.02261e-07
7.36756e-07
-6.33861e-07
3.65272e-08
1.02617e-07
1.19558e-08
-1.95198e-07
4.12257e-07
4.45647e-08
6.44836e-07
8.4409e-08
7.7718e-08
-3.72846e-07
-5.06757e-07
3.51347e-07
2.22827e-07
2.00204e-07
1.93723e-07
-5.89297e-07
-1.05824e-07
1.11846e-07
2.06856e-07
-3.44702e-08
5.44778e-07
-1.32521e-07
8.59995e-08
3.41084e-07
-1.4088e-07
4.99326e-08
3.60669e-08
-6.78145e-07
-1.57486e-07
8.35631e-07
-9.36933e-07
-2.97737e-07
1.39838e-07
-6.97807e-07
-1.29754e-07
9.02576e-08
2.50827e-07
-4.76105e-07
1.14149e-07
3.61956e-07
-8.03631e-07
-3.45483e-08
-6.59708e-08
1.00519e-07
1.71932e-07
6.18884e-08
-7.29689e-07
7.735e-07
-4.38113e-08
-1.26147e-07
-2.59546e-07
-4.24507e-07
4.73089e-07
-3.24182e-07
3.02818e-07
-7.03963e-08
2.64773e-07
-1.63257e-07
2.56638e-07
1.88278e-07
-1.58839e-07
3.2246e-07
-1.39532e-07
6.32948e-08
7.62369e-08
-1.06587e-06
1.07357e-06
-7.70621e-09
3.4271e-07
-8.16048e-08
-3.65776e-07
2.48207e-07
-3.79979e-07
-8.07898e-07
1.73822e-07
-5.82784e-07
-1.6461e-07
2.50785e-08
-3.22506e-07
-1.02e-07
1.1327e-07
-1.41461e-07
2.81913e-08
-1.32446e-07
7.24743e-07
-5.41301e-07
-2.47543e-07
1.12156e-06
-8.45634e-07
1.05569e-07
-1.64046e-07
2.27955e-07
2.43511e-07
2.13444e-07
1.61672e-07
-1.46513e-08
2.73326e-07
-2.36683e-08
-7.22503e-07
7.57835e-07
-1.90537e-07
5.67257e-07
-8.18326e-08
-8.15771e-07
8.97604e-07
-1.74971e-07
7.61788e-07
-5.86817e-07
7.508e-07
2.41711e-07
-4.60397e-08
7.0876e-07
-4.62565e-07
1.40058e-07
-4.84557e-07
-5.02412e-07
9.86969e-07
4.01997e-07
-3.06997e-08
-2.42128e-07
1.71732e-07
2.07054e-07
-7.77149e-07
6.54603e-07
6.20318e-07
1.30483e-07
9.09432e-07
-9.63901e-07
-2.91912e-07
-1.70652e-07
7.85578e-07
2.17412e-07
-1.33548e-08
1.8464e-07
3.80648e-07
1.74897e-07
2.7097e-07
-4.22329e-08
4.34997e-07
-1.41179e-07
-2.93818e-07
-1.67459e-07
-6.40439e-07
8.39138e-08
-1.41559e-07
7.89466e-07
-6.1777e-07
7.36795e-07
-2.31871e-07
-5.04923e-07
4.29708e-07
2.38889e-07
-2.0578e-09
3.81008e-08
-3.6043e-08
-3.01307e-08
3.43338e-07
-7.03745e-07
8.2666e-07
-5.88901e-09
-1.10423e-07
2.22781e-07
4.59958e-07
-8.18856e-07
8.66892e-07
7.36802e-07
-1.06622e-06
4.96665e-07
-6.1464e-07
-1.62509e-07
-1.88771e-07
5.66118e-07
-1.74848e-07
-1.23958e-07
2.98807e-07
2.84319e-07
6.05015e-07
-7.79986e-07
-2.51419e-07
3.22821e-10
7.80448e-09
-6.73126e-07
-1.0006e-07
-1.00669e-06
9.7009e-08
-1.0383e-06
-1.89943e-08
-7.45688e-07
1.8101e-07
4.74455e-07
-1.20172e-06
-1.49028e-07
1.6951e-07
1.73957e-07
-8.12881e-08
1.71721e-07
7.64862e-08
-8.67284e-07
9.71348e-08
-3.32679e-08
5.86181e-09
2.26682e-07
5.87712e-07
3.51035e-07
3.58281e-07
7.80248e-08
5.40121e-07
2.13405e-07
2.5674e-07
5.4787e-07
6.44974e-08
1.58577e-07
4.01449e-07
-1.03914e-06
-1.40554e-07
-3.31631e-07
2.75038e-07
-1.83792e-07
-7.80279e-07
-5.7946e-07
1.06172e-08
-1.34576e-07
1.4172e-07
1.24947e-07
1.92632e-07
1.50835e-07
2.51193e-07
-1.13393e-07
4.15098e-07
4.3798e-07
-4.92382e-07
-6.61683e-08
-6.21094e-08
5.98977e-07
-7.89514e-07
1.98978e-07
-7.78438e-07
8.38866e-08
1.44108e-07
9.27249e-07
1.0313e-07
6.96696e-08
-5.74285e-07
8.00967e-07
1.38401e-07
-4.18914e-07
4.16334e-07
1.85506e-07
-8.51048e-07
1.72033e-07
6.79015e-07
5.95809e-09
1.7535e-07
-5.90536e-07
-8.68209e-08
-4.19424e-07
-9.08406e-09
-2.6621e-07
9.35054e-07
-5.43787e-07
3.73135e-07
6.23388e-07
7.51792e-09
-8.85104e-08
1.16095e-07
7.16698e-07
-8.06156e-07
1.03097e-06
-9.76877e-07
2.33529e-07
1.12553e-07
-7.25881e-07
-3.62007e-07
-3.49185e-07
3.12953e-07
-6.03064e-07
8.14791e-08
9.13209e-08
-6.64328e-07
-4.68162e-08
8.20317e-07
-4.56561e-07
6.04617e-07
8.53731e-08
-5.04797e-07
-1.46855e-07
1.22043e-06
1.66827e-07
5.39962e-07
-2.10431e-07
3.11229e-07
-1.06754e-07
-7.42526e-07
-5.43342e-07
2.30947e-07
2.14919e-07
9.1729e-08
1.83309e-07
-3.92313e-07
-2.11775e-07
-1.73806e-07
5.25172e-07
3.73587e-07
4.37962e-07
2.04282e-07
-1.00919e-06
3.25565e-07
-8.03711e-07
3.01299e-07
-4.8128e-07
9.67245e-08
2.28077e-07
-2.51522e-08
4.63114e-07
1.54004e-07
1.60641e-08
-1.08379e-06
5.87153e-07
-8.52918e-08
-4.06386e-07
1.0169e-06
1.10837e-06
1.36318e-07
5.79465e-07
7.82489e-07
-4.90759e-07
7.64389e-07
3.21489e-07
2.56095e-08
-1.10901e-07
3.48572e-07
-1.07831e-07
-1.63386e-07
-8.87061e-08
1.58414e-07
1.13832e-08
4.58903e-07
-4.27958e-08
-8.90702e-08
1.13439e-08
-4.35681e-08
-5.93738e-08
-1.00342e-07
1.79394e-07
-1.29165e-08
8.00291e-07
-6.63295e-08
1.26894e-06
-6.0386e-07
1.14866e-07
4.44115e-09
2.15301e-08
-8.07919e-07
7.63955e-07
-1.40545e-07
9.79103e-08
4.26352e-08
4.56599e-07
-1.5612e-07
-1.58574e-07
-2.92656e-07
-1.59073e-07
1.99451e-07
-5.03215e-08
-4.54035e-07
3.23776e-07
-1.45826e-07
4.5439e-07
-2.64972e-07
1.04871e-07
-1.10232e-06
7.72529e-07
3.05608e-07
-1.75043e-08
6.83768e-08
4.10104e-07
1.96974e-07
-2.9208e-07
-1.56699e-07
1.52656e-07
-1.46601e-07
2.49603e-07
-1.03002e-07
6.55252e-07
6.84035e-10
9.71978e-08
7.03966e-07
1.45787e-07
1.25684e-06
-7.23951e-07
5.55125e-07
7.13818e-07
-4.08543e-07
-6.74135e-07
-4.5402e-07
5.90219e-08
2.39807e-07
6.55252e-07
4.70793e-08
-2.16517e-07
-2.24843e-07
-1.08829e-07
1.00271e-07
3.85152e-07
-2.79583e-07
-1.78357e-07
-6.9447e-07
1.47077e-07
-1.85393e-08
-1.70319e-07
-1.66902e-08
-4.50377e-07
7.67171e-08
7.29681e-08
-7.57553e-09
-5.32733e-08
-2.53999e-07
3.92716e-07
-1.02465e-07
-7.29681e-08
5.32733e-08
1.02465e-07
-1.34583e-08
5.3869e-07
-3.30867e-08
2.53999e-07
-3.92716e-07
1.47077e-07
-1.70319e-07
-4.50377e-07
5.3869e-07
3.3562e-07
1.27416e-08
-2.20987e-07
3.9094e-07
2.89952e-07
-1.92117e-07
1.92117e-07
-2.20987e-07
-3.58231e-07
-3.60076e-07
2.17002e-07
4.1819e-07
-2.03271e-07
6.47326e-07
2.41533e-07
-4.28927e-07
4.99828e-07
-3.06585e-08
-4.99828e-07
-5.77464e-09
-9.38396e-07
-6.59731e-07
7.31436e-08
-6.83763e-08
-1.42737e-08
-1.26272e-07
2.57685e-07
5.77281e-08
5.8791e-07
7.84213e-08
-1.27802e-06
-1.99929e-07
-4.6246e-07
1.65822e-07
1.01649e-06
6.2094e-10
-6.54421e-07
-1.97137e-08
-3.02025e-07
1.8336e-07
1.35304e-07
-3.15233e-08
-1.37361e-07
2.35545e-07
-2.02027e-07
-3.35181e-08
5.14879e-07
-1.04775e-07
5.28253e-08
-5.28253e-08
-2.86718e-07
-6.23643e-08
-5.86044e-07
3.72858e-08
-9.05139e-07
8.74481e-07
-3.91553e-09
2.39461e-07
5.59999e-07
-4.5835e-07
1.16953e-07
-9.17284e-07
8.21654e-07
-1.11195e-07
2.9955e-07
-2.791e-07
2.02905e-07
-5.25529e-07
-1.07072e-07
-3.82942e-09
2.47259e-07
1.84656e-07
1.7722e-07
-1.3591e-07
2.88382e-08
-1.65781e-08
-3.18332e-07
-5.72155e-08
7.14961e-07
-2.95136e-07
1.55126e-07
-1.55126e-07
-3.56075e-07
-1.13095e-07
3.56075e-07
5.23197e-08
-1.60573e-07
1.60573e-07
1.95413e-07
5.51146e-08
1.55787e-08
4.07558e-08
-2.04802e-07
-5.26352e-07
-1.29202e-07
1.39819e-07
-9.30949e-08
5.67741e-08
-3.72874e-07
-7.70895e-07
-1.22211e-07
3.63744e-07
-1.82911e-08
3.67156e-07
-3.26375e-07
-2.79332e-08
-1.42872e-07
4.07079e-07
-4.07079e-07
3.81808e-07
1.6578e-07
-1.9252e-07
-4.84425e-07
-1.78344e-08
3.07014e-08
-1.28671e-08
2.13748e-07
9.84962e-09
7.19256e-08
-1.23794e-07
-2.64934e-08
1.53898e-07
3.39335e-08
-1.5095e-07
-8.09802e-08
-5.35954e-08
-3.48162e-08
3.48162e-08
1.29756e-07
1.19847e-07
3.62007e-07
-1.95023e-07
3.11903e-08
1.63833e-07
-1.15918e-07
2.70505e-08
-1.16569e-07
-1.7722e-07
1.23418e-07
1.16569e-07
-1.23768e-07
4.77271e-08
7.60413e-08
-1.32897e-07
-4.67348e-09
-9.4382e-08
-4.39964e-08
-1.25909e-06
7.57589e-07
5.01502e-07
-3.15233e-08
-2.05475e-07
-1.03002e-07
2.05475e-07
8.02844e-08
1.1037e-08
-1.17791e-07
-5.41173e-09
-4.02223e-08
5.41173e-09
4.02223e-08
-1.11686e-07
1.11686e-07
-2.90363e-08
-7.14335e-08
-3.93642e-07
-1.7901e-07
-4.01617e-07
-5.03522e-07
7.6707e-08
6.61694e-08
-6.61694e-08
-6.0386e-07
4.22373e-08
2.64934e-08
-1.24807e-07
3.42688e-08
-1.6578e-07
-7.03642e-07
-1.24048e-07
5.58548e-08
1.43461e-07
5.43807e-07
2.54753e-07
-9.78704e-07
-2.95953e-07
1.18102e-08
1.55787e-08
-1.1683e-07
1.00175e-08
5.54826e-09
9.22073e-08
-4.58655e-08
-3.34949e-08
1.98412e-07
-3.96134e-08
-6.87404e-07
4.06274e-07
-5.65129e-08
-6.77907e-08
4.34946e-07
3.57115e-07
1.51411e-07
-6.42567e-08
1.03261e-06
-2.10951e-07
9.96351e-08
2.22441e-08
1.08271e-07
-6.62531e-07
5.70798e-08
-1.29756e-07
-9.22488e-08
7.13818e-07
-2.21511e-08
7.94389e-09
-3.00159e-07
4.995e-08
7.14335e-08
-5.02992e-08
-4.38569e-07
-8.66925e-08
7.70211e-07
-2.34409e-08
4.37422e-07
3.86972e-07
3.15439e-07
-2.81467e-07
-1.37182e-08
8.5112e-10
7.76089e-08
-2.06175e-07
-1.80091e-08
2.90989e-07
-2.78248e-07
1.18371e-07
6.68305e-07
-6.16617e-07
1.00362e-07
2.87065e-08
-2.71259e-07
-2.81302e-07
9.94098e-08
)
;

boundaryField
{
    back
    {
        type            empty;
        value           nonuniform List<scalar> 0();
    }
    front
    {
        type            empty;
        value           nonuniform List<scalar> 0();
    }
    top
    {
        type            calculated;
        value           nonuniform List<scalar> 
15
(
-4.71467e-07
-4.45867e-07
-3.43467e-07
-2.66667e-07
-3.43467e-07
-1.728e-07
-1.728e-07
-4.45867e-07
-4.71467e-07
-4.032e-07
-6.18667e-08
-6.18667e-08
-4.032e-07
-4.8e-07
-2.66667e-07
)
;
    }
    outer_arc
    {
        type            calculated;
        value           uniform 0;
    }
    bottom
    {
        type            calculated;
        value           nonuniform List<scalar> 
15
(
1.45759e-06
5.8477e-08
-5.65288e-07
-6.68597e-07
1.20312e-06
-2.23074e-07
8.09925e-08
7.89001e-07
-4.51729e-07
3.65438e-07
-3.71475e-07
5.58029e-07
1.52154e-06
-1.58684e-07
1.21532e-06
)
;
    }
    inner_arc
    {
        type            calculated;
        value           uniform 0;
    }
}


// ************************************************************************* //
