/*--------------------------------*- C++ -*----------------------------------*\
  =========                 |
  \\      /  F ield         | OpenFOAM: The Open Source CFD Toolbox
   \\    /   O peration     | Website:  https://openfoam.org
    \\  /    A nd           | Version:  9
     \\/     M anipulation  |
\*---------------------------------------------------------------------------*/
FoamFile
{
    format      ascii;
    class       volVectorField;
    location    "2.36";
    object      U;
}
// * * * * * * * * * * * * * * * * * * * * * * * * * * * * * * * * * * * * * //

dimensions      [0 1 -1 0 0 0 0];

internalField   nonuniform List<vector> 
1655
(
(0.0151634 -0.00976056 -4.90813e-18)
(-0.0320538 0.0447244 3.22412e-17)
(-0.0752469 0.0196297 2.62473e-17)
(-0.0181202 0.0125475 -1.5695e-17)
(0.059318 0.055005 0)
(0.0085004 0.00541336 9.87608e-18)
(-0.118229 0.0219378 0)
(0.0413963 0.153119 -1.74481e-17)
(0.0988542 0.245261 0)
(0.0532771 0.0465315 -8.55132e-18)
(0.0414045 -0.0219479 3.92018e-17)
(0.0484998 -0.0253387 -3.86204e-17)
(0.0286661 0.0880414 -2.12143e-21)
(0.027199 -0.00643685 -2.0367e-17)
(-0.0522274 -0.277661 1.97763e-17)
(-0.194585 0.143436 0)
(-0.263754 0.143114 3.42798e-17)
(0.0893069 -0.0245856 1.04668e-17)
(0.0137607 0.0105834 -3.93743e-17)
(0.0207183 0.0316672 -1.12959e-17)
(-0.103193 0.0778188 4.57069e-18)
(0.0929856 0.268916 0)
(0.0679887 0.112303 -2.10446e-17)
(0.0567359 0.100528 9.78133e-18)
(0.0246302 -0.0207533 -6.17603e-18)
(-0.284375 0.168873 -4.04465e-17)
(-0.173566 0.167284 -1.79087e-17)
(0.0717877 0.24898 -2.08505e-17)
(0.061376 0.243979 2.81245e-17)
(-0.0758347 0.00716197 -2.02964e-17)
(-0.208657 0.0399356 5.03284e-17)
(0.0187651 0.028071 -5.4484e-18)
(0.0149378 -0.0801784 -7.46636e-18)
(-0.0684975 0.000671195 0)
(0.0764198 -0.0538437 0)
(-0.0749255 -0.0152901 0)
(0.0200423 0.00567723 -2.65831e-17)
(-0.0403741 0.0570342 0)
(0.0191219 -0.0702548 -1.0217e-17)
(-0.0399902 0.0533538 -3.48078e-17)
(-0.111902 0.135826 1.94889e-17)
(0.0682436 0.0955473 1.7027e-17)
(0.0204802 -0.0659075 -1.06901e-17)
(0.0213292 0.0112164 3.11546e-17)
(-0.0172259 0.00229839 0)
(-0.00790449 0.00354993 0)
(-0.0191157 0.0153197 4.87956e-17)
(-0.024601 0.0421168 0)
(0.0377101 0.0209233 1.90674e-17)
(0.0307601 -0.0701956 2.59996e-18)
(0.0205429 0.0120686 2.93633e-17)
(-0.0229805 0.0230761 -1.96472e-17)
(-0.0647334 -0.321522 -2.11385e-17)
(0.0955065 0.237573 1.86619e-17)
(0.142784 0.186189 -2.40855e-17)
(-0.142492 -0.192909 0)
(-0.106396 0.156563 -9.44175e-18)
(0.0182824 -0.0135679 0)
(0.0501667 -0.0153377 0)
(-0.148041 -0.201887 2.04652e-17)
(-0.241883 0.032387 -5.03024e-17)
(0.00540256 0.00653874 0)
(0.0281265 -0.0207364 0)
(0.0618445 0.186539 -4.81274e-18)
(0.0597988 0.0167526 0)
(-0.12406 0.0395952 0)
(0.0589603 0.00281061 4.54153e-17)
(0.0339276 -0.0152678 -2.25338e-17)
(0.0499742 -0.119577 0)
(0.0584397 0.0880628 -1.94658e-17)
(0.00586112 -0.00567615 2.5051e-17)
(-0.0932935 0.0292504 -1.19045e-18)
(-0.0998367 -0.00808829 -1.25808e-18)
(-0.0513674 -0.264845 1.79551e-17)
(-0.218592 -0.0247691 -2.32477e-17)
(-0.00760003 0.0183094 1.10812e-17)
(0.055452 0.218176 -6.38781e-18)
(0.0386943 -0.152432 0)
(-0.119306 0.165115 0)
(-0.0807666 0.0341086 0)
(0.0580993 0.0154664 2.49873e-17)
(-0.0160807 0.0425431 -1.12665e-17)
(0.14432 0.19068 2.46044e-17)
(0.0391632 0.0174378 1.25662e-17)
(-0.0997473 -0.0516468 0)
(-0.0558101 -0.156058 0)
(-0.190007 -0.018169 -1.40374e-17)
(-0.0994272 0.0316996 0)
(0.00515143 -0.0156913 -9.8233e-18)
(-0.0752833 -0.147494 0)
(-0.0356036 -0.100771 0)
(-0.088692 0.0154598 1.23172e-17)
(0.0296787 0.0205045 2.41002e-17)
(0.018577 0.00948355 0)
(-0.0169309 0.0930051 0)
(0.0214481 0.0114223 4.01206e-17)
(0.037 0.00241543 -3.85013e-17)
(0.0273072 -0.011431 0)
(0.00206278 0.027956 -1.16713e-17)
(-0.0351835 -0.0946071 2.46503e-17)
(-0.11823 0.0135077 -7.76335e-17)
(0.0211027 0.00467866 -2.54429e-17)
(0.0366039 0.0200452 -2.48885e-17)
(0.0447713 0.00610157 2.66735e-17)
(0.139773 0.127005 0)
(0.0135775 0.0056311 -1.54261e-18)
(0.0913144 0.182176 -2.12673e-17)
(-0.0543813 0.0181384 0)
(-0.0298392 -0.0843148 0)
(-0.125253 -0.161436 -2.14639e-17)
(-0.00678238 -0.082817 1.71955e-17)
(0.0148294 -0.0063085 1.99729e-17)
(-0.124702 -0.145214 1.30142e-17)
(-0.101016 -0.0768953 2.25059e-17)
(0.0971715 0.156879 2.023e-17)
(-0.0342933 -0.1247 -1.27503e-17)
(0.0905538 0.172875 -2.16202e-17)
(0.0394158 -0.008736 0)
(0.00559366 -0.0125416 1.94804e-17)
(0.144647 0.131371 -4.28979e-17)
(-0.162033 -0.137575 -3.70669e-17)
(-0.206251 -0.0477434 3.77896e-17)
(-0.229085 0.000261904 -2.99143e-17)
(0.120661 -0.00498994 2.81283e-17)
(0.054217 0.00760307 9.88257e-18)
(0.0694542 0.153103 0)
(0.0381488 -0.0613014 -2.45419e-17)
(-0.00696668 0.0441228 2.21468e-17)
(-0.200089 0.156803 -2.99472e-18)
(-0.0656702 -0.0725378 -2.93719e-18)
(0.0515557 0.028293 5.63056e-18)
(-0.00366745 -0.0829356 3.03561e-17)
(0.0721994 0.189001 1.86478e-17)
(0.0684377 0.140214 1.96396e-17)
(-0.0270321 0.0497581 0)
(-0.00198182 -0.0036475 0)
(0.0662043 0.0710772 -1.14861e-17)
(-0.0482045 -0.217231 1.91949e-17)
(-0.0635745 0.100393 1.03369e-17)
(0.0503949 -0.000322745 -1.03001e-17)
(-0.0799753 -0.152089 1.33297e-17)
(-0.166451 0.177271 1.83714e-17)
(-0.215767 0.194786 0)
(-0.262529 -0.120931 0)
(-0.317071 0.14257 -1.1346e-17)
(-0.281263 -0.0830123 0)
(-0.241731 -0.150218 -3.96126e-17)
(-0.188076 -0.179201 3.19393e-17)
(-0.22089 -0.166882 2.05464e-17)
(-0.342414 0.0678964 0)
(-0.335886 0.0262414 1.9504e-17)
(-0.341121 0.109584 -1.04943e-17)
(-0.30376 -0.0536405 2.03865e-17)
(-0.327792 -0.0191277 1.77999e-17)
(-0.0408937 -0.16872 0)
(0.0374289 -0.0520598 3.95775e-17)
(0.0358421 0.00948284 2.534e-18)
(-0.142762 -0.0805373 1.05665e-17)
(0.0983252 0.165957 0)
(0.0271698 0.00965324 -2.70535e-17)
(-0.185312 -0.10572 3.01367e-17)
(0.0738999 -0.0779634 0)
(0.105138 0.22484 -1.226e-21)
(-0.140818 -0.0707837 0)
(-0.207168 -0.0834983 0)
(0.0421985 -0.016825 -1.04312e-17)
(0.0832284 0.236988 0)
(0.0884244 0.152917 -4.07922e-17)
(0.0316446 0.00464405 6.26432e-18)
(0.0180546 -0.203278 0)
(-0.216785 0.145318 0)
(0.137549 0.187226 0)
(-0.189356 -0.127697 1.23876e-17)
(0.10129 0.194418 2.14764e-17)
(-0.0992275 -0.0137242 1.31798e-18)
(0.100295 0.184927 2.14001e-17)
(0.0452544 0.0236676 5.65105e-18)
(0.000337211 -0.207686 0)
(-0.0831645 -0.107801 -2.33883e-17)
(0.0197323 0.00364292 1.84898e-17)
(-0.106106 -0.198865 2.6234e-17)
(0.141775 0.176959 1.66797e-17)
(0.00259382 -0.000795561 -3.59564e-17)
(0.101842 -0.00580606 -6.15086e-18)
(-0.0156119 0.00875811 -1.18361e-17)
(-0.0629424 -0.127321 0)
(-0.00445477 0.0249756 0)
(-0.0735288 -0.115394 0)
(0.129281 0.0731734 0)
(0.141153 0.171722 -1.62187e-17)
(-0.0114859 0.0201212 -2.13312e-17)
(0.0173607 0.0163127 0)
(0.138827 0.111564 -2.17242e-17)
(-0.00507029 0.0276696 2.7606e-17)
(-0.0379346 -0.143197 0)
(-0.0342407 0.0495701 -1.33073e-17)
(0.137268 0.108688 0)
(-0.0508014 -0.132531 0)
(-0.0254891 0.0283516 2.5452e-17)
(0.144214 0.160814 0)
(0.0672593 -0.0100306 1.40843e-17)
(0.0409184 -0.00396792 -6.3242e-18)
(-0.176973 -0.00891567 2.28288e-17)
(-0.190673 0.010744 5.09962e-17)
(0.0319382 -0.0270322 -1.95721e-17)
(-0.102594 0.0619979 1.54129e-17)
(0.0193224 -0.103261 0)
(0.13321 0.0883996 0)
(-0.0668512 -0.0812885 6.96208e-17)
(-0.114519 -0.0166004 0)
(0.109327 0.0271344 3.69379e-17)
(0.0484919 0.0240149 -1.02191e-17)
(-0.00614702 -0.00218644 0)
(0.0793271 0.159239 2.13161e-17)
(0.0383916 -0.0134085 -2.1935e-18)
(0.0740788 -0.00456381 4.79199e-17)
(-0.100749 -0.0229603 -1.19765e-17)
(0.0460411 -0.0518639 0)
(0.105138 0.0175334 2.10101e-17)
(0.144191 0.156935 0)
(-0.0178268 0.0442746 0)
(-0.0973481 0.0289457 -4.45995e-17)
(0.0200351 -0.0881098 3.15919e-17)
(0.140485 0.155453 2.16784e-17)
(0.0154896 -0.096759 -2.27699e-17)
(-0.0121563 -0.156074 2.17982e-17)
(-0.0107111 -0.159374 -2.17002e-17)
(0.0055694 -0.0419508 0)
(0.104835 0.00665104 2.66458e-17)
(0.12168 -0.00178779 2.13552e-17)
(0.0332973 -0.113314 0)
(0.113998 -0.0219445 -2.67178e-17)
(0.13247 -0.0344906 2.6687e-17)
(0.0375678 -0.129513 -4.18572e-17)
(0.0142318 -0.111881 -2.24593e-17)
(0.0326144 -0.118141 2.19273e-17)
(-0.0255675 -0.1468 0)
(0.135988 0.0937366 0)
(-0.0227036 -0.155069 2.70533e-17)
(0.130971 -0.0615483 2.13532e-17)
(-0.0975462 -0.201844 -2.01631e-17)
(-0.0301884 0.0350526 3.89754e-17)
(0.146658 -0.0772598 -2.66695e-17)
(-0.0499993 0.093832 1.85653e-17)
(0.144399 0.148553 5.42289e-18)
(-0.0936923 0.0914736 -2.74082e-17)
(-0.225088 0.0629593 1.61494e-17)
(0.103504 0.215127 0)
(-0.0383263 -0.145797 -5.42445e-18)
(0.140943 0.161084 0)
(0.033806 0.0147495 -1.78129e-17)
(-0.0688574 0.080559 4.41293e-18)
(0.114639 0.0626194 -2.14633e-17)
(0.0732589 0.0292601 -1.54845e-17)
(0.0187159 -0.118652 2.20787e-17)
(0.121918 0.0225837 -2.63633e-17)
(-0.045084 -0.109403 -2.26917e-17)
(0.144049 0.144065 -5.40174e-18)
(-0.0168289 -0.225578 2.86075e-17)
(0.0293698 -0.087295 2.0825e-17)
(0.0975529 -0.117165 1.61331e-17)
(-0.0896684 -0.103265 2.2358e-17)
(0.00438736 -0.166912 2.16124e-17)
(0.0665955 0.0229681 2.1281e-17)
(0.104291 0.0483234 2.15141e-17)
(0.103579 0.14215 2.1609e-17)
(0.030844 -0.0925676 0)
(0.0407441 -0.04286 -3.06792e-17)
(0.00783897 -0.0967451 1.19045e-17)
(0.0440583 -0.0487367 0)
(-0.0268195 -0.245463 -2.26663e-17)
(0.0638948 -0.0712698 1.65262e-17)
(-0.0254188 0.0257859 1.14308e-17)
(-0.0763394 -0.115898 0)
(0.00946901 -0.151923 1.61049e-21)
(0.0728105 -0.0392431 -1.66753e-17)
(-0.218282 0.0678578 0)
(0.14698 0.137172 2.70024e-17)
(0.142892 0.131666 -2.72479e-17)
(0.126479 -0.155355 5.28368e-18)
(0.144527 0.150853 2.21082e-17)
(0.108548 0.129757 5.42135e-18)
(0.0454026 -0.0782076 2.20936e-17)
(-0.08865 -0.283643 1.91719e-17)
(-0.0797062 -0.267435 -3.61194e-17)
(0.104868 0.017547 -2.20881e-17)
(0.143871 0.131999 2.18136e-17)
(-0.0118203 -0.0911717 1.9781e-17)
(0.0270147 -0.102173 0)
(0.0894148 -0.0207522 0)
(0.122138 0.0559285 2.16096e-17)
(-0.0884881 0.129413 2.10474e-17)
(0.038023 -0.0728185 4.59133e-17)
(0.131934 0.188252 0)
(0.142217 0.115417 -2.17943e-17)
(0.00247843 -0.137614 5.51797e-18)
(0.0238132 0.0955322 0)
(0.120274 0.0112634 -3.71892e-17)
(-0.0452335 0.0814286 -2.15022e-17)
(-0.0686103 -0.0994972 -5.46569e-17)
(-0.0166844 -0.108746 -2.29895e-17)
(-0.0130964 -0.0114036 0)
(-0.0212069 -0.0258003 3.34547e-17)
(0.0100005 -0.152621 -5.47544e-18)
(0.00893619 -0.167594 -4.31853e-17)
(0.141521 0.132221 -2.32348e-17)
(-0.0170194 -0.126536 -5.56168e-18)
(-0.0504902 -0.138948 5.4213e-18)
(0.139943 0.100944 -5.4311e-18)
(0.0248091 -0.173515 -2.1511e-17)
(0.097644 0.00471791 0)
(-0.257383 0.129048 1.14774e-17)
(-0.0656117 -0.128157 -5.4578e-18)
(0.112836 -0.133106 -5.37657e-18)
(0.105162 0.151004 0)
(0.143695 0.117841 0)
(-0.0737262 0.133129 -2.14125e-17)
(0.143707 0.166899 -2.17913e-17)
(0.0315203 -0.171776 3.09453e-21)
(-0.0350968 -0.112505 2.40349e-17)
(0.144755 0.149526 0)
(0.0367491 -0.0608233 -2.31265e-17)
(-0.00912705 -0.101896 3.04395e-18)
(0.0109642 -0.145304 -5.50285e-18)
(-0.0109422 -0.11927 -2.23743e-17)
(-0.0193423 0.00186187 3.11642e-17)
(-0.0337151 0.00539567 1.06717e-17)
(0.110651 0.138368 -2.73058e-17)
(-0.0543533 -0.115179 0)
(0.131631 0.0829214 -2.13634e-17)
(0.0259293 -0.116041 0)
(0.144365 0.132747 2.17801e-17)
(-0.00632293 0.05847 9.82269e-18)
(-0.0485583 -0.132637 -2.18301e-17)
(0.13152 0.0785221 2.18035e-17)
(-0.0193464 -0.153832 -1.62612e-17)
(0.137267 0.0898583 1.60556e-17)
(0.0351181 -0.0848267 -2.29676e-17)
(0.015148 -0.169026 0)
(0.128802 0.0707206 0)
(-0.0256571 -0.105509 2.37336e-17)
(0.0218293 -0.164773 2.17361e-17)
(0.0153884 -0.131143 0)
(0.107918 -0.00635043 -2.6593e-17)
(-0.0596185 -0.179604 0)
(0.0199484 -0.158624 -3.82012e-17)
(0.0347746 -0.0432026 0)
(-0.00828623 -0.13667 5.53806e-18)
(-0.0283761 -0.123696 0)
(-0.0764416 -0.0983759 0)
(0.0224586 0.0551616 0)
(0.0680427 0.00791458 2.13986e-17)
(0.125923 -0.0168139 0)
(-0.000319546 -0.120625 2.22919e-17)
(0.126886 0.202656 0)
(0.0474197 -0.176203 0)
(0.0121465 -0.165213 0)
(0.028756 -0.174243 -2.27183e-21)
(0.147096 0.12005 -2.15914e-17)
(0.027848 -0.158307 2.69514e-17)
(-0.115346 -0.230945 -1.84262e-17)
(0.0287454 -0.106297 0)
(0.119648 0.209904 -5.79319e-18)
(0.136849 -0.162496 2.1224e-17)
(-0.0228818 0.069363 2.24314e-17)
(-0.102509 -0.234064 -1.86686e-17)
(-0.0648241 -0.110462 5.74139e-18)
(0.0153773 0.0390981 -2.14846e-17)
(0.146029 0.145502 0)
(0.0396704 -0.149077 0)
(-0.0367553 0.0571178 0)
(0.00557466 -0.112175 2.23438e-17)
(-0.0269748 0.0667329 0)
(0.0481374 -0.179367 0)
(0.0109579 0.022725 0)
(0.141906 0.105766 5.41194e-18)
(0.145943 0.0990053 1.59896e-17)
(0.0817346 0.17087 -7.06648e-22)
(0.0370185 -0.125887 5.42946e-18)
(-0.000588168 -0.158079 -2.18145e-17)
(0.0289801 -0.0919969 -5.58827e-18)
(0.140999 -0.156285 0)
(0.0940151 0.137153 -2.24416e-17)
(0.12706 -0.166552 -2.64966e-17)
(-0.0115409 -0.14357 -5.49198e-18)
(0.1255 0.1946 0)
(0.0557523 -0.179377 0)
(0.147701 0.131232 -5.97643e-23)
(0.068393 -0.0493387 0)
(-0.00224768 -0.161993 -5.40218e-18)
(-0.148225 0.150387 2.02141e-17)
(0.0816035 0.0289666 -2.14425e-17)
(0.147623 0.10201 -2.13366e-17)
(0.131082 0.180746 0)
(0.0326423 -0.168794 0)
(0.0688585 -0.180766 -2.13805e-17)
(0.0555035 -0.172792 2.14003e-17)
(0.11393 0.0380723 0)
(0.111375 0.206954 0)
(0.124513 0.0884652 0)
(0.0343961 -0.176074 -2.15118e-17)
(0.0244135 -0.0686594 4.56944e-17)
(0.150093 -0.151685 5.29168e-18)
(0.11525 0.127337 -2.70559e-17)
(0.118861 0.0731526 -5.3457e-18)
(0.0150862 -0.127822 -2.2114e-17)
(0.136729 0.174391 2.18286e-17)
(0.0680653 0.0177749 -2.69017e-17)
(-0.0333845 0.0413176 0)
(0.140375 0.0933056 0)
(0.000454065 0.00109004 0)
(0.16101 -0.144338 5.28774e-18)
(0.119562 -0.170737 5.32372e-18)
(0.133656 0.0862102 0)
(0.0209116 -0.133445 0)
(0.168659 -0.13174 -2.11508e-17)
(0.136092 0.167736 0)
(0.122385 -0.0402113 0)
(0.109558 -0.174111 -1.59995e-17)
(0.0778517 -0.179303 2.13657e-17)
(0.116887 0.0827472 2.13661e-17)
(0.152344 -0.150504 -5.28865e-18)
(-0.0198547 0.00249072 5.44057e-18)
(0.0708694 -0.175742 0)
(0.0929023 -0.1776 2.13604e-17)
(-0.169202 0.0798769 -1.35488e-17)
(0.139983 -0.0549792 0)
(0.0372226 -0.173456 1.62098e-17)
(-0.0312426 -0.143608 2.17716e-17)
(0.154175 0.0735197 2.65949e-17)
(-0.0233547 -0.141304 0)
(0.0521427 0.0381507 -1.28604e-21)
(0.089771 -0.178937 0)
(0.0417403 0.0329088 -7.04688e-18)
(0.160452 -0.138988 1.58676e-17)
(0.168569 -0.124469 -1.58781e-17)
(0.0441029 -0.146587 2.16845e-17)
(0.0155257 -0.0381492 9.27137e-18)
(-0.00998052 -0.00894915 0)
(0.173959 -0.12856 0)
(-0.140061 0.129139 1.85196e-17)
(0.120191 -0.154005 0)
(0.082092 0.0385683 2.68729e-17)
(0.079883 -0.17122 0)
(0.116287 -0.167465 0)
(0.171035 -0.13223 -2.64459e-17)
(0.138422 0.0787924 2.13038e-17)
(0.138386 0.0912846 0)
(0.139132 0.0755607 -1.26995e-21)
(0.10495 0.0531785 2.13635e-17)
(0.14584 0.0681842 -5.32434e-18)
(0.202215 -0.0556004 -2.11959e-17)
(0.136872 0.0577799 -5.32406e-18)
(0.136094 -0.160069 5.29571e-18)
(0.148984 0.0640269 -4.25708e-17)
(0.141988 -0.147364 2.64788e-17)
(0.133929 0.0926846 0)
(0.103709 -0.167528 0)
(0.152182 0.0776635 0)
(0.0271211 0.0235112 0)
(0.133037 -0.141829 -5.30143e-18)
(0.129238 -0.146653 -5.3037e-18)
(0.135837 -0.152675 5.29919e-18)
(0.193723 -0.0527677 -2.12256e-17)
(0.103401 0.072164 -2.14131e-17)
(0.0873002 0.143251 4.31243e-17)
(0.125946 -0.161856 -5.30273e-18)
(0.0941791 -0.172743 0)
(0.144485 -0.129554 5.3436e-18)
(0.141228 -0.138526 0)
(0.13349 -0.125358 -2.12491e-17)
(0.037475 -0.119647 1.62484e-17)
(0.145481 -0.154166 5.29548e-18)
(0.10735 0.0596864 5.3457e-18)
(0.203904 -0.0405408 2.12127e-17)
(0.139974 -0.121576 -5.30788e-18)
(0.126717 -0.10627 -3.72128e-17)
(0.165527 -0.108075 -1.58979e-17)
(0.151304 -0.100046 1.60109e-17)
(0.0145155 0.0231963 -1.03407e-17)
(0.045767 -0.164681 -2.69022e-17)
(0.136828 0.0894867 0)
(0.152865 -0.121597 -5.29458e-18)
(0.113455 0.0548685 5.33966e-18)
(0.147861 -0.11022 -5.30504e-18)
(0.150902 -0.140128 -1.58823e-17)
(0.0538912 0.0396477 -2.13541e-17)
(0.0551066 0.0393039 0)
(0.112124 0.0679914 0)
(0.0684703 -0.172142 -5.38019e-18)
(0.205583 -0.0319652 -4.77745e-17)
(0.104459 0.0632705 -2.13682e-17)
(0.165244 -0.122972 5.28991e-18)
(0.170678 0.0404963 -5.31664e-18)
(0.166513 -0.0518909 -2.12711e-17)
(0.158773 -0.122602 5.29789e-18)
(-0.106364 0.0478683 -3.02637e-19)
(0.0232636 0.028034 0)
(0.173963 -0.117896 1.58754e-17)
(0.17655 0.0465258 2.65621e-17)
(0.163608 -0.0255272 0)
(0.130763 -0.102088 2.12609e-17)
(-0.015003 0.0124766 1.08605e-17)
(0.190556 -0.0330536 2.65587e-17)
(-0.0755462 0.0454568 0)
(0.162897 -0.0356873 1.59628e-17)
(0.0920225 0.0464995 -2.1428e-17)
(0.173815 -0.0306179 -5.32636e-18)
(0.184853 -0.0581878 1.56112e-22)
(0.0835713 0.0501933 -1.60695e-17)
(0.114762 0.0817668 1.61133e-17)
(0.158917 -0.0453717 -2.65898e-17)
(0.142529 0.0700715 -5.32639e-18)
(0.151284 -0.104447 -5.30548e-18)
(0.0617837 0.0400833 0)
(0.171328 0.0336354 2.12631e-17)
(0.189131 -0.0459146 0)
(0.19133 -0.0831995 1.58836e-17)
(-0.0924609 0.0364022 1.9242e-17)
(-0.0850239 0.0359304 0)
(0.163636 -0.0188475 -2.13204e-17)
(0.170509 -0.0554201 0)
(0.117301 -0.113652 4.27238e-17)
(0.196351 -0.0393322 0)
(-0.1209 0.0435374 -2.05753e-17)
(0.174509 -0.0960172 2.64866e-17)
(0.138968 -0.0307702 -1.60973e-17)
(0.171762 -0.041625 -3.26614e-22)
(0.179977 -0.0763897 5.30366e-18)
(0.160761 0.0112016 -2.6589e-17)
(0.140161 -0.0224493 2.1485e-17)
(0.104666 0.0616861 2.13702e-17)
(-0.0377103 0.0297621 -1.19366e-17)
(-0.0334623 0.00365611 2.02973e-17)
(-0.034265 -0.0220322 1.34432e-18)
(-0.0355894 0.0485196 2.54884e-18)
(-0.0203466 -0.0121492 -1.80383e-22)
(-0.0373075 0.0152799 -4.36595e-17)
(-0.0346232 -0.0133056 0)
(-0.0317316 0.00290489 -1.8938e-17)
(-0.0361034 -0.0126419 -3.16326e-17)
(-0.0280433 0.0314099 -5.61208e-17)
(-0.0357846 -0.0176772 -2.14675e-17)
(-0.0323849 0.00894503 0)
(-0.0401237 0.0302667 3.13762e-17)
(-0.0307203 -0.0249146 2.16071e-17)
(-0.0379028 0.0239627 2.34004e-17)
(-0.0304818 -0.00223445 0)
(0.153136 -0.0897478 1.59324e-17)
(-0.0413558 -0.00944186 -3.33218e-17)
(-0.0398804 0.0176518 0)
(0.157989 -0.0606282 -5.31818e-18)
(-0.24706 0.110024 0)
(0.134401 -0.0383242 -1.60059e-17)
(0.177503 -0.0691129 5.30425e-18)
(-0.0683254 0.0391069 0)
(-0.189213 -0.0822973 0)
(0.133903 -0.0901506 5.31706e-18)
(0.159141 0.0274244 -2.12931e-17)
(0.109425 0.056986 -5.34107e-18)
(0.205036 -0.0475483 1.59102e-17)
(0.127174 0.0206709 -3.73728e-17)
(0.166851 -0.103912 5.3338e-18)
(0.127 0.0327689 -1.58598e-17)
(0.110865 0.0775937 0)
(-0.0259281 0.0293586 -2.43716e-21)
(0.202502 -0.0630431 2.64934e-17)
(0.0995014 -0.176397 -5.32119e-18)
(0.0989695 0.0451708 1.9712e-21)
(0.150402 0.0185498 -1.58676e-17)
(0.105659 -0.0929143 -5.38545e-18)
(0.141789 0.0538459 4.26044e-17)
(-0.173738 -0.105827 1.9323e-17)
(0.134294 0.0627516 4.79739e-17)
(0.153042 0.0307647 -2.64753e-17)
(0.198135 -0.0700894 -1.58883e-17)
(0.151606 -0.0539042 2.65916e-17)
(0.0722665 0.0341395 -4.29789e-17)
(-0.0200605 0.0222495 2.15608e-17)
(0.150059 -0.143424 -2.64738e-17)
(0.124165 -0.0329851 2.14044e-17)
(0.127637 -0.0258772 -3.95014e-22)
(0.132666 0.093186 0)
(-0.00448709 0.028047 3.6494e-17)
(0.144525 0.0268712 1.59872e-17)
(0.128091 -0.0187105 2.17398e-17)
(0.0741689 0.0379614 4.22619e-17)
(0.186435 -0.059902 2.12492e-17)
(0.181704 0.0106287 5.31621e-18)
(0.186731 -0.0788447 -1.59226e-17)
(0.13421 -0.0843963 -2.12702e-17)
(0.185015 -0.0414616 5.31728e-18)
(0.183273 -0.0240699 0)
(0.181707 -0.00786135 -5.32021e-18)
(0.185168 -0.09739 -5.29671e-18)
(-0.00237073 0.0231016 -2.1564e-17)
(0.101401 -0.0959583 4.26746e-17)
(-0.137529 -0.126609 -1.96374e-17)
(0.180637 0.00710734 -1.59496e-17)
(0.127015 0.0472897 -2.13248e-17)
(0.180042 0.0209092 -1.59323e-17)
(-0.243733 0.0221769 5.26731e-18)
(0.0590082 0.0311527 1.55673e-17)
(0.0810845 0.0507278 2.14305e-17)
(-0.247035 0.0536066 1.03526e-17)
(-0.241214 0.0813576 0)
(-0.209368 -0.0624533 -1.12634e-17)
(-0.103004 -0.136765 -3.6117e-17)
(-0.0964211 0.110058 4.29677e-17)
(-0.225217 -0.0387463 4.89963e-18)
(0.166852 -0.0777637 -2.12249e-17)
(0.140782 -0.0602379 5.32135e-18)
(-0.158253 0.127115 0)
(-0.237153 -0.0102584 -4.34849e-17)
(-0.158888 -0.123519 0)
(0.179648 0.0336905 -2.65506e-17)
(-0.00617428 0.0172991 2.15617e-17)
(0.11735 -0.0390433 2.13434e-17)
(0.173079 -0.115155 -2.11547e-17)
(0.0455985 0.0198027 2.67276e-17)
(0.000666746 0.0176008 -2.15817e-17)
(0.192769 -0.0711413 0)
(0.0129976 0.00258028 -4.3134e-17)
(0.0843636 0.036683 -2.57178e-17)
(0.191326 -0.089486 2.65125e-17)
(0.114822 0.0205584 2.1375e-17)
(0.192504 -0.0525732 -1.5935e-17)
(0.191213 -0.0345594 0)
(0.189533 -0.0175948 5.32151e-18)
(0.178718 0.00300094 -1.06307e-17)
(0.180847 -0.12123 -5.28739e-18)
(0.190616 0.0144958 1.59261e-17)
(0.187871 -0.00179785 0)
(0.0950309 -0.0130664 2.35789e-17)
(0.126692 -0.0449637 -2.6678e-17)
(0.186323 0.0127898 4.77942e-17)
(0.0973636 -0.0256789 0)
(0.0704635 -0.0273644 1.06779e-17)
(0.14596 -0.0669106 0)
(0.197643 -0.0777579 5.29567e-18)
(0.0947583 -0.0449529 -2.67094e-17)
(-0.0267693 0.012479 -1.85662e-17)
(0.16367 -0.138643 1.58684e-17)
(0.0897995 -0.030051 0)
(0.116522 -0.0491869 -2.81334e-17)
(0.0919442 0.0631822 2.14245e-17)
(0.152604 -0.0832029 -5.31062e-18)
(0.10441 -0.0158871 -2.34061e-17)
(0.185164 0.0376517 -2.12318e-17)
(-0.167404 0.110449 -5.34889e-18)
(0.184815 0.0261518 0)
(0.11179 -0.0851704 0)
(0.196057 -0.0885954 -5.29383e-18)
(0.181481 -0.0939941 0)
(0.168279 -0.101408 2.64985e-17)
(0.0831266 -0.0551673 0)
(0.194186 -0.0958243 5.29274e-18)
(0.160699 0.0535727 0)
(0.201295 -0.0547319 1.59064e-17)
(0.0539994 0.00045394 0)
(0.168346 -0.0848369 2.12249e-17)
(0.163453 0.0363686 5.31001e-18)
(0.158054 0.0208361 3.72586e-17)
(0.190085 -0.0908366 -2.64747e-17)
(0.181044 -0.114377 0)
(0.134142 0.0432367 0)
(0.0833654 0.00305024 2.09874e-17)
(0.10843 -0.0435209 3.29735e-17)
(0.0799291 -0.025 0)
(0.111682 -0.0678068 0)
(0.161496 0.0241823 3.71151e-17)
(0.198919 -0.0054186 2.12327e-17)
(0.105415 0.00726069 -5.4351e-18)
(0.1547 0.0850439 0)
(0.125922 0.0155214 2.1353e-17)
(0.161644 0.000331736 1.06527e-17)
(0.163848 0.0726487 -5.31413e-18)
(0.0830614 0.0330003 0)
(0.117373 0.0369298 5.31426e-18)
(0.078679 0.0069292 -9.61126e-18)
(0.163401 0.0638624 0)
(0.165638 0.0478539 0)
(0.169607 0.0128556 -1.06353e-17)
(0.187494 -0.106576 5.28994e-18)
(0.182179 0.0250795 -1.06224e-17)
(0.0169604 0.00560366 5.39568e-18)
(0.0812388 -0.032847 1.06512e-17)
(0.0310529 -0.0134336 1.00737e-17)
(0.178698 0.0454245 0)
(0.182812 0.038351 1.06165e-17)
(0.181899 0.0326425 -1.13251e-21)
(0.140031 0.0154512 5.33362e-18)
(0.124535 0.0807268 0)
(0.189112 0.0346118 5.3072e-17)
(0.13035 -0.0700373 2.66288e-17)
(0.166996 0.0583672 -5.31484e-18)
(0.0908957 0.0059945 -1.59327e-17)
(0.156877 0.0424439 0)
(0.109024 -0.0628394 -2.76936e-17)
(0.10028 -0.0500976 3.76659e-17)
(0.189924 -0.10361 -5.29062e-18)
(0.12594 -0.0635322 5.32609e-18)
(0.0876038 -0.0704272 2.27458e-17)
(0.171765 0.020103 -3.19116e-17)
(0.146813 0.0877308 0)
(0.149545 0.0934561 -2.66183e-17)
(0.108363 0.0111648 0)
(0.199679 -0.0719843 -2.11904e-17)
(0.176388 0.0557761 4.77919e-17)
(0.12547 0.068021 -1.43173e-21)
(0.038706 -0.0142241 2.15359e-17)
(0.201522 -0.00252059 2.65415e-17)
(-0.0467823 0.0289276 0)
(0.199826 -0.0807224 -5.29497e-18)
(0.203005 -0.0642713 1.58912e-17)
(0.124248 0.0790904 0)
(0.0928937 0.0183581 5.6372e-18)
(0.155669 0.0686264 2.12808e-17)
(0.180857 -0.115958 -1.58694e-17)
(-0.1546 0.122869 0)
(0.193448 0.0225617 0)
(0.183041 0.0449719 0)
(0.108378 0.0234228 0)
(0.185672 -0.108583 2.11616e-17)
(0.112368 0.118785 2.69995e-17)
(0.0619061 -0.0396672 -2.15622e-17)
(0.16653 0.0675197 -5.3136e-18)
(0.128501 0.047022 -2.13398e-17)
(0.188345 -0.0653923 1.59148e-17)
(0.101252 0.0169655 0)
(-0.109003 0.0617624 5.32982e-18)
(0.10007 0.0628925 4.81253e-17)
(0.156184 0.0812323 0)
(0.191581 0.0267359 -2.65348e-17)
(0.106954 0.0712481 -5.34292e-18)
(0.13681 0.0587924 -1.5991e-17)
(0.147051 0.0845069 0)
(0.147481 0.00245674 -8.08845e-22)
(0.174555 0.0531643 -4.25016e-17)
(0.116639 0.00615475 -5.43973e-18)
(0.0799306 -0.0327776 0)
(0.0962723 0.067113 0)
(0.0854733 -0.060945 -1.76565e-17)
(0.0558963 -0.0467884 -1.16462e-22)
(0.179633 0.0491834 -2.12389e-17)
(0.190523 0.0225593 -1.59279e-17)
(0.163174 0.074534 -2.12596e-17)
(0.11237 -0.0805844 0)
(0.0844374 0.0105627 2.50496e-17)
(0.151969 0.00879934 1.07603e-17)
(0.160893 0.0790728 -1.0918e-21)
(0.0987108 0.0129528 -5.4474e-18)
(0.0660881 0.0404272 0)
(-0.11198 0.0828612 -3.71722e-17)
(-0.109082 0.0633574 -4.30394e-17)
(0.0828547 0.0371248 0)
(0.11665 0.0509084 2.13609e-17)
(0.16414 0.07008 2.12617e-17)
(0.152824 -0.128036 0)
(0.117473 0.0753203 -2.13494e-17)
(-0.0168274 0.00932204 -2.15302e-17)
(-0.0421865 0.0296174 2.21171e-17)
(0.149965 0.0907216 1.59672e-17)
(0.0966163 0.0450273 0)
(-0.0113048 -0.0268133 -2.12147e-17)
(0.149 0.0614125 -2.12948e-17)
(0.137244 0.00972836 5.43453e-18)
(0.0343703 -0.020964 0)
(0.153894 0.0861273 0)
(0.127495 0.0653117 -1.59947e-17)
(-0.00971434 -0.00140448 2.15428e-17)
(0.126569 0.0513943 -5.33533e-18)
(0.107679 0.0454717 0)
(-0.0179017 -0.0154364 0)
(0.204199 -0.0473701 -3.7117e-17)
(0.199881 0.000343672 -5.30705e-18)
(0.0858367 -0.0739591 5.72599e-18)
(0.171833 0.0642258 2.65625e-17)
(0.196974 0.0107235 1.59242e-17)
(0.196873 0.002295 -3.71567e-17)
(0.153006 0.0728732 -2.66034e-17)
(0.153815 0.0823282 -2.1279e-17)
(0.15236 0.0892498 2.66042e-17)
(0.156137 0.0786601 4.78727e-17)
(0.19659 0.00915909 1.59217e-17)
(0.196356 0.0142058 -1.59176e-17)
(0.0893044 0.0552786 -5.44891e-18)
(0.179478 -0.10128 0)
(0.166653 0.0648506 -4.25202e-17)
(0.202374 -0.0146874 -2.12364e-17)
(0.0981788 0.0357943 -2.14005e-17)
(-0.0674985 0.0384498 2.14263e-17)
(0.174515 0.0582073 -2.12449e-17)
(0.124287 0.0760115 0)
(0.141453 0.0937108 0)
(0.00622362 -0.129562 0)
(0.20144 -0.0375827 2.12306e-17)
(0.0898688 0.0498965 0)
(0.0970691 0.0634425 -1.60406e-17)
(0.117039 0.0404528 0)
(0.0803743 0.05352 0)
(0.11918 0.0838479 0)
(0.129465 0.0873671 -5.33225e-18)
(0.107815 0.0408772 0)
(0.157898 -0.138374 2.1171e-17)
(0.200553 -0.021057 -5.31018e-18)
(0.147574 0.0934824 0)
(0.0736989 0.0480522 -2.71401e-17)
(0.0187158 -0.0328099 -2.16107e-17)
(0.104374 0.0713116 0)
(0.20386 -0.0306802 5.30826e-18)
(0.0882653 -0.129828 0)
(0.0364404 -0.0954371 1.62391e-17)
(0.113308 0.078208 0)
(0.043955 0.0234578 0)
(0.0464426 -0.0596961 -2.15834e-17)
(0.136834 0.0896698 0)
(0.147326 0.0878675 -2.12946e-17)
(0.122967 0.0824692 5.33483e-18)
(-0.0571602 0.0306755 0)
(0.189124 -0.000437376 1.5946e-17)
(0.132713 0.0827264 5.33022e-18)
(0.00460804 -0.00151451 0)
(0.057414 0.0345688 -1.45996e-17)
(0.196442 -0.025772 -2.65852e-17)
(0.0171594 -0.0224769 -4.12825e-22)
(0.143051 0.0948583 -2.13268e-17)
(0.0513828 0.0237255 2.15389e-17)
(0.145577 0.0902186 -2.12971e-17)
(0.115204 0.0250927 0)
(0.0820931 0.0460521 -1.60918e-17)
(0.140327 0.0951005 0)
(0.172797 -0.0196255 -2.13295e-17)
(0.143471 0.0828418 0)
(0.141138 0.0488324 5.32989e-18)
(0.147466 0.100819 5.32981e-18)
(0.139866 0.0735146 0)
(0.145337 0.0924962 5.32632e-18)
(0.0696408 0.0431423 1.87471e-17)
(0.138432 0.0878435 1.59833e-17)
(0.116338 0.0375597 0)
(0.144525 0.0326149 -1.59899e-17)
(-0.0244166 0.0014461 0)
(0.0754508 0.0508556 0)
(0.063794 0.040313 -1.93135e-17)
(0.146677 0.0955001 0)
(-0.0134584 -0.0122197 0)
(0.0953874 0.0223843 -5.58558e-18)
(0.0698538 -0.0921349 2.69073e-17)
(0.147208 0.0988721 -2.13123e-17)
(0.163132 0.0586791 -2.12697e-17)
(-0.0602798 -0.112526 2.23385e-17)
(0.0305857 0.00534206 2.18867e-17)
(0.14079 0.0918529 0)
(0.134674 0.0802792 -5.33044e-18)
(0.0839075 0.0571881 0)
(0.0266191 -0.0383895 -1.11497e-17)
(0.147167 0.0969035 3.14288e-22)
(0.137192 0.0842797 0)
(0.137967 -0.0144042 -2.71589e-17)
(0.0888334 0.0608496 0)
(0.0936604 0.057838 -5.35649e-18)
(0.0411938 0.0106467 1.71066e-17)
(0.0445342 -0.0700083 2.15641e-17)
(0.146538 0.0985341 2.13102e-17)
(0.143037 0.0438744 1.59887e-17)
(0.0630724 0.0398704 -8.98833e-18)
(0.165287 0.0529355 4.25373e-17)
(0.146227 0.0951548 2.1312e-17)
(0.099295 0.0607104 -5.35697e-18)
(0.119201 0.0752261 0)
(0.141164 0.100412 0)
(0.101419 0.110887 2.16029e-17)
(0.151508 0.0567053 1.59704e-17)
(0.161285 -0.0154802 2.71179e-17)
(0.053355 -0.0712968 -5.34027e-18)
(0.145854 0.0799739 0)
(0.0369946 -0.054442 0)
(0.20437 -0.0168413 0)
(-0.107478 0.0454789 -2.14259e-17)
(0.115839 0.0668672 0)
(0.0957013 0.114306 -2.19631e-17)
(-0.0959225 0.0758094 3.76339e-17)
(0.0822868 0.0529739 4.28125e-17)
(0.111501 0.0670561 -2.13676e-17)
(0.189299 -0.0202619 0)
(0.113065 0.0638892 -2.13689e-17)
(0.156785 0.0457933 0)
(0.130855 0.0841199 0)
(0.136642 0.0971448 0)
(0.0953978 0.0629257 1.62097e-17)
(0.146964 0.131653 0)
(-0.0459136 -0.127282 0)
(0.130358 0.0313287 0)
(0.0675667 0.0398575 0)
(0.0655059 -0.178104 -5.3768e-18)
(0.148386 0.121252 0)
(0.203485 -0.0255681 2.65473e-17)
(0.145941 0.101062 -5.33094e-18)
(0.146422 0.143312 0)
(0.115425 0.0552828 -2.13651e-17)
(0.158049 0.0398572 -5.32242e-18)
(0.0289206 -0.0485755 5.56691e-18)
(0.128057 0.0884035 0)
(0.0555887 0.0301706 -2.09274e-17)
(0.147546 0.10349 -2.13707e-17)
(0.105788 0.0263239 5.45143e-18)
(0.0838371 0.0532078 -1.61692e-17)
(0.0964598 0.0486603 2.72703e-17)
(0.0611988 -0.0876665 -2.1451e-17)
(0.145655 0.102476 0)
(0.0166952 -0.0498688 0)
(-0.048809 -0.0031685 0)
(0.0987641 0.123251 0)
(0.100124 0.0686734 -1.61712e-17)
(0.147949 0.105077 -5.35914e-18)
(0.147476 0.105431 2.13868e-17)
(-0.246904 0.188134 1.25457e-17)
(0.105939 0.0543158 -5.39333e-18)
(0.0218558 -0.0324538 2.2467e-17)
(0.107683 0.0672905 0)
(0.0804254 0.0544754 -1.71557e-17)
(0.129929 0.0712617 5.33392e-18)
(0.201135 -0.0111614 0)
(0.143924 0.0979944 -2.13257e-17)
(0.127865 0.0743782 5.33345e-18)
(0.146681 0.133908 -2.69529e-17)
(0.0731452 -0.107847 0)
(0.148736 0.105946 -4.28306e-17)
(0.0976048 0.101731 0)
(0.146095 0.112178 0)
(0.0264051 -0.0799024 5.57799e-18)
(0.145889 0.117987 0)
(0.103444 0.0750053 -1.62002e-17)
(0.0899108 0.0590301 -5.39453e-18)
(0.0432348 -0.070565 -2.70159e-17)
(0.129435 0.0362759 5.33718e-18)
(0.117859 0.0358899 0)
(0.0833145 -0.177302 -4.28369e-17)
(0.0210537 -0.0142243 5.26951e-18)
(0.122135 0.0650782 1.60144e-17)
(0.015075 -0.0646391 -1.61913e-17)
(0.137872 0.0968896 -2.1367e-17)
(0.0618408 0.0399268 0)
(0.194057 -0.0126192 2.12688e-17)
(0.143265 0.0992269 4.79949e-17)
(-0.0436953 -0.0132048 -2.80628e-17)
(0.119135 0.0728361 2.13512e-17)
(0.0431345 -0.131521 -2.16822e-17)
(0.0844563 0.0631086 -1.9367e-17)
(0.0946726 0.0657823 -5.40443e-18)
(0.123984 0.061301 -2.13476e-17)
(0.123167 0.0734407 0)
(0.109012 0.0442664 0)
(0.128756 -0.126019 -5.36074e-18)
(0.00102025 -0.103538 0)
(0.110952 0.0698117 2.67413e-17)
(0.168944 -0.00918541 0)
(0.138581 0.0872565 0)
(0.131038 0.0807592 2.68089e-17)
(0.143626 0.114147 0)
(0.185395 -0.00814565 -2.12689e-17)
(0.148688 0.108706 -2.31944e-23)
(0.127661 0.0809935 -2.13452e-17)
(-0.0944986 0.0159329 2.15157e-17)
(-0.000469934 -0.15246 5.47426e-18)
(0.0345002 -0.0586828 1.94908e-17)
(0.1559 -0.00611554 -2.64326e-17)
(-0.04855 0.0265461 0)
(0.0285563 -0.11892 0)
(0.0211236 -0.164645 3.27299e-21)
(0.104672 0.0577265 0)
(0.0391438 -0.164077 -5.41898e-18)
(0.0972618 0.0314668 2.1318e-17)
(0.0863088 0.0962754 -1.61901e-17)
(0.0750705 0.0549669 1.91757e-17)
(0.0337099 -0.0841791 -2.2118e-17)
(0.105622 0.0909704 0)
(0.106674 0.0310563 0)
(0.0914803 0.0542649 -5.44979e-18)
(0.105346 0.0827027 0)
(0.145984 0.104818 -2.15389e-17)
(0.0194979 -0.142416 -5.48909e-18)
(-0.0151184 -0.0414423 1.61919e-17)
(0.0588183 -0.132529 5.39616e-18)
(0.0982265 0.0734284 0)
(0.00522617 0.00461824 -2.75013e-17)
(0.149472 0.109056 0)
(0.0260555 0.0203118 5.40181e-18)
(0.142807 0.120638 2.15123e-17)
(0.044333 -0.093207 0)
(0.145559 0.0990575 0)
(0.0644981 0.04923 9.97442e-18)
(0.0843616 0.0536897 -2.14123e-17)
(0.0633128 -0.101954 2.69587e-17)
(0.149254 0.112831 0)
(-0.0184395 -0.0604819 -2.16385e-17)
(0.14978 0.113391 2.14446e-17)
(0.147814 0.103192 2.13978e-17)
(0.0842697 0.111096 4.90918e-18)
(0.0809867 0.0873773 -4.97304e-18)
(0.0996115 0.0821056 -2.28681e-17)
(0.0718307 -0.119971 1.62475e-17)
(0.0793636 0.102266 -4.86022e-18)
(0.149191 0.118252 -2.14704e-17)
(0.0993151 0.0911207 -2.22612e-17)
(-0.0160483 0.0112734 -2.35141e-17)
(0.148681 0.127345 2.69231e-17)
(0.0276849 -0.154769 2.17906e-17)
(0.0328671 -0.0970282 -2.22344e-17)
(0.0496284 -0.154988 5.41048e-18)
(0.086977 0.082301 2.08494e-17)
(0.104011 0.0998308 -2.15889e-17)
(0.0279818 -0.0858348 -1.71115e-17)
(0.145404 0.09958 0)
(0.0922617 0.128196 0)
(0.14954 0.119414 -2.14936e-17)
(0.0561768 -0.119683 -5.40779e-18)
(0.053624 -0.150233 -5.40323e-18)
(0.0661555 -0.128188 2.16924e-17)
(0.130502 0.132352 -2.16462e-17)
(0.105136 -0.151625 0)
(0.0203475 -0.0719271 1.10112e-17)
(0.118896 0.117443 -2.16161e-17)
(0.0611031 -0.157485 -1.19455e-21)
(0.0320183 -0.140119 0)
(0.115364 0.109055 2.15823e-17)
(0.0158816 -0.0486918 -1.25576e-18)
(0.148336 0.125245 -5.38332e-18)
(0.0613708 -0.112586 0)
(0.107437 -0.0827758 5.36575e-18)
(-0.0886656 -0.0966786 2.33325e-17)
(-0.0567279 -0.0281736 -2.17285e-17)
(0.0470356 -0.164122 5.41227e-18)
(0.0309927 -0.104995 0)
(0.0318428 -0.0970423 -5.53482e-18)
(0.0383219 -0.0938612 0)
(0.0849199 0.0168081 0)
(0.0281239 -0.0848831 0)
(0.051739 0.0308209 2.95873e-17)
(0.0401692 -0.0976104 0)
(0.0880549 -0.10963 0)
(0.0799708 0.0423227 -1.87321e-17)
(0.0697123 0.175173 -9.14565e-22)
(0.0641075 -0.150376 0)
(0.0309746 -0.130287 -2.18349e-17)
(-0.0341281 -0.130776 0)
(0.128284 0.124997 -2.16115e-17)
(0.122265 0.056254 -2.17974e-17)
(0.0265227 -0.14651 5.46642e-18)
(0.0550774 -0.178406 5.37944e-18)
(0.0273908 -0.128874 0)
(0.0308349 -0.0846949 -5.61853e-18)
(0.0354268 -0.156948 0)
(-0.0498106 -0.0496995 0)
(-0.0219526 -0.20583 -1.00529e-17)
(0.0497647 -0.123011 -5.41994e-18)
(0.142414 0.133681 1.61856e-17)
(0.074234 -0.0105813 -2.17958e-17)
(0.114414 0.22767 -2.23441e-17)
(0.14719 0.19774 8.33976e-19)
(-0.00472203 -0.0787503 0)
(0.0764096 0.0436328 4.6219e-18)
(0.0363294 -0.139692 0)
(-0.234003 0.200508 1.46311e-17)
(-0.0434747 -0.0194239 4.55391e-17)
(0.0431292 -0.123154 2.17098e-17)
(0.0791842 0.141813 -2.29979e-17)
(0.121875 0.0894553 2.68934e-17)
(0.137881 0.137235 5.40277e-18)
(0.120963 0.152789 0)
(0.0506071 -0.133893 2.71895e-17)
(0.0357455 -0.0993017 -1.68038e-17)
(0.123161 0.0948852 -2.7174e-17)
(0.139098 0.143399 -5.4103e-18)
(0.0303304 -0.053314 0)
(0.144671 0.125161 4.30957e-17)
(-0.0870608 -0.00722435 2.16574e-17)
(0.0797022 -0.155226 2.14427e-17)
(0.145552 0.101292 5.36128e-18)
(0.00457921 -0.145256 0)
(0.00330795 -0.15738 2.16225e-17)
(0.117282 0.100694 0)
(0.133831 0.147134 -5.41601e-18)
(0.117732 0.191457 0)
(-0.0673223 -0.0335524 0)
(0.134786 0.154047 -1.63114e-17)
(0.0897912 -0.00848507 -2.73116e-17)
(0.0920484 -0.0242553 7.56609e-19)
(0.00172585 -0.0766758 2.17479e-17)
(0.114769 0.0605125 -2.15951e-17)
(-0.0740378 -0.0427011 -2.24014e-17)
(0.133833 0.123632 4.88438e-22)
(0.140887 0.128352 5.3989e-18)
(0.137946 0.0917165 2.1577e-17)
(0.136029 0.115996 3.84284e-22)
(0.110195 0.197709 -2.22995e-17)
(0.115267 0.0806988 -2.15061e-17)
(0.0567955 -0.122765 0)
(0.0144532 -0.0402761 0)
(0.0954922 0.0157502 5.45779e-18)
(0.0676773 0.0427775 5.51833e-18)
(0.129627 0.165467 -5.48036e-18)
(0.120967 0.060931 0)
(-0.00429779 -0.16188 0)
(0.128839 0.157921 5.45506e-18)
(0.0992429 0.0681483 -2.14579e-17)
(-0.082117 -0.0034084 0)
(0.123912 0.177818 0)
(0.0344305 -0.0804387 0)
(0.12446 0.13427 2.70893e-17)
(0.110589 -0.115907 -2.11522e-17)
(0.12302 0.101349 1.629e-17)
(0.0605272 -0.167716 -1.6185e-17)
(0.0813312 0.0527369 1.5774e-17)
(0.0263693 -0.0611905 -2.31826e-17)
(0.0530907 -0.169929 -5.39531e-18)
(0.133033 0.103668 3.35316e-22)
(0.0200267 -0.0821818 -1.93371e-17)
(0.123084 0.169695 0)
(0.0889872 -0.11587 -1.61774e-17)
(0.048205 -0.175327 5.38646e-18)
(0.118524 -0.146645 5.31988e-18)
(0.112882 0.252278 -2.23341e-17)
(0.108402 0.178445 5.46577e-18)
(-0.0762577 -0.238005 5.92235e-18)
(0.143393 0.108841 -1.87112e-22)
(0.150893 -0.00879142 0)
(0.149661 0.00555119 1.58939e-17)
(0.121567 0.108793 0)
(0.131074 0.116803 -2.15852e-17)
(-0.020798 -0.060961 0)
(0.074054 -0.179678 0)
(0.0317148 -0.0697659 2.33709e-17)
(0.116752 0.182836 0)
(0.0816238 0.0205256 -2.17361e-17)
(0.0730627 -0.156504 -2.15666e-17)
(0.119641 0.144646 0)
(0.0655387 0.0144799 -2.67726e-17)
(0.1367 0.0901757 -5.41523e-18)
(0.139834 0.100743 1.60772e-17)
(0.0692249 0.00386588 -1.60766e-17)
(-0.060258 -0.0884013 2.21136e-17)
(0.134053 0.0831403 2.161e-17)
(0.126167 0.142035 -5.43526e-18)
(0.111029 0.0770503 -2.88292e-22)
(0.14831 0.113617 0)
(0.122309 0.0869958 5.36735e-18)
(-0.000151192 -0.272245 -1.34468e-21)
(0.157999 -0.0427867 -5.32873e-18)
(0.153853 -0.0248934 2.1257e-17)
(0.117834 0.0933992 5.43254e-18)
(0.114577 0.0480755 0)
(0.0840403 -0.170798 -1.9628e-21)
(0.131425 0.080584 1.61495e-17)
(0.132671 0.109706 -2.15385e-17)
(0.145364 0.107562 -5.37286e-18)
(0.0179293 -0.032016 2.65184e-17)
(0.124591 0.0673495 0)
(-0.0323801 -0.0469422 0)
(0.00837329 -0.060315 0)
(0.0773669 -0.00958651 5.3663e-18)
(0.089771 -0.0277263 0)
(0.0577977 -0.0547792 2.26496e-17)
(0.148152 0.108399 -2.1514e-17)
(0.039231 0.0332989 2.24246e-17)
(0.16562 -0.0832693 5.31624e-18)
(0.162321 -0.0624981 0)
(-0.0134211 0.0199705 3.95884e-17)
(0.117098 0.0871453 5.40519e-18)
(0.132197 0.098642 2.14939e-17)
(0.142115 0.104497 -1.6111e-17)
(0.140197 0.097131 -1.62408e-17)
(0.102887 -0.0500588 0)
(0.113955 0.156323 0)
(0.0747971 -0.167703 4.83943e-17)
(-0.0348313 -0.0231924 0)
(0.132848 0.0957772 -2.14849e-17)
(0.08042 -0.0695076 -5.38737e-18)
(0.137023 0.109471 0)
(0.13683 0.104027 4.30864e-17)
(0.030874 -0.108214 0)
(0.137293 0.0898183 2.68707e-17)
(0.0725674 -0.0600656 0)
(0.146752 0.111 0)
(-0.0280489 -0.13254 0)
(0.115067 -0.165814 0)
(-0.176132 0.12664 1.23304e-17)
(0.069162 0.00326482 0)
(0.135421 0.0995729 -2.69093e-17)
(0.0646543 -0.0981557 0)
(0.0929421 -0.143973 2.15895e-17)
(0.110305 -0.17232 2.14121e-17)
(0.114888 0.164763 2.1694e-17)
(-0.0465865 -0.0835956 5.45174e-18)
(-0.00884549 -0.144199 0)
(-0.0358075 -0.24069 3.6783e-17)
(0.107583 0.169496 -2.72785e-17)
(0.0285977 -0.0779961 0)
(0.109857 0.0767829 0)
(0.126768 0.0906876 -2.15009e-17)
(0.121278 -0.131851 0)
(0.0842552 -0.047567 2.68579e-17)
(-0.119592 0.0928823 -4.10072e-17)
(0.0743211 -0.147057 -2.15955e-17)
(0.071112 -0.162632 -1.61127e-17)
(0.0442744 0.126449 1.17687e-17)
(0.0322446 -0.108268 -1.62857e-17)
(-0.0415005 -0.10607 0)
(0.0184454 -0.0307726 0)
(0.0980144 -0.132467 -5.37084e-18)
(0.123924 -0.101506 5.34591e-18)
(0.0155944 -0.143759 -5.40983e-18)
(0.100424 -0.157204 0)
(0.102538 -0.128874 0)
(-0.004963 -0.132437 2.70862e-17)
(-0.0217575 -0.10654 -2.72045e-17)
(0.12507 -0.164015 -5.323e-18)
(0.161424 -0.00304554 5.31099e-18)
(0.143696 0.103796 2.68267e-17)
(0.119255 0.0847946 0)
(0.129171 0.0922486 1.61132e-17)
(0.0310802 -0.0951106 5.52741e-18)
(0.0472673 0.0118932 2.14495e-17)
(-0.0543677 -0.0604646 0)
(0.0253603 0.0103218 1.08926e-17)
(0.0411408 -0.051346 0)
(0.166828 -0.0362884 -5.31102e-18)
(0.138427 -0.084625 5.3304e-18)
(-0.00780171 -0.0753986 5.0179e-17)
(0.130091 0.094418 5.38056e-18)
(0.0885698 -0.164099 0)
(0.0891322 0.0579559 1.61895e-17)
(0.0591516 0.0339926 -5.23951e-18)
(0.065762 -0.0141 -5.36112e-18)
(0.0760369 0.047402 5.40708e-18)
(0.139011 0.193473 0)
(-0.122252 0.0542696 -4.15559e-17)
(-0.0220644 -0.0877362 0)
(0.0841275 -0.151922 0)
(0.116273 -0.109683 2.67687e-17)
(0.0282524 0.0308019 0)
(0.173318 -0.0756797 -5.29736e-18)
(0.105871 0.0727897 0)
(0.0636983 0.0375392 0)
(0.0682486 -0.140346 -2.15285e-17)
(0.070803 0.0460338 -3.02171e-17)
(-0.0674904 -0.0427622 0)
(0.040919 -0.0275186 1.67755e-18)
(0.00384299 -0.107228 0)
(0.0638579 -0.0141593 2.1203e-17)
(0.0947222 -0.137674 0)
(0.0948622 -0.0561643 0)
(0.0242019 -0.0751956 -5.63202e-18)
(0.0909425 -0.0982001 2.14862e-17)
(-0.0219034 -0.251193 -4.17843e-17)
(0.143192 -0.107949 -2.66286e-17)
(0.0751194 -0.0776979 4.28927e-17)
(0.0827897 0.190671 -2.22968e-17)
(-0.0883111 -0.0297098 2.20834e-17)
(0.0208394 -0.132279 -5.39892e-18)
(0.120483 -0.134237 -2.13416e-17)
(0.0601153 -0.108867 5.39044e-18)
(0.0962173 -0.159004 0)
(0.0481309 -0.131796 2.15777e-17)
(0.110436 -0.158027 5.36181e-18)
(0.0828676 -0.140147 -4.31996e-17)
(0.100246 -0.173122 0)
(0.014569 -0.0428504 0)
(0.0984444 -0.166029 0)
(0.0770085 -0.0428134 -2.14302e-17)
(0.0075649 -0.0920723 -5.42786e-18)
(0.0881495 -0.0224515 0)
(0.0931808 -0.0175709 0)
(0.0536892 -0.157494 -5.37176e-18)
(0.03971 -0.0414601 3.82668e-17)
(0.10903 -0.146928 -5.34186e-18)
(-0.0150504 -0.0772549 -2.57134e-17)
(0.0747858 -0.00956333 -2.29965e-17)
(0.00834236 -0.0182103 2.08766e-17)
(0.0167714 -0.00901467 1.14254e-17)
(-0.14781 0.0766484 2.14377e-17)
(0.0416212 -0.142534 5.37058e-18)
(0.0956618 -0.00886214 0)
(0.07502 0.0470746 0)
(0.0313695 0.0229663 6.36506e-18)
(0.0782925 -0.0769962 -2.23081e-17)
(0.114925 -0.0753542 -5.35051e-18)
(0.0754401 -0.130578 2.14807e-17)
(0.0943502 -0.100518 -2.68224e-17)
(0.0337697 -0.0621152 5.53456e-18)
(0.035304 0.199492 0)
(0.118004 0.234914 2.16717e-17)
(0.0354883 -0.0743507 0)
(0.0815083 0.269535 1.72742e-17)
(0.0368804 -0.00263205 -2.28945e-17)
(0.108213 0.0289494 -1.57272e-17)
(-0.0996838 -0.0551897 0)
(0.0397257 -0.149731 2.36384e-17)
(0.0187335 -0.227682 4.53066e-17)
(-0.230219 0.173871 -2.38271e-17)
(0.0663076 0.0275618 -1.97037e-17)
(0.059647 -0.0729616 0)
(0.0559504 0.0359661 0)
(0.0720348 0.0623392 0)
(0.0744211 0.0718431 2.51036e-17)
(0.0570009 -0.0522552 -2.07385e-17)
(0.0458585 0.0464362 0)
(0.122121 0.218245 5.8784e-18)
(0.0674323 0.123049 6.28344e-18)
(-0.147205 -0.109167 -1.6281e-17)
(-0.0847134 -0.0642063 0)
(0.0288188 0.0266481 0)
(0.102561 -0.0211536 0)
(-0.249339 0.164622 0)
(0.0383461 0.165538 0)
(0.0905913 -0.0034917 -3.62828e-17)
(0.0725466 0.261354 0)
(0.104647 -0.0106783 0)
(0.0643309 -0.0517902 1.15928e-17)
(0.0358209 0.217785 0)
(0.133731 -0.00700249 -1.68706e-17)
(0.129489 0.239645 2.33181e-17)
(0.0841112 -0.0982587 -1.6102e-17)
(-0.255888 0.0659782 -1.65164e-17)
(0.0953115 -0.000126831 1.07863e-17)
(0.125687 -0.000215526 0)
(0.0211145 0.106915 0)
(-0.00209895 -0.191737 2.41839e-17)
(0.144782 0.170648 6.6594e-22)
(0.00708747 -0.0724358 -3.83323e-17)
(0.0861428 0.0276556 0)
(0.143175 0.208835 -2.49819e-17)
(0.0114957 -0.0640668 1.31179e-17)
(-0.238147 0.0997523 0)
(0.0295202 -0.198444 -4.54587e-17)
(-0.0383005 -0.0122404 1.10407e-17)
(-0.0376354 -0.0101161 2.30044e-17)
(-0.0359099 0.0151476 2.25748e-17)
(-0.0389301 -0.0236731 2.12197e-17)
(-0.0358106 -0.023423 0)
(-0.025811 -0.00251425 1.89866e-17)
(-0.0262774 0.017818 1.8431e-17)
(-0.0401467 -0.0181606 -5.66531e-18)
(-0.0405364 -0.0230647 0)
(-0.0315461 -0.0255024 0)
(-0.040804 -0.0186686 4.5589e-17)
(-0.0394218 0.0258461 -2.28083e-17)
(-0.0344036 -0.00376234 -3.02753e-17)
(-0.0375108 0.0128308 0)
(-0.0387458 -0.0127529 -2.19218e-17)
(-0.0377054 -0.0109509 0)
(-0.0364717 0.0193723 4.31225e-17)
(-0.0373886 -0.0213864 -2.26259e-17)
(-0.0309775 -0.0230395 0)
(-0.0325334 -0.000851169 3.65867e-17)
(-0.0359477 0.0202649 2.12119e-17)
(-0.0259429 0.0184667 0)
(-0.0390888 -0.0173336 -1.69711e-17)
(-0.0652751 -0.0501511 -1.65761e-19)
(-0.0277129 0.00332165 2.33717e-18)
(-0.228236 0.0463642 -3.39563e-17)
(-0.0956975 -0.082387 2.22968e-17)
(0.0312298 0.0602756 3.66685e-17)
(0.0266399 0.0434338 -2.44126e-17)
(-0.032981 0.00491111 2.24555e-17)
(0.0454473 -0.0839863 -5.62962e-18)
(-0.0933674 -0.0865164 -2.21265e-17)
(-0.08762 -0.0269648 4.62399e-17)
(0.0406273 -0.0609824 -2.52489e-17)
(-0.0231942 -0.0729348 -2.59624e-17)
(-0.133878 0.0684169 1.16178e-17)
(-0.0709117 -0.102206 -7.02591e-18)
(-0.0454287 0.0336902 2.47415e-17)
(-0.0438399 0.0299819 3.0499e-18)
(0.0818179 0.224765 0)
(0.0333851 -0.0776454 -2.36709e-17)
(0.00879084 -0.025257 -9.38338e-18)
(0.0163058 -0.00172992 2.063e-17)
(-0.00909082 0.0115689 -2.98105e-17)
(0.0140319 0.0162205 2.69635e-17)
(-0.00856135 0.000137398 2.15031e-17)
(0.00747479 -0.0240587 2.25161e-17)
(0.0943205 0.213333 0)
(-0.0358318 -0.0682455 3.05068e-18)
(-0.0543334 -0.0951946 2.39937e-17)
(0.0614832 -0.0431411 4.76379e-17)
(0.0466234 0.0282265 9.5864e-18)
(0.00699206 -0.0251304 0)
(0.132842 0.225006 -2.45779e-17)
(-0.0383941 0.0281267 -2.98844e-18)
(0.0565278 -0.0553722 0)
(-0.0477573 -0.0765833 -7.22443e-17)
(0.00106927 -0.0765473 0)
(-0.272659 0.100298 0)
(-0.00100732 0.0723587 2.48029e-17)
(0.0636103 0.0334783 -1.16767e-17)
(-0.0314285 -0.319981 -2.62229e-17)
(0.056521 0.107859 1.89268e-17)
(0.00516541 0.027208 -2.12386e-17)
(0.0923232 0.202778 0)
(0.00746261 -0.0302188 0)
(0.130047 0.21944 0)
(0.0058739 -0.034654 1.47646e-18)
(-0.00166615 0.00173174 -4.60487e-17)
(-0.0373332 -0.0139098 1.14515e-17)
(-0.0381415 0.0204662 -2.21922e-17)
(-0.00249272 -0.298534 2.6632e-17)
(0.0808708 0.115295 -7.34015e-19)
(-0.00449979 -0.0853983 -4.28691e-17)
(-0.00109661 -0.00319166 2.38733e-17)
(0.0829313 0.201622 0)
(-0.157113 0.117248 0)
(-0.0980376 -0.0532403 -1.66873e-17)
(-0.0478331 -0.0842144 4.79434e-17)
(0.045801 0.0266438 0)
(0.0764696 0.131004 1.41909e-17)
(0.00796553 -0.0218086 -1.22855e-17)
(0.0436139 0.0223854 2.73068e-17)
(-0.217092 0.110395 0)
(-0.0381956 0.0132625 -2.84413e-17)
(-0.00435764 0.0198252 1.20905e-17)
(-0.0128587 0.0705318 1.18186e-17)
(-0.0280796 -0.0963766 2.53529e-17)
(0.0600856 0.142872 -2.29326e-17)
(0.0556825 0.0403248 0)
(-0.0460352 0.0857205 0)
(-0.0364538 0.0873067 0)
(0.0513824 0.0567192 1.53077e-17)
(0.00190833 -0.0659063 2.89008e-17)
(0.0580625 -0.043947 -1.09265e-22)
(-0.0457341 0.0385715 1.85335e-17)
(-0.0480313 0.0402887 -2.15311e-17)
(-0.0315101 0.0916371 -2.20583e-17)
(-0.035177 0.0875898 0)
(-0.114591 -0.00777452 0)
(0.125986 -0.0117239 0)
(0.0654584 -0.00841279 -1.33272e-17)
(-0.0450473 0.051924 2.29084e-17)
(0.146288 0.178271 5.10555e-17)
(0.141237 0.224346 0)
(0.0616718 -0.0284009 -2.2037e-17)
(-0.0144642 0.0438483 -1.14264e-17)
(0.0118778 -0.01562 -2.53843e-17)
(-0.0027327 0.0246612 -1.16688e-17)
(0.112879 0.00157749 0)
(0.123982 0.0792409 -1.36009e-17)
(0.0635384 0.223006 1.74494e-17)
(-0.0880203 -0.0768583 -2.30741e-17)
(-0.0670342 -0.0824863 3.50797e-17)
(0.0740564 0.0114766 -2.47288e-17)
(-0.0299976 -0.0358478 -3.26788e-17)
(0.0824799 0.0230189 0)
(-0.0231816 0.0145825 1.31114e-17)
(0.019496 -0.0543284 -1.37099e-17)
(-0.02683 -0.244717 -1.22438e-17)
(0.0810524 0.0639517 2.45903e-17)
(-0.0390311 -0.00844131 -3.05038e-17)
(0.0517109 0.0314869 0)
(0.0828494 0.0764175 -1.30115e-17)
(-0.0347307 -0.192139 0)
(0.0551947 0.123639 -2.48489e-17)
(0.00546806 -0.0038225 -1.42943e-17)
(0.0267227 -0.0409203 -1.4723e-17)
(-0.0275462 -0.0250589 0)
(-0.00625013 -0.157097 3.24189e-18)
(-0.00767749 -0.00200448 0)
(-0.00838858 -0.33575 0)
(0.0168853 -0.00863763 -1.49551e-17)
(-0.170035 -0.0580454 0)
(0.0108543 0.00826607 -1.36278e-17)
(0.0220264 0.0247954 0)
(0.0354266 0.100656 2.40281e-17)
(-0.0311251 -0.079673 -2.58867e-17)
(0.0148918 -0.00675062 -2.60472e-17)
(0.00635627 0.00380173 -2.67827e-17)
(0.00445876 -0.00605689 0)
(-0.0437065 0.0732759 0)
(-0.0293979 0.00713414 -3.43051e-17)
(-0.0353736 -0.273714 -2.82327e-17)
(-0.0470881 0.0639826 -1.41726e-17)
(0.0165155 0.0129912 1.33322e-17)
(-0.0745273 -0.0938446 1.50946e-18)
(0.144583 0.15445 2.48063e-17)
(0.0208405 0.00645403 1.25995e-17)
(-0.0175375 -0.215497 3.28505e-17)
(-0.0187626 0.0713192 1.20504e-17)
(0.0568016 0.270238 -5.16078e-17)
(-0.0864606 -0.0646438 -2.94904e-17)
(-0.0653115 -0.0442715 0)
(-0.0560454 -0.199549 1.57331e-17)
(-3.15722e-05 0.0486573 -1.3895e-17)
(0.0576267 0.0327884 5.65339e-18)
(0.0382307 0.0839909 0)
(0.00333873 -0.00375842 1.29756e-17)
(0.0259139 0.0632287 -2.6433e-17)
(0.0329682 0.0319038 0)
(0.0104559 0.000211676 -1.74442e-22)
(-0.00277638 -0.00789625 0)
(0.0130902 0.00985553 -1.66481e-18)
(-0.0125822 -0.01925 -2.62281e-17)
(-0.000136157 -0.00646652 6.75128e-18)
(-0.0409617 -0.00355676 4.28934e-17)
(-0.0307676 -0.00212862 -1.34554e-17)
(-0.0221606 -0.24346 -3.38668e-17)
(-0.0521558 0.050249 -5.62656e-17)
(0.0645637 0.0841204 4.15557e-17)
(0.00790234 -0.00577402 2.79215e-17)
(-0.0370376 0.00920869 -1.40641e-17)
(-0.0373792 -0.00182372 3.04213e-17)
(0.00802964 0.123201 0)
(0.141145 0.205162 6.24224e-22)
(-0.0348138 0.00697642 2.37196e-17)
(-0.0189687 -0.0226969 -2.28768e-17)
(-0.147254 0.0804683 2.1208e-17)
(-0.00399036 -0.0807154 -3.26643e-17)
(-0.00886634 0.0829333 -1.08653e-17)
(-0.0402246 -0.00638654 -3.67819e-17)
(0.0304155 -0.0317096 -1.34323e-17)
(0.00869805 0.005515 6.33019e-18)
(0.0153561 -0.0454575 -1.1302e-17)
(0.0365896 0.0249467 0)
(-0.011899 -0.0689794 0)
(-0.0242388 0.0266305 3.52158e-17)
(-0.0390544 0.0360528 6.28689e-18)
(-0.0299168 0.0674806 0)
(-0.00290427 -0.0782002 0)
(0.133719 0.202973 0)
(0.0385433 -0.0341522 1.47786e-17)
(-0.149856 -0.118952 1.47299e-17)
(-0.0943891 -0.00221193 -7.95495e-18)
(-0.0363143 0.0437041 1.24698e-17)
(0.145944 0.176858 0)
(-0.0262331 0.0680264 -2.21791e-17)
(-0.0737593 -0.135115 -8.30204e-18)
(0.1286 0.0741096 0)
(-0.0458462 -0.368435 2.52672e-17)
(0.0291205 -0.00695207 -4.57856e-17)
(0.039324 -0.0732744 2.80484e-17)
(0.0527995 0.253637 0)
(0.0192166 0.00752728 2.84222e-17)
(0.00867359 0.00400423 -2.64037e-17)
(-0.0154453 0.0316799 9.20216e-18)
(-0.0383158 -0.1002 -6.45275e-18)
(0.051023 0.0318829 -3.04833e-17)
(0.0409206 0.0194865 -3.57437e-17)
(0.0256097 -0.0157628 -2.80299e-17)
(0.000116383 -0.0784296 1.44552e-17)
(0.00306458 0.0264854 -2.86621e-17)
(-0.0738698 -0.0623849 4.10209e-17)
(-0.0426614 -0.00320034 2.91527e-17)
(0.0675694 0.0315492 5.7536e-18)
(0.0647389 0.0744393 0)
(0.0163479 -0.0523498 0)
(-0.0109495 0.0457203 2.52174e-17)
(-0.190886 0.0502071 0)
(0.0766997 0.207889 -7.25805e-18)
(-0.0252153 -0.0250817 1.13015e-17)
(0.0141959 0.00396998 3.13623e-17)
(0.0205153 0.0527423 1.33183e-17)
(-0.0474152 -0.099423 -2.3674e-17)
(-0.00114492 -0.000155257 -2.66955e-17)
(0.0605468 -0.038071 -5.45654e-17)
(0.135669 0.209846 -2.30031e-17)
(0.0580569 0.162387 2.4033e-17)
(0.0154755 -0.0380923 1.23302e-17)
(0.0774338 0.290392 4.61414e-17)
(0.0582492 -0.0112401 -2.67443e-17)
(0.00166316 -0.00776887 -1.38278e-17)
(0.0844713 0.125242 -1.30936e-17)
(0.00308391 0.0486865 3.43044e-17)
(-0.149933 0.0965559 2.69775e-17)
(0.0776032 0.0901021 -1.26118e-17)
(0.0128687 -0.012514 3.80579e-18)
(0.0405313 0.0236281 0)
(0.0718428 0.220631 3.36972e-18)
(0.0223057 0.0394634 1.51865e-17)
(0.00776947 0.149767 0)
(-0.0324791 0.056525 -1.43012e-17)
(-0.0926688 -0.0331408 1.35237e-17)
(0.145386 0.155241 -2.71192e-17)
(0.00726808 -0.0155957 -3.09193e-17)
(-0.160556 0.0615956 4.13162e-19)
(0.0404775 -0.00298085 2.08196e-17)
(-0.0262979 0.0932181 -1.25589e-17)
(0.00561411 -0.0440957 1.58036e-17)
(0.138865 0.109789 3.36592e-17)
(0.0702154 0.0242959 -7.31851e-18)
(0.00863147 0.00579662 0)
(-0.0464423 0.0505618 -4.72084e-17)
(-0.182034 -0.0397167 -5.59699e-17)
(-0.0513026 0.01556 -1.9504e-17)
(-0.0184765 -0.0883521 -1.28266e-17)
(0.0822921 -0.00800946 4.48419e-17)
(0.0235648 0.237943 -1.5217e-17)
(0.0694489 -0.0329339 -1.69439e-17)
(0.0664735 -0.00598778 -4.15096e-17)
(-0.0529904 -0.0152015 0)
(0.0654757 0.20487 7.26922e-18)
(0.00604179 -0.294619 -2.48009e-17)
(0.0545197 0.20222 -1.5201e-17)
(0.0137144 0.00860276 2.94689e-17)
(0.109472 0.0426183 1.05882e-17)
(0.0131595 0.0141147 1.43051e-17)
(-0.00894609 -0.0786167 0)
(0.00598979 -0.0835882 1.19835e-17)
(-0.0413352 -0.215279 0)
(0.0180479 0.00352484 0)
(-0.00518423 -0.0050741 -1.25083e-17)
(0.00361481 -0.0905213 1.50762e-22)
(-0.0257891 -0.225066 -1.746e-17)
(0.0177829 -0.0416594 7.67517e-18)
(0.0393822 -0.0384836 0)
(0.146069 0.155972 2.57912e-17)
(-0.0113756 -0.135161 2.45931e-17)
(0.0194915 0.0239371 1.45853e-17)
(-0.0595416 -0.259619 3.80989e-17)
(0.0227172 -0.0266297 1.58346e-17)
(-0.00772723 -0.020317 -6.00918e-18)
(-0.23956 0.19452 -1.53373e-17)
(0.0830655 0.0158952 -3.73061e-17)
(-0.0346829 0.0412761 3.32207e-17)
(-0.0980082 -0.062017 -1.59962e-17)
(0.0457215 -0.0350439 2.24039e-18)
(-0.0221478 -0.0533152 8.37174e-18)
(0.0151602 0.023988 0)
(0.0613371 0.0414391 3.1405e-17)
(0.0302776 -0.0227037 0)
(0.0881872 0.0738395 1.41833e-17)
(-0.0388902 0.00620015 -4.64879e-17)
(0.076351 -0.0123298 1.63601e-17)
(-0.0395618 -0.000475794 2.12298e-18)
(-0.0164287 -0.0235341 0)
(-0.0288321 0.0211561 2.86668e-17)
(0.00336305 -0.0131777 0)
(0.0431785 0.0116699 0)
(-0.0178145 0.0110561 0)
(0.0346958 -0.00964638 2.74214e-17)
(-0.0135556 0.00425779 -3.5685e-17)
(0.0321871 0.179332 8.35402e-18)
(0.0356729 -0.0214476 -3.76115e-17)
(0.029742 -0.0350457 1.6219e-17)
(-0.0314556 -0.242226 -3.08641e-17)
(0.00157979 0.0310533 -3.10493e-17)
(0.0395355 0.0630689 -1.80298e-17)
(-0.00740296 -0.00571895 -3.13617e-17)
(-0.0960853 -0.0925984 0)
(-0.000593008 -0.0761571 -3.5601e-17)
(-0.159615 -0.10631 1.44307e-21)
(0.137484 0.102212 -4.52651e-22)
(-0.0171569 -0.0794763 0)
(-0.0991676 -0.0686672 -9.57491e-18)
(-0.0156328 -0.0817811 -4.65747e-17)
(0.0449419 0.0575893 0)
(0.12188 0.062656 2.17614e-17)
)
;

boundaryField
{
    back
    {
        type            empty;
    }
    front
    {
        type            empty;
    }
    top
    {
        type            codedFixedValue;
        value           nonuniform List<vector> 
15
(
(0 -0.0755604 0)
(0 -0.0714576 0)
(0 -0.0550463 0)
(0 -0.0427378 0)
(0 -0.0550463 0)
(0 -0.0276941 0)
(0 -0.0276941 0)
(0 -0.0714576 0)
(0 -0.0755604 0)
(0 -0.0646195 0)
(0 -0.00991516 0)
(0 -0.00991516 0)
(0 -0.0646195 0)
(0 -0.076928 0)
(0 -0.0427378 0)
)
;
        name            ParabolicTimeDependentU_max;
        code            #{
		const vectorField& Cf = patch().Cf();
		vectorField& field = *this;

		const scalar r = 18.0*1e-3;
		const scalar Umax = 0.4;
		const scalar Umin = 0.02;

		scalar 	Uvar = 0.08;
		scalar 	t = this->db().time().value();
		scalar	tau = fmod(t,1);
		
		if (tau > 0 && tau <= 0.35)
		{
			Uvar = 0.08+Umax*(1-(pow(tau-0.175,2)/(0.175*0.175)));
		}
		if (tau > 0.35 && tau <= 0.6)
		{
			Uvar = 0.08+Umin*(-1+(pow(tau-0.475,2)/(0.125*0.125)));
		}
		if (tau > 0.6 && tau <= 1)
		{
			Uvar = 0.08;
		}
		
		forAll(Cf, faceI)
		{
			const scalar x = Cf[faceI][0];
			const scalar y = Cf[faceI][1];
			field[faceI] = vector(0, Uvar*(-1+(pow(x+(0.02+r),2))/(r*r)), 0);
		}
	#};
    }
    outer_arc
    {
        type            noSlip;
    }
    bottom
    {
        type            zeroGradient;
    }
    inner_arc
    {
        type            noSlip;
    }
}


// ************************************************************************* //
