/*--------------------------------*- C++ -*----------------------------------*\
  =========                 |
  \\      /  F ield         | OpenFOAM: The Open Source CFD Toolbox
   \\    /   O peration     | Website:  https://openfoam.org
    \\  /    A nd           | Version:  9
     \\/     M anipulation  |
\*---------------------------------------------------------------------------*/
FoamFile
{
    format      ascii;
    class       surfaceScalarField;
    location    "2.12";
    object      phi;
}
// * * * * * * * * * * * * * * * * * * * * * * * * * * * * * * * * * * * * * //

dimensions      [0 3 -1 0 0 0 0];

internalField   nonuniform List<scalar> 
1363
(
-2.70105e-06
1.8948e-06
8.06244e-07
-1.59825e-06
1.75952e-06
-1.61268e-07
1.75078e-06
-1.16415e-06
-5.86622e-07
-8.7733e-07
2.53627e-06
-1.65894e-06
1.509e-06
2.41781e-07
1.67156e-06
-8.81545e-08
-1.58341e-06
-1.28113e-06
1.28113e-06
1.39799e-06
2.73571e-07
-1.64204e-06
1.64873e-06
-6.68979e-09
4.90807e-08
-1.69112e-06
-1.42686e-06
1.44141e-06
-1.45515e-08
1.38403e-06
-1.73324e-06
3.49213e-07
1.84056e-06
-2.71789e-06
-1.26243e-06
1.36061e-06
-9.81818e-08
3.44963e-07
1.03907e-06
-1.5071e-06
-9.11498e-08
1.33159e-07
1.74885e-06
-1.882e-06
-1.27972e-06
-1.42133e-06
-1.97524e-06
-2.36528e-07
2.21177e-06
1.09852e-06
-1.09852e-06
1.46562e-06
-1.33246e-06
-5.48152e-07
-1.18509e-06
-1.19379e-06
8.69202e-10
1.19292e-06
-8.6055e-08
-1.92433e-06
2.01038e-06
-4.04559e-07
-1.0223e-06
-2.11692e-06
2.03086e-06
1.46146e-06
-1.32605e-06
-1.3541e-07
-1.42231e-06
2.28519e-07
1.90313e-06
-2.23007e-06
3.26937e-07
5.93678e-08
-2.05322e-06
1.99385e-06
2.2461e-06
-5.49838e-08
-2.19112e-06
1.7192e-08
1.44427e-06
-8.35942e-08
1.98673e-06
2.14676e-06
-4.70082e-07
-1.67668e-06
1.29528e-06
-1.11313e-06
-1.82152e-07
2.81095e-07
1.10958e-06
-1.39068e-06
-2.70303e-06
1.4929e-06
1.21014e-06
1.65141e-06
-6.57683e-07
-9.93724e-07
-1.18515e-06
-1.51788e-06
4.58799e-08
-1.97021e-06
-1.73903e-06
2.29176e-06
-5.5273e-07
2.37523e-06
-1.6498e-06
-7.25433e-07
1.47234e-06
-1.42646e-06
-2.89426e-07
-9.91709e-07
8.0343e-07
4.77704e-07
-1.57932e-06
-1.52699e-07
1.73202e-06
1.89586e-06
1.95315e-08
-1.91539e-06
8.37879e-08
2.06298e-06
2.8368e-07
-2.02271e-06
-1.86939e-07
-1.07549e-06
-1.99911e-06
2.38715e-08
7.60748e-07
-7.59879e-07
1.20257e-06
-9.21479e-07
-2.46086e-06
1.00838e-06
1.45249e-06
2.22832e-06
-2.17924e-06
2.28199e-07
1.62178e-06
-1.84998e-06
1.0598e-06
-1.0598e-06
-2.28987e-08
2.25121e-06
8.58051e-07
2.01748e-07
-1.19708e-07
1.75655e-06
-1.63684e-06
-1.17379e-06
1.23316e-06
1.45971e-06
-1.25287e-06
-2.06832e-07
1.26601e-06
-1.73609e-06
-2.56235e-07
2.15104e-06
1.20095e-06
4.50452e-07
1.4435e-06
-1.03629e-06
-4.07208e-07
1.33655e-07
-2.0272e-06
1.98839e-06
3.88149e-08
-1.68056e-06
1.90876e-06
1.55945e-06
-1.09482e-06
-4.64637e-07
1.11913e-06
6.4039e-07
-1.27662e-06
1.13972e-06
1.36902e-07
9.92378e-07
-9.92378e-07
-2.82392e-07
-1.77083e-06
-1.94619e-06
-5.14668e-07
1.61004e-07
9.3752e-07
-7.13333e-07
-3.85191e-07
4.24095e-08
2.18695e-06
5.91534e-08
-1.3304e-06
-1.76707e-07
-1.62294e-10
8.10479e-07
-8.10316e-07
-2.1719e-06
-1.42404e-06
7.91583e-08
1.34489e-06
1.13104e-07
-1.29408e-06
2.57784e-07
-1.77473e-06
1.74238e-06
3.23454e-08
1.66069e-06
-1.7804e-06
1.09995e-06
1.91853e-07
-1.29181e-06
4.99963e-07
8.60646e-07
-5.0388e-07
-9.20164e-07
1.10029e-06
1.27494e-06
9.09556e-07
-6.43504e-08
-8.45206e-07
-2.29484e-06
2.27194e-06
-4.50796e-07
2.07258e-06
-1.84405e-07
-1.66558e-06
-1.48471e-06
1.25344e-06
2.31274e-07
5.19689e-07
-2.16948e-06
-2.02335e-07
1.30229e-06
-1.06985e-06
1.06969e-06
2.7162e-08
1.18209e-06
4.46785e-08
-1.22677e-06
2.14088e-07
-2.50893e-06
-1.03251e-07
1.27003e-06
-2.16067e-06
1.97626e-06
2.25046e-07
1.00811e-06
2.47974e-07
-1.82729e-06
-4.89863e-08
-1.787e-06
1.83599e-06
-5.41987e-08
-1.973e-06
4.436e-08
1.94403e-06
9.16276e-08
-1.77219e-06
1.35068e-07
1.77369e-06
1.6995e-06
-5.77169e-07
-6.99449e-07
4.58898e-07
9.82513e-07
9.09556e-07
8.23584e-08
-1.71866e-06
1.6363e-06
2.05601e-06
4.80267e-07
-5.0767e-07
5.34832e-07
5.87438e-07
-2.1654e-06
1.57796e-06
-5.34832e-07
7.59879e-07
1.511e-06
8.40577e-08
-1.59506e-06
1.47234e-06
9.01228e-07
-8.79273e-07
1.9204e-06
2.66554e-07
7.60748e-07
-1.51005e-06
1.42646e-06
1.51005e-06
-1.10596e-06
-4.04098e-07
1.20257e-06
1.29167e-06
-1.5282e-06
-1.29167e-06
1.30764e-06
-1.59678e-08
1.5282e-06
-1.50867e-06
1.51851e-06
-1.43472e-06
-1.51851e-06
1.46431e-06
-1.30764e-06
1.15494e-06
-1.28663e-06
1.37826e-06
1.50867e-06
-1.46431e-06
1.51333e-06
-1.37826e-06
-1.51333e-06
1.79701e-06
1.43472e-06
-1.79701e-06
3.62287e-07
-1.15494e-06
1.10596e-06
1.78186e-06
-6.40938e-08
1.98449e-06
1.38576e-06
1.22303e-08
1.65207e-08
2.28702e-07
-1.32352e-06
2.73242e-07
8.66475e-07
-2.06761e-08
-1.64378e-06
1.66446e-06
-5.21718e-07
-1.25301e-06
2.71016e-07
1.11475e-06
5.48091e-07
-1.57746e-06
1.02937e-06
1.01178e-06
-1.07613e-06
-1.14008e-06
1.24113e-06
-1.01049e-07
-1.21707e-06
1.03937e-07
4.77815e-07
-1.66297e-06
-1.05751e-06
-2.36562e-07
-7.82241e-08
4.0954e-07
-3.31315e-07
3.78961e-08
-1.32371e-06
-1.1235e-06
6.59896e-08
1.87576e-06
-1.39794e-06
-2.67853e-06
1.01959e-06
1.22228e-06
7.93191e-08
-1.3016e-06
1.73868e-06
-1.19059e-06
-5.74083e-08
-9.90091e-07
1.0475e-06
3.59532e-07
8.22563e-07
1.71975e-06
-4.49722e-07
-5.4985e-08
2.86323e-08
8.99752e-08
-2.49024e-07
-2.61188e-07
-4.14195e-07
2.86301e-07
1.45608e-06
-1.92973e-06
1.37251e-06
5.57216e-07
-8.32443e-08
1.33668e-06
-8.22328e-07
-1.1074e-06
1.14911e-06
-1.5999e-06
-2.12943e-06
1.52117e-06
6.08261e-07
-1.21892e-06
7.88381e-08
-1.07574e-06
-1.15433e-06
1.47222e-06
-7.56918e-07
-1.56211e-06
-2.15538e-06
-1.75174e-06
-9.24365e-08
1.84418e-06
-1.635e-06
2.11282e-07
1.42372e-06
9.70232e-07
-1.49195e-06
2.12403e-06
-6.02862e-07
1.39985e-06
-1.07591e-06
-3.23934e-07
1.63497e-06
4.89062e-07
-1.73762e-06
1.32342e-06
1.54918e-07
-2.34604e-06
-1.41298e-07
-1.49371e-06
2.80589e-06
-9.65335e-07
1.74841e-06
-1.57271e-06
-1.75701e-07
1.3144e-06
9.77369e-07
-1.53653e-06
1.53653e-06
-5.0767e-07
1.10631e-06
1.69958e-06
-1.79299e-06
1.65169e-06
1.69386e-06
1.81049e-06
1.82355e-06
-1.92676e-06
-1.29849e-06
1.50977e-06
-6.41865e-08
2.547e-07
-1.27553e-06
2.38184e-06
-1.07156e-06
2.22734e-06
-1.15578e-06
-1.39112e-06
1.18429e-06
-1.85708e-06
-1.02611e-06
2.50809e-06
-1.48198e-06
-5.15221e-07
1.48545e-06
1.31603e-06
-9.8151e-07
-3.3452e-07
-1.84906e-06
2.76353e-07
-1.65882e-06
-1.90239e-07
-1.77013e-06
2.40319e-06
-6.3306e-07
1.68225e-06
-2.70836e-06
-4.17134e-07
2.05211e-06
2.42798e-06
-1.31339e-06
-1.11459e-06
5.46441e-07
-5.46441e-07
1.20675e-06
-1.20675e-06
-2.72259e-07
-1.11886e-06
-1.88032e-06
2.28531e-06
-4.04992e-07
2.00895e-06
2.2652e-07
-2.23547e-06
1.7298e-07
-2.32836e-06
-1.52919e-06
2.30701e-07
1.0559e-06
-1.0559e-06
-6.10331e-07
6.10331e-07
7.37957e-07
1.12651e-06
-2.40205e-06
1.04571e-06
2.70322e-07
5.22872e-07
2.16387e-06
-1.94584e-06
2.8702e-07
-1.71932e-06
7.41212e-07
9.78537e-07
-3.07952e-07
-1.87835e-06
2.18631e-06
1.59725e-06
-1.04003e-06
-1.20098e-06
1.80925e-06
-2.03278e-06
-1.97736e-06
-1.65278e-07
2.14264e-06
9.46004e-07
1.97363e-06
1.12759e-06
1.96197e-06
-1.38414e-07
3.0632e-07
-1.38223e-06
-1.34461e-06
1.83367e-06
1.06845e-06
-2.29549e-06
3.00939e-07
1.75117e-06
-1.33391e-06
-3.54106e-07
1.68801e-06
3.96261e-07
-2.48849e-06
1.85543e-06
3.5103e-07
-1.68494e-06
-1.30101e-06
-1.38395e-06
1.68489e-06
-2.06767e-06
1.9024e-06
1.48194e-07
1.81952e-06
-1.96772e-06
-2.17306e-06
2.02198e-06
1.20664e-07
2.30481e-06
-2.8283e-07
-1.4069e-06
1.32915e-06
7.77513e-08
1.40924e-06
-2.51074e-07
1.43536e-06
-1.27449e-06
-9.3863e-07
1.28966e-06
-1.40367e-06
-2.22582e-07
1.62625e-06
-1.62176e-06
1.29783e-06
-1.60732e-07
9.21479e-07
1.44555e-06
-3.35972e-07
1.1587e-06
-1.31943e-06
-1.57902e-06
1.7535e-07
2.23038e-06
-1.31052e-06
-9.19865e-07
-1.6415e-06
1.6794e-06
2.56973e-08
1.5882e-06
-1.6139e-06
-1.83097e-06
1.85667e-06
1.50491e-06
1.79979e-07
1.6531e-06
1.02952e-06
1.20086e-06
2.02114e-06
-6.11902e-07
-1.42272e-06
4.84089e-07
-5.10961e-07
2.00952e-06
-1.49856e-06
-1.34908e-06
1.1265e-06
-1.80629e-06
1.39201e-06
4.14278e-07
1.86095e-06
-1.52426e-06
-3.36688e-07
2.19444e-07
4.89717e-07
-2.01398e-06
-1.58664e-08
1.69527e-06
1.742e-06
-1.67169e-07
-1.57483e-06
9.18065e-09
-2.11423e-06
5.76003e-07
1.53823e-06
-1.84331e-06
8.71989e-07
9.71323e-07
1.90499e-07
1.55151e-06
1.96976e-06
2.16548e-07
-2.00081e-06
1.09759e-06
9.03223e-07
8.79454e-07
-8.79454e-07
9.3752e-07
-8.45206e-07
-9.91709e-07
-9.351e-07
9.351e-07
-8.01012e-07
8.01012e-07
9.01228e-07
1.47871e-06
-2.11434e-06
6.3563e-07
-7.64987e-07
7.64987e-07
-8.99433e-07
8.99433e-07
8.58051e-07
7.83918e-07
-7.83918e-07
-8.8943e-07
8.8943e-07
-7.13333e-07
7.05203e-07
-7.05203e-07
8.0343e-07
-8.79273e-07
1.26242e-06
7.58723e-07
3.44419e-07
1.26742e-06
-1.61184e-06
9.63139e-07
-9.63139e-07
1.61804e-06
-2.129e-06
-2.09406e-06
1.36862e-06
9.42174e-07
-9.42174e-07
-1.99593e-06
6.85414e-07
1.78808e-06
-2.51737e-06
7.29291e-07
-4.00274e-07
-1.4043e-06
1.80457e-06
-1.18588e-06
-9.28345e-07
-1.76136e-06
1.36109e-06
-1.46079e-06
-5.35138e-07
-1.01242e-06
-8.30894e-07
1.36679e-06
-2.21804e-06
8.51245e-07
-4.39497e-07
1.28663e-06
1.95575e-06
-1.76525e-06
2.49726e-07
-1.60342e-06
1.35369e-06
-9.00525e-07
1.90029e-06
-1.56771e-06
-3.32574e-07
-1.68378e-06
1.66792e-06
2.07743e-06
-1.69749e-06
1.59008e-06
1.07408e-07
-6.15341e-07
-1.14481e-08
1.80401e-06
-1.58456e-06
1.86811e-06
-1.3784e-06
-4.96303e-07
1.81789e-06
-1.26377e-06
-5.54117e-07
-3.88032e-07
-1.83001e-06
-1.28028e-06
-4.81079e-07
-1.74604e-06
1.57887e-06
-3.40919e-07
3.02431e-07
-1.84004e-06
1.53761e-06
1.7329e-06
-1.48317e-06
1.81799e-06
-1.24199e-06
9.42453e-07
6.96997e-07
-1.63945e-06
-4.66406e-07
1.69732e-06
-1.23092e-06
-2.12566e-07
1.95302e-06
-1.08103e-06
-9.73526e-07
-6.10865e-07
1.58439e-06
7.77918e-07
-1.67334e-06
8.95422e-07
2.00039e-06
-9.02796e-07
-1.28012e-06
-3.23299e-07
1.84985e-06
2.07831e-06
-7.09688e-07
-1.85394e-06
1.52136e-06
1.20223e-07
-2.95666e-08
1.86641e-06
-2.07897e-06
2.8355e-07
4.39492e-07
7.67138e-07
1.05664e-06
-1.52304e-06
-1.5596e-07
5.54217e-07
1.63466e-06
3.76954e-07
-1.62176e-06
1.24481e-06
-4.80428e-07
1.72271e-06
-1.24228e-06
1.74587e-06
-9.67957e-07
1.38753e-06
-2.00287e-06
7.23799e-07
-7.30887e-07
9.87968e-07
-1.95892e-06
1.42379e-06
2.31975e-07
-2.61169e-07
1.17779e-06
1.14811e-06
-1.75898e-06
-1.10628e-06
1.80327e-06
-1.88244e-06
6.40458e-07
-1.93962e-06
8.58587e-07
2.04454e-06
-1.78138e-07
1.70363e-06
-1.24014e-06
-6.46903e-07
1.88704e-06
-2.14277e-06
1.2229e-06
-1.94982e-06
-1.07581e-06
-5.63642e-07
-1.95855e-06
1.05575e-06
1.15423e-06
4.60314e-07
-1.86461e-06
-9.51651e-07
-1.11531e-06
-4.37562e-07
1.58497e-06
1.2464e-06
5.42171e-07
-1.78857e-06
1.66939e-06
-1.29244e-06
1.64341e-06
-9.19608e-07
1.80062e-06
1.07959e-06
5.04797e-07
-3.2551e-07
1.7396e-06
-1.41409e-06
-1.48087e-06
1.76442e-06
5.6229e-07
-7.80761e-07
1.19772e-06
-1.65797e-06
1.62841e-06
-4.40444e-07
1.68525e-06
1.67853e-06
-3.73263e-07
1.91087e-06
-1.46367e-06
-4.54845e-07
1.91852e-06
1.54256e-06
-2.03886e-06
1.51813e-06
-1.7793e-06
-1.28475e-06
1.67817e-06
-3.93415e-07
1.25946e-06
-1.83694e-06
-7.18983e-07
1.47331e-06
1.45989e-06
-1.62116e-06
-3.35238e-07
-1.36017e-06
1.79966e-06
-1.57984e-06
1.70007e-06
-2.00143e-06
-3.1881e-07
-2.30278e-06
8.0801e-07
1.49478e-06
3.45973e-07
3.18796e-07
-1.09451e-06
2.02748e-06
-9.32965e-07
1.84575e-07
-4.20947e-08
-1.5386e-06
1.5807e-06
-1.81765e-06
7.0234e-07
2.2462e-06
-1.0233e-06
-1.0783e-06
1.89107e-06
-8.35318e-07
2.08713e-07
-1.69189e-06
-9.5906e-07
-1.27326e-06
2.09042e-06
9.72938e-07
-1.72654e-06
1.57058e-06
-2.11781e-06
9.39417e-07
1.32336e-06
-2.04234e-06
-9.81368e-08
1.19119e-06
8.36285e-07
-9.08251e-07
1.95269e-06
-1.04444e-06
5.69037e-07
1.34948e-06
-1.84122e-06
-4.17517e-07
-7.94446e-07
3.0815e-07
1.51864e-06
-1.85388e-06
5.81471e-07
1.0967e-06
2.16413e-06
-1.45569e-06
-5.72658e-07
2.02834e-06
1.64654e-07
-1.44478e-06
-2.05933e-06
1.70522e-06
1.52723e-06
-1.62537e-06
-1.14336e-07
1.57423e-06
2.10732e-06
-2.72985e-06
6.22539e-07
-2.21073e-07
-1.40009e-06
2.13714e-06
1.45676e-06
7.07375e-07
-1.12245e-06
-4.89387e-07
2.26477e-06
1.00459e-06
9.481e-07
-1.82324e-06
7.00787e-07
-1.94507e-06
-1.65294e-06
2.39714e-06
-2.89821e-07
-1.17808e-06
-1.46837e-06
-1.2377e-06
-1.68944e-06
1.37064e-06
3.14612e-07
-1.93095e-06
1.13651e-06
-4.48499e-07
-1.61083e-06
-4.46705e-08
-7.0471e-07
-1.33474e-06
1.69211e-06
-3.54117e-07
2.05934e-06
2.1758e-07
-2.39064e-06
-6.03179e-07
-1.22006e-06
-9.94694e-07
3.77702e-07
1.77334e-06
1.84088e-06
-1.23508e-06
3.92014e-08
4.62714e-07
1.93442e-06
-2.01789e-06
2.31465e-06
2.29933e-06
-1.97474e-06
-3.24583e-07
2.81439e-07
1.86615e-06
-2.9812e-07
1.66237e-06
-1.36425e-06
2.32886e-06
1.42728e-06
-2.99689e-07
-2.01744e-06
1.87371e-06
-7.77016e-07
1.1762e-06
1.169e-06
1.35349e-06
-1.77262e-06
1.736e-06
3.23337e-07
-1.05461e-06
-3.27627e-07
-3.03949e-07
-2.08669e-06
2.41127e-06
-4.76849e-07
-2.30538e-06
-1.35829e-06
3.0368e-07
9.87469e-07
1.23987e-06
2.39444e-06
-1.44843e-06
1.57418e-06
-3.12578e-07
-1.67683e-06
1.19998e-06
-8.96299e-07
-2.05285e-07
-1.82301e-06
1.89037e-06
-6.73612e-08
-1.51091e-06
-5.87391e-08
1.15377e-06
1.2513e-06
-2.37548e-06
-1.63752e-06
1.91166e-09
-1.55986e-06
2.11398e-06
-1.64098e-06
1.47159e-06
1.14492e-06
-3.50183e-07
-1.33031e-06
-4.50109e-07
-1.41153e-06
9.65604e-07
1.0166e-06
-5.14545e-07
-1.49367e-06
-1.20657e-06
9.42592e-07
2.63975e-07
-1.33445e-06
-4.41517e-07
2.27076e-06
-1.20231e-06
6.84704e-07
6.63195e-07
-5.98312e-07
-1.32045e-06
-1.33839e-06
-7.65184e-07
7.34379e-07
6.13519e-07
1.83859e-06
-2.31544e-06
9.11668e-07
-4.66788e-07
-1.91004e-06
2.17636e-06
-7.10744e-07
-1.39319e-06
-1.78042e-06
-1.92607e-06
-9.32616e-07
-2.73952e-07
1.26218e-06
-9.82828e-07
-1.18257e-06
-1.5768e-06
2.23313e-06
1.65031e-06
-2.09199e-06
-1.64701e-06
-1.7799e-06
-7.77673e-07
-1.4936e-06
3.45621e-07
-5.77537e-07
1.58591e-06
2.05582e-07
-8.63265e-07
-1.32037e-06
-6.7712e-07
-3.82679e-07
-7.15315e-07
-9.31693e-07
-1.2809e-06
-1.82814e-06
-2.39535e-07
-9.21756e-07
-2.09521e-07
1.32865e-06
2.29742e-06
-2.04527e-06
9.37867e-07
-1.47983e-06
-1.7272e-06
1.80613e-06
-7.89313e-08
-7.63007e-07
-1.69042e-06
-1.10051e-06
-1.11415e-07
-1.07367e-06
-1.04403e-06
-7.63007e-07
-1.1336e-06
1.87375e-06
3.02609e-07
1.78252e-07
-1.02546e-06
1.7717e-06
-1.35403e-07
1.36471e-06
-1.32004e-06
-1.24736e-07
1.29995e-06
3.56156e-07
-2.21474e-06
1.12714e-06
1.0876e-06
-9.56742e-07
-1.20694e-06
-1.19814e-06
-2.5038e-06
-9.27257e-07
-6.59265e-07
1.92528e-06
1.67477e-06
1.53385e-06
4.75665e-07
1.28377e-06
-7.70154e-08
1.99592e-08
-1.18956e-06
5.65652e-07
-1.92114e-08
1.18956e-06
-5.65652e-07
1.30661e-06
1.28377e-06
1.09544e-06
-1.74966e-06
9.18769e-07
1.10387e-06
-8.33545e-07
1.93943e-06
-7.71981e-07
6.99459e-09
8.70163e-07
9.29753e-08
-8.55942e-07
8.54275e-07
-7.45101e-07
-1.00105e-07
-7.71981e-07
9.7769e-07
-4.25897e-08
-8.66249e-07
6.5237e-08
7.07579e-07
-8.82268e-07
-1.71641e-08
8.55942e-07
-7.20238e-08
-8.54275e-07
7.0357e-08
7.45101e-07
-3.98971e-08
-7.07579e-07
2.37519e-09
8.82268e-07
-9.7769e-07
8.70163e-07
-8.66249e-07
5.02565e-10
-1.407e-06
-1.83045e-06
-7.01779e-07
1.00993e-06
-1.26497e-06
1.62112e-06
6.56584e-07
8.54019e-07
2.07568e-07
1.3777e-06
-1.449e-06
2.32993e-07
-8.68565e-07
8.54019e-07
7.44966e-07
-1.94582e-06
-1.4112e-06
1.39524e-06
1.42525e-06
8.10111e-07
-9.09908e-09
-8.10111e-07
-1.22396e-06
1.25164e-06
-2.76747e-08
-1.91117e-06
8.00565e-07
6.92542e-07
-1.27916e-06
2.14673e-06
1.55986e-06
-1.66727e-06
-1.44305e-06
1.04964e-06
-1.49502e-07
-8.17986e-07
1.01349e-06
2.70907e-07
-1.34075e-06
1.93258e-06
-1.63403e-06
-1.31611e-06
1.31611e-06
-1.80071e-06
-1.07817e-06
-1.48869e-06
1.01349e-06
1.2974e-06
-1.97353e-06
1.51311e-06
-1.22451e-07
-8.67641e-07
7.21651e-07
-1.22645e-06
1.53873e-06
-9.84611e-07
6.21489e-07
-6.21489e-07
1.58393e-06
-1.25763e-06
-3.02088e-07
3.02088e-07
9.58989e-07
-9.58989e-07
-1.35888e-06
2.0007e-07
-2.6546e-07
1.71387e-06
-3.85384e-07
-1.32849e-06
1.14547e-06
-1.14547e-06
8.10479e-07
3.96584e-07
6.50916e-07
4.0954e-07
-1.33002e-06
1.15309e-06
1.83593e-07
1.22345e-06
-8.61536e-07
-1.20075e-06
6.42939e-07
-3.26077e-08
-8.47263e-07
-3.7951e-07
1.06438e-06
-4.23992e-07
2.36097e-07
8.28285e-07
-1.40133e-06
8.14838e-09
-6.728e-07
-9.1061e-07
-8.80672e-07
1.78893e-07
-6.7712e-07
2.79996e-07
1.06489e-06
1.14245e-07
-7.84362e-07
-6.15479e-07
6.15479e-07
-2.73808e-08
1.15388e-06
-9.6867e-07
-8.10316e-07
4.77236e-07
-4.77236e-07
-1.15955e-06
1.56437e-06
-3.67996e-07
-1.41242e-06
-8.46439e-07
-6.77471e-07
1.79447e-06
-1.117e-06
2.13542e-06
-3.52673e-07
-1.78275e-06
-3.31315e-07
4.40868e-07
1.2175e-06
-1.58549e-06
1.99647e-06
-2.70471e-07
2.70471e-07
-6.39499e-07
1.95397e-06
-8.04861e-07
2.00337e-06
-1.52771e-06
7.31504e-07
-1.21975e-06
2.31687e-07
1.49593e-06
9.39851e-07
-1.61732e-06
1.65181e-06
1.27748e-06
4.59394e-08
1.20068e-07
-1.04732e-06
1.63182e-06
-4.30149e-07
-1.74418e-06
4.23805e-07
-6.42939e-07
1.17998e-06
-1.31695e-07
1.506e-06
2.4737e-07
9.32614e-07
-1.8457e-08
1.52446e-06
8.61604e-07
1.81928e-06
3.76361e-07
1.6513e-06
-2.34854e-07
-1.01684e-07
-1.56128e-06
1.57974e-06
1.0423e-06
-2.72221e-07
1.44094e-06
2.10753e-07
-2.3126e-07
1.09667e-06
-1.05747e-06
1.10897e-06
-8.91162e-08
3.62394e-07
-1.44558e-07
1.06899e-06
7.89955e-07
-1.10614e-06
1.58641e-06
1.76383e-07
-1.15852e-06
-1.26513e-07
8.32184e-07
-6.53291e-07
7.92287e-07
-6.98553e-07
8.45207e-07
1.91309e-06
-1.05643e-06
-1.62672e-06
2.5737e-07
-1.25541e-06
3.78088e-07
1.70642e-07
-1.84257e-06
9.23515e-07
-9.92188e-07
-4.32057e-07
-1.04059e-06
1.46439e-06
6.08445e-08
-9.77164e-08
)
;

boundaryField
{
    back
    {
        type            empty;
        value           nonuniform List<scalar> 0();
    }
    front
    {
        type            empty;
        value           nonuniform List<scalar> 0();
    }
    top
    {
        type            calculated;
        value           nonuniform List<scalar> 10(-2.40507e-06 -2.61651e-06 -1.9822e-06 -1.3479e-06 -1.3479e-06 -1.9822e-06 -2.40507e-06 -5.02158e-07 -5.02158e-07 -2.61651e-06);
    }
    outer_arc
    {
        type            calculated;
        value           uniform 0;
    }
    bottom
    {
        type            calculated;
        value           nonuniform List<scalar> 10(1.56965e-06 1.55794e-06 1.68049e-06 1.86164e-06 2.00822e-06 1.77596e-06 1.91876e-06 2.10357e-06 1.22445e-06 2.00701e-06);
    }
    inner_arc
    {
        type            calculated;
        value           uniform 0;
    }
}


// ************************************************************************* //
