/*--------------------------------*- C++ -*----------------------------------*\
  =========                 |
  \\      /  F ield         | OpenFOAM: The Open Source CFD Toolbox
   \\    /   O peration     | Website:  https://openfoam.org
    \\  /    A nd           | Version:  9
     \\/     M anipulation  |
\*---------------------------------------------------------------------------*/
FoamFile
{
    format      ascii;
    class       volScalarField;
    location    "2.83";
    object      p;
}
// * * * * * * * * * * * * * * * * * * * * * * * * * * * * * * * * * * * * * //

dimensions      [0 2 -2 0 0 0 0];

internalField   nonuniform List<scalar> 
1655
(
10.8197
10.8098
10.809
10.8172
10.814
10.8126
10.807
10.8133
10.8064
10.8139
10.8174
10.8183
10.8137
10.8124
10.8065
10.8084
10.8089
10.8066
10.8075
10.8123
10.8081
10.8062
10.8141
10.8142
10.8198
10.8093
10.8083
10.8087
10.8099
10.8084
10.8028
10.8082
10.8116
10.8143
10.8068
10.8136
10.8128
10.8101
10.8117
10.8094
10.8081
10.8143
10.8121
10.8055
10.8104
10.8162
10.8154
10.8104
10.8137
10.8121
10.8123
10.8071
10.8068
10.8078
10.8075
10.8104
10.8081
10.8192
10.8163
10.8107
10.8045
10.8099
10.8181
10.8128
10.8045
10.8008
10.8103
10.8177
10.8061
10.8145
10.8183
10.8027
10.8084
10.8064
10.8125
10.8112
10.8105
10.8061
10.8081
10.8084
10.8047
10.811
10.8068
10.8052
10.8085
10.8092
10.8127
10.8082
10.8072
10.8092
10.809
10.8108
10.807
10.8137
10.8122
10.808
10.8099
10.817
10.8108
10.81
10.8115
10.8069
10.8138
10.8062
10.8059
10.8103
10.812
10.8083
10.81
10.8097
10.8108
10.8198
10.8098
10.8086
10.8127
10.809
10.8124
10.817
10.8069
10.8066
10.8102
10.8129
10.8096
10.8102
10.808
10.814
10.8121
10.8123
10.8087
10.8089
10.8133
10.8107
10.8128
10.814
10.8083
10.8091
10.8141
10.8067
10.8082
10.812
10.8105
10.8084
10.8088
10.8116
10.8081
10.8122
10.8107
10.8105
10.8103
10.803
10.8048
10.805
10.8113
10.8091
10.8088
10.8122
10.8047
10.8108
10.8123
10.8053
10.8107
10.8047
10.8078
10.8116
10.8119
10.817
10.8088
10.8134
10.8078
10.8056
10.8094
10.8087
10.8102
10.8104
10.8084
10.8111
10.8135
10.8055
10.8089
10.8124
10.81
10.8091
10.8117
10.8115
10.8104
10.8091
10.8106
10.8091
10.8082
10.8099
10.8105
10.8095
10.8098
10.8026
10.8093
10.8084
10.809
10.8093
10.8076
10.8104
10.8147
10.8145
10.8105
10.8081
10.8083
10.8081
10.8116
10.8099
10.8091
10.8132
10.8007
10.8003
10.8097
10.8135
10.8124
10.812
10.8138
10.8057
10.7943
10.811
10.8106
10.8082
10.8117
10.8117
10.8115
10.8096
10.8094
10.8088
10.7879
10.7851
10.811
10.7842
10.7852
10.8066
10.8113
10.8113
10.8096
10.8106
10.8092
10.7946
10.8097
10.8103
10.7969
10.8083
10.8117
10.8082
10.8013
10.8087
10.8091
10.8113
10.8058
10.8083
10.8083
10.8026
10.8114
10.7971
10.8097
10.812
10.8053
10.8119
10.8041
10.8087
10.8094
10.7959
10.8085
10.8129
10.812
10.8124
10.8113
10.8123
10.8052
10.8074
10.8105
10.8087
10.8065
10.8081
10.8015
10.8118
10.8079
10.8048
10.8091
10.813
10.8078
10.8087
10.8082
10.809
10.8104
10.8107
10.8118
10.8076
10.8092
10.8082
10.8122
10.8092
10.8111
10.8106
10.813
10.7906
10.8082
10.8093
10.8105
10.8137
10.8135
10.8103
10.8092
10.8086
10.8103
10.8089
10.8112
10.8092
10.8093
10.8076
10.8089
10.8035
10.8126
10.8114
10.8081
10.8087
10.8091
10.81
10.81
10.8123
10.8108
10.8106
10.8106
10.8177
10.8184
10.8128
10.8095
10.8078
10.8116
10.8111
10.8123
10.8087
10.8107
10.809
10.8083
10.8121
10.8097
10.8104
10.8103
10.8101
10.8071
10.7842
10.8097
10.8103
10.8123
10.8103
10.81
10.8085
10.8144
10.8082
10.7832
10.8108
10.8081
10.8091
10.8099
10.8097
10.8115
10.8087
10.8103
10.8118
10.808
10.8061
10.8118
10.81
10.8093
10.8146
10.8114
10.8106
10.8105
10.8111
10.811
10.8095
10.8144
10.8113
10.8081
10.8132
10.8108
10.8099
10.811
10.805
10.8134
10.8066
10.8101
10.8089
10.8093
10.8119
10.8085
10.809
10.8081
10.8078
10.8086
10.81
10.8101
10.8092
10.8089
10.8096
10.8087
10.8119
10.8095
10.8119
10.8049
10.8128
10.8071
10.8111
10.8104
10.8075
10.8102
10.8076
10.8141
10.8055
10.8074
10.8073
10.8111
10.8053
10.8109
10.7883
10.8079
10.809
10.8122
10.8057
10.8116
10.8088
10.809
10.8028
10.7905
10.8099
10.8088
10.8048
10.8098
10.8106
10.8088
10.814
10.8058
10.8051
10.8104
10.8084
10.814
10.8045
10.8086
10.808
10.8072
10.8087
10.8078
10.8051
10.8076
10.8078
10.807
10.8078
10.8057
10.7932
10.8059
10.8068
10.8046
10.8071
10.811
10.8082
10.8058
10.8105
10.8032
10.8077
10.8042
10.7964
10.8126
10.8135
10.8075
10.8084
10.8067
10.8035
10.8035
10.8105
10.8065
10.8072
10.793
10.8046
10.8059
10.8067
10.8026
10.8128
10.8088
10.8073
10.8059
10.808
10.8068
10.8066
10.8113
10.8122
10.8068
10.81
10.7923
10.809
10.8046
10.8004
10.8021
10.8056
10.7972
10.8132
10.8056
10.8001
10.8066
10.8074
10.8127
10.7993
10.8001
10.8039
10.8095
10.8033
10.7989
10.8105
10.8127
10.8031
10.805
10.808
10.8115
10.8007
10.7978
10.8004
10.7957
10.7975
10.7837
10.7864
10.8036
10.7964
10.7976
10.7983
10.808
10.8014
10.8029
10.7933
10.8103
10.8091
10.8108
10.8143
10.8114
10.8093
10.8138
10.8219
10.8065
10.8175
10.8072
10.8
10.8094
10.8156
10.8081
10.8128
10.8171
10.8113
10.8094
10.8054
10.821
10.805
10.8088
10.8068
10.8021
10.7966
10.8119
10.8101
10.8015
10.8089
10.7912
10.8025
10.8014
10.8018
10.8119
10.7941
10.793
10.8084
10.8081
10.7962
10.8062
10.8046
10.8111
10.8047
10.8005
10.796
10.8048
10.807
10.7915
10.8041
10.8086
10.8106
10.8113
10.7957
10.8017
10.8122
10.8091
10.7869
10.8031
10.7922
10.8114
10.7842
10.7848
10.7885
10.7981
10.791
10.8049
10.8107
10.7937
10.8059
10.7979
10.803
10.8062
10.8106
10.8036
10.8067
10.8116
10.8108
10.8083
10.8097
10.8062
10.8081
10.809
10.8059
10.8105
10.7999
10.7928
10.8085
10.8031
10.7933
10.7901
10.7898
10.7969
10.8066
10.7955
10.8028
10.7858
10.7849
10.7872
10.8044
10.804
10.8014
10.7918
10.8149
10.8078
10.7963
10.8124
10.8134
10.8088
10.7969
10.8134
10.814
10.8049
10.8123
10.8106
10.8127
10.8096
10.8143
10.8
10.8089
10.7989
10.8097
10.7965
10.8046
10.8072
10.8159
10.7997
10.8028
10.7878
10.7867
10.8069
10.8006
10.8022
10.8016
10.8025
10.804
10.8089
10.8103
10.8131
10.8139
10.7981
10.7936
10.8059
10.8065
10.8034
10.8066
10.8034
10.8046
10.8045
10.8069
10.8029
10.8015
10.8033
10.8007
10.8011
10.7928
10.8131
10.8078
10.8006
10.7999
10.8005
10.8034
10.8102
10.7999
10.8121
10.8018
10.8073
10.8023
10.8144
10.814
10.8013
10.8117
10.8103
10.8021
10.8077
10.8084
10.8046
10.7914
10.8008
10.8081
10.798
10.799
10.8005
10.7948
10.7904
10.8071
10.8038
10.803
10.8042
10.8098
10.7993
10.8
10.8097
10.8036
10.813
10.8036
10.8023
10.8027
10.7989
10.8035
10.8086
10.8094
10.8055
10.7999
10.8106
10.8035
10.8072
10.8067
10.8003
10.8062
10.795
10.8123
10.8145
10.8067
10.8002
10.8008
10.8033
10.8114
10.8057
10.8048
10.8045
10.8045
10.8079
10.8092
10.8067
10.8053
10.8044
10.8025
10.8047
10.81
10.8049
10.8042
10.8079
10.8052
10.8081
10.8027
10.8047
10.8022
10.8067
10.8074
10.8075
10.8036
10.8045
10.8086
10.7883
10.7967
10.8085
10.8013
10.8006
10.801
10.8042
10.8061
10.8076
10.8048
10.7975
10.799
10.809
10.8051
10.8014
10.7927
10.804
10.8086
10.8005
10.8081
10.8099
10.8109
10.7871
10.8069
10.8102
10.8029
10.8107
10.8119
10.8109
10.8037
10.8046
10.7894
10.8088
10.813
10.8092
10.8112
10.7892
10.8076
10.809
10.8114
10.8077
10.8093
10.8102
10.8082
10.8109
10.8097
10.8035
10.8095
10.8085
10.8128
10.799
10.8081
10.8079
10.8073
10.8089
10.8024
10.8069
10.8103
10.8062
10.8079
10.8019
10.8087
10.8063
10.8081
10.8095
10.8096
10.8083
10.8013
10.8095
10.8113
10.8103
10.8093
10.8096
10.8035
10.8062
10.8091
10.8012
10.8085
10.8075
10.8077
10.8086
10.8121
10.807
10.8088
10.8078
10.8113
10.8116
10.8073
10.8074
10.8094
10.8084
10.8014
10.8124
10.8006
10.8083
10.8071
10.807
10.8105
10.8134
10.8018
10.8085
10.806
10.8068
10.8081
10.7956
10.8088
10.8076
10.8136
10.8094
10.8094
10.8087
10.8024
10.8077
10.8009
10.8075
10.811
10.8132
10.8118
10.8095
10.8018
10.8136
10.8097
10.8114
10.7954
10.8094
10.8117
10.8055
10.8008
10.8091
10.8113
10.8137
10.8092
10.8028
10.8134
10.8061
10.8076
10.8098
10.8095
10.8091
10.8134
10.8131
10.8093
10.8097
10.8091
10.8063
10.8079
10.808
10.8136
10.8072
10.7989
10.8098
10.8083
10.8119
10.8081
10.8093
10.8135
10.8108
10.8106
10.8112
10.8131
10.8134
10.8093
10.8018
10.8025
10.8093
10.8078
10.8068
10.8093
10.8108
10.8086
10.8021
10.81
10.8115
10.8091
10.8104
10.8136
10.8133
10.8057
10.8081
10.8093
10.8077
10.8111
10.8077
10.8073
10.8079
10.8084
10.8113
10.8044
10.8099
10.8075
10.8085
10.8101
10.8089
10.8082
10.8093
10.8116
10.8089
10.8074
10.8103
10.8034
10.8138
10.8137
10.8121
10.8132
10.8029
10.808
10.8131
10.8101
10.8108
10.809
10.8106
10.8133
10.8093
10.8098
10.8095
10.8117
10.8106
10.8082
10.8139
10.8087
10.8091
10.8104
10.8087
10.8103
10.8088
10.8138
10.8139
10.8133
10.8096
10.814
10.8109
10.8134
10.8089
10.8115
10.8105
10.8104
10.8104
10.8137
10.8133
10.8117
10.8087
10.8136
10.811
10.8107
10.8104
10.8105
10.8124
10.8084
10.809
10.8128
10.8104
10.8109
10.8129
10.8103
10.8115
10.8102
10.8058
10.8089
10.8085
10.8102
10.8116
10.812
10.8083
10.809
10.8103
10.8138
10.8105
10.8089
10.8068
10.8132
10.8104
10.8112
10.8098
10.8125
10.8104
10.8108
10.8097
10.8113
10.8104
10.8105
10.8083
10.8067
10.8105
10.812
10.8092
10.807
10.8056
10.81
10.8078
10.8107
10.8088
10.8103
10.8103
10.8139
10.8124
10.8122
10.812
10.8105
10.8103
10.8124
10.812
10.8123
10.8117
10.8082
10.8086
10.8094
10.8078
10.8088
10.8128
10.8121
10.8096
10.8082
10.8118
10.8094
10.8056
10.8115
10.809
10.8082
10.8123
10.812
10.8099
10.812
10.8095
10.8126
10.8056
10.8105
10.8095
10.8131
10.8112
10.8098
10.8071
10.8117
10.8129
10.8081
10.8105
10.8106
10.8125
10.803
10.8125
10.8101
10.8132
10.8122
10.8102
10.8119
10.8088
10.8111
10.8053
10.8099
10.8046
10.8056
10.8111
10.8088
10.811
10.785
10.7902
10.8127
10.8124
10.8088
10.8095
10.8123
10.8103
10.8084
10.8104
10.8124
10.7894
10.8108
10.8108
10.7859
10.8084
10.8101
10.8123
10.8128
10.8108
10.8121
10.8054
10.7843
10.7828
10.8127
10.8099
10.8097
10.8092
10.8121
10.8105
10.8123
10.8104
10.8086
10.8122
10.7864
10.7907
10.8088
10.81
10.811
10.7957
10.7893
10.8134
10.8127
10.8118
10.8108
10.8107
10.7968
10.8121
10.81
10.8084
10.8115
10.8074
10.8118
10.8115
10.8118
10.809
10.8058
10.8109
10.8086
10.807
10.8091
10.8087
10.8114
10.8092
10.8085
10.8079
10.8116
10.8083
10.8086
10.8052
10.8116
10.8121
10.8127
10.812
10.803
10.8167
10.8081
10.8102
10.8087
10.814
10.8089
10.8084
10.8124
10.8062
10.8066
10.8086
10.8081
10.8086
10.8085
10.8084
10.8061
10.7875
10.8104
10.8124
10.8117
10.812
10.7882
10.8086
10.8136
10.8057
10.7832
10.8009
10.8095
10.8118
10.8094
10.8133
10.8136
10.7895
10.8134
10.8079
10.8081
10.8084
10.8098
10.8077
10.8122
10.7922
10.8129
10.8138
10.8088
10.8137
10.8085
10.8086
10.8086
10.8158
10.8087
10.8011
10.8113
10.8037
10.8052
10.8051
10.8086
10.8121
10.8085
10.8086
10.8081
10.8092
10.8085
10.8088
10.807
10.8094
10.8085
10.8115
10.8088
10.8164
10.8087
10.8138
10.8146
10.8087
10.8124
10.8058
10.8097
10.8151
10.8098
10.8173
10.8083
10.8087
10.8131
10.8136
10.814
10.8055
10.8028
10.8089
10.8086
10.81
10.8083
10.806
10.8105
10.8071
10.8157
10.807
10.8085
10.8056
10.8054
10.809
10.8046
10.8051
10.8116
10.8138
10.814
10.8093
10.8142
10.8071
10.8145
10.8098
10.8086
10.8142
10.8133
10.8091
10.8125
10.8111
10.808
10.8133
10.813
10.8099
10.8103
10.8055
10.804
10.8023
10.8094
10.8083
10.812
10.8059
10.8079
10.8117
10.8038
10.8059
10.812
10.8057
10.8055
10.8067
10.8053
10.8221
10.811
10.8119
10.8058
10.821
10.8078
10.81
10.8126
10.8089
10.8187
10.8052
10.82
10.8064
10.8056
10.8216
10.8106
10.8122
10.8055
10.8199
10.8202
10.8084
10.8093
10.8102
10.8011
10.8086
10.8145
10.8144
10.8094
10.8102
10.8088
10.8082
10.8123
10.8093
10.8034
10.8089
10.8123
10.8155
10.8096
10.812
10.8105
10.8158
10.8082
10.8145
10.8076
10.8111
10.8097
10.8089
10.8095
10.8185
10.8121
10.8105
10.8059
10.8138
10.8075
10.8093
10.811
10.804
10.8124
10.8065
10.8053
10.8145
10.8124
10.8105
10.8105
10.8067
10.8104
10.8112
10.8059
10.8212
10.8052
10.8141
10.8109
10.8176
10.8114
10.8091
10.8084
10.8095
10.8107
10.814
10.8117
10.8131
10.8079
10.8203
10.8118
10.8123
10.8103
10.8141
10.8138
10.8106
10.8108
10.8141
10.8119
10.8156
10.8096
10.8082
10.8116
10.8111
10.8143
10.812
10.8154
10.8088
10.806
10.8055
10.8149
10.8116
10.8121
10.8122
10.808
10.8056
10.8112
10.8087
10.8087
10.8055
10.8084
10.8038
10.8084
10.8123
10.8044
10.8138
10.8069
10.8091
10.8136
10.8078
10.8144
10.813
10.8123
10.8131
10.808
10.8084
10.8042
10.8123
10.8125
10.8124
10.8144
10.8143
10.8097
10.8136
10.8122
10.8124
10.8105
10.8191
10.8058
10.8104
10.8139
10.8091
10.8075
10.8139
10.806
10.8121
10.8066
10.8084
10.8102
10.8089
10.8124
10.8083
10.8145
10.8142
10.8145
10.814
10.8134
10.814
10.8141
10.8137
10.814
10.8136
10.8121
10.8054
10.8079
10.8141
10.8096
10.8147
10.8156
10.8105
10.8065
10.8192
10.8134
10.8061
10.811
10.8123
10.8085
10.8081
10.8148
10.8107
10.8139
10.8091
10.8083
10.809
10.8107
10.8106
10.8076
10.8133
10.8096
10.8136
10.8086
10.8065
10.8114
10.8092
10.8077
10.8051
10.8155
10.8122
10.8079
10.8133
10.8064
10.81
10.8087
10.8138
10.8131
10.8195
10.8113
10.8123
10.8089
10.8078
10.8057
10.8141
10.8104
10.812
10.7999
10.8116
10.8132
10.8124
10.8142
10.8097
10.8088
10.818
10.8069
10.8139
10.8121
10.806
10.8166
10.8211
10.814
10.8123
10.8088
10.8141
10.8155
10.8112
10.8109
10.8144
10.8078
10.8104
10.8121
10.8056
10.8102
10.8002
10.8138
10.8119
10.8123
10.8075
10.8042
10.8143
10.8083
10.8133
10.8133
10.8105
10.8134
10.8037
10.8156
10.8135
10.8084
10.8122
10.805
10.8121
10.8115
10.8059
10.8141
10.8102
10.8115
10.8076
10.805
10.811
10.8113
10.807
10.8104
10.8114
10.8069
10.8086
10.8124
10.808
10.8123
10.814
10.8091
10.8044
10.8083
10.8096
10.8122
10.8081
10.8144
10.8138
10.8124
10.8135
10.8153
10.8148
10.813
10.8139
10.812
10.8119
10.8046
10.809
10.8123
10.815
10.8111
10.8123
10.8069
10.8057
10.8124
10.8143
10.8079
10.8091
10.8113
10.81
10.8068
10.8102
10.8093
10.8105
10.8142
10.8066
)
;

boundaryField
{
    back
    {
        type            empty;
    }
    front
    {
        type            empty;
    }
    top
    {
        type            zeroGradient;
    }
    outer_arc
    {
        type            zeroGradient;
    }
    bottom
    {
        type            uniformFixedValue;
        uniformValue    
        {
            type            table;
            format          csv;
            file            "outlet_p.csv";
            nHeaderLine     1;
            refColumn       0;
            componentColumns List<label> 1(1);
            separator       ",";
            mergeSeparators 0;
        }
        value           uniform 10.8054;
    }
    inner_arc
    {
        type            zeroGradient;
    }
}


// ************************************************************************* //
