/*--------------------------------*- C++ -*----------------------------------*\
  =========                 |
  \\      /  F ield         | OpenFOAM: The Open Source CFD Toolbox
   \\    /   O peration     | Website:  https://openfoam.org
    \\  /    A nd           | Version:  9
     \\/     M anipulation  |
\*---------------------------------------------------------------------------*/
FoamFile
{
    format      ascii;
    class       surfaceScalarField;
    location    "1.46";
    object      phi;
}
// * * * * * * * * * * * * * * * * * * * * * * * * * * * * * * * * * * * * * //

dimensions      [0 3 -1 0 0 0 0];

internalField   nonuniform List<scalar> 
1363
(
-3.25845e-07
-5.05824e-07
8.31669e-07
-2.46995e-07
3.19485e-07
-7.24906e-08
1.11966e-06
-7.51705e-07
-3.67959e-07
5.01421e-08
3.15058e-07
-3.652e-07
9.62055e-07
1.57609e-07
3.69174e-07
-1.26851e-08
-3.56489e-07
-2.2829e-08
2.2829e-08
2.25607e-07
1.43568e-07
-2.29339e-07
3.2393e-07
-9.45904e-08
2.71681e-08
-2.56507e-07
-3.13226e-07
2.95079e-07
1.81477e-08
5.74761e-07
-6.75953e-07
1.01192e-07
4.0476e-07
-3.54618e-07
-3.79759e-07
3.48429e-07
3.13304e-08
1.90044e-07
3.84718e-07
-2.58321e-07
1.13266e-08
3.17658e-08
-2.66275e-07
2.34509e-07
-5.01804e-07
1.75959e-07
6.15625e-07
1.34462e-07
-7.50087e-07
-1.63635e-07
1.63635e-07
1.73715e-07
-1.41949e-07
-2.33259e-07
-4.42694e-07
1.09838e-06
-3.00293e-07
-7.98083e-07
1.65097e-07
7.39033e-07
-9.04129e-07
-1.64999e-07
-1.48227e-07
5.61965e-07
-3.96868e-07
8.00379e-07
-7.11266e-07
-8.91131e-08
7.93894e-07
3.04482e-07
-7.7572e-07
8.3759e-07
-6.18699e-08
-4.74944e-07
4.17948e-07
5.6996e-08
1.04406e-07
-2.24116e-07
1.1971e-07
2.78692e-08
7.72509e-07
-2.54519e-08
-7.50268e-07
-8.49977e-07
1.30116e-07
7.19861e-07
6.98921e-07
-5.83379e-07
-1.15541e-07
-2.11047e-07
-8.56103e-07
1.06715e-06
-2.83172e-07
7.51738e-08
2.07998e-07
5.89398e-08
-7.37497e-08
1.48099e-08
-9.06968e-08
-1.92475e-07
-1.44971e-07
8.84004e-07
7.55272e-07
-7.69253e-07
1.39804e-08
9.78722e-07
-5.71368e-07
-4.07354e-07
-8.50445e-07
7.05474e-07
-3.63659e-08
1.35369e-08
-6.52174e-08
8.80464e-08
6.30468e-07
9.94119e-08
-7.2988e-07
-7.02338e-07
6.05409e-08
6.41797e-07
-2.68015e-08
-8.23176e-07
-9.24568e-08
8.47729e-07
-1.65834e-07
-2.13925e-07
6.35334e-07
-1.97084e-08
-7.86887e-07
4.86594e-07
-1.2565e-06
1.04545e-06
9.41164e-07
-5.15797e-07
-4.25368e-07
3.40118e-07
-3.1295e-07
1.18374e-07
-3.20475e-07
2.02101e-07
-2.57815e-07
2.57815e-07
-2.6724e-08
3.66842e-07
-2.25453e-07
-3.23619e-08
7.42405e-08
2.55433e-07
-3.29674e-07
8.09394e-08
-5.55883e-07
7.91466e-07
-6.63432e-07
-1.28034e-07
-1.91148e-07
3.21264e-07
-7.99191e-07
2.93367e-07
-2.09871e-07
2.6881e-07
1.9209e-07
-6.45388e-08
-1.27552e-07
8.02004e-08
8.01787e-07
-7.02943e-07
-9.88433e-08
1.0124e-06
-8.94027e-07
4.80449e-07
-2.53097e-07
-2.27352e-07
2.13193e-07
1.06292e-07
-1.20227e-07
1.71399e-07
-5.11716e-08
-2.14446e-07
2.14446e-07
5.52399e-07
-1.34451e-07
7.38719e-07
2.02446e-07
2.93423e-08
-1.92978e-07
1.11798e-07
5.1837e-08
3.54882e-08
-1.50652e-07
2.55059e-07
-1.96284e-07
-6.20371e-08
2.13957e-08
-9.35706e-08
7.21749e-08
3.37849e-07
-2.1722e-07
1.97737e-08
1.97446e-07
-4.19362e-09
-3.8666e-08
-2.58728e-08
-9.74192e-07
9.28213e-07
4.59794e-08
-1.06493e-07
1.80734e-07
7.92922e-08
7.61894e-08
-1.55482e-07
8.06868e-08
2.67742e-07
-1.40258e-07
-7.69612e-08
4.47182e-07
5.3154e-07
2.41083e-07
-5.12534e-08
-1.8983e-07
-3.5374e-07
3.27016e-07
-1.27838e-07
-1.92637e-07
-1.23689e-07
3.2579e-07
-2.22825e-07
1.64051e-07
5.87735e-08
2.08544e-07
-7.79912e-07
3.50986e-08
4.41936e-08
-1.59705e-07
1.81101e-07
-1.28931e-07
1.51158e-07
-2.85089e-09
-1.48307e-07
-1.1286e-08
-3.42454e-07
-6.70042e-08
4.44083e-07
-3.73302e-07
2.49614e-07
-4.52317e-07
-1.03566e-07
-6.07507e-08
6.91219e-07
4.51543e-08
7.57258e-07
-8.02413e-07
7.16177e-08
7.30169e-07
4.51963e-08
-7.4814e-07
9.39565e-08
9.18445e-07
3.24229e-08
-9.2645e-07
-2.05336e-07
-9.81179e-09
-1.10415e-07
6.37855e-08
2.31293e-07
2.41083e-07
1.09411e-07
-3.30526e-07
2.21115e-07
5.66557e-07
-2.515e-07
-9.46541e-08
-3.42772e-08
1.61347e-07
-6.44424e-07
4.83077e-07
3.42772e-08
-4.86594e-07
-9.70964e-07
8.65066e-08
8.84458e-07
-8.50445e-07
-2.03119e-07
2.10252e-07
1.31121e-08
-1.63764e-07
-7.86887e-07
6.80022e-07
-7.05474e-07
-6.80022e-07
4.7744e-07
2.02582e-07
-1.2565e-06
-6.30691e-07
7.65153e-07
6.30691e-07
-6.22006e-07
-8.68481e-09
-7.65153e-07
8.25693e-07
-9.42507e-07
9.15706e-07
9.42507e-07
-8.7089e-07
6.22006e-07
-5.22594e-07
1.16999e-06
-1.07603e-06
-8.25693e-07
8.7089e-07
-1.04361e-06
1.07603e-06
1.04361e-06
-1.13607e-06
-9.15706e-07
1.13607e-06
-2.20362e-07
5.22594e-07
-4.7744e-07
-9.59252e-08
1.63393e-07
-1.50281e-07
2.36419e-07
-1.08126e-08
1.33736e-07
8.28758e-08
-3.35972e-07
1.30559e-07
4.084e-08
-6.12709e-08
5.06591e-07
-4.4532e-07
-3.18305e-07
-6.55887e-07
1.29121e-07
1.07298e-07
2.09463e-07
-5.48741e-07
3.39278e-07
5.05572e-07
-5.56825e-07
-2.95481e-07
3.10118e-07
-1.46368e-08
-6.47842e-07
6.44628e-08
-2.8312e-07
1.92423e-07
-7.97392e-08
4.10732e-08
6.6012e-08
-8.18591e-08
1.5847e-08
-7.50932e-08
-1.93482e-07
-1.07278e-07
2.75392e-08
-6.98065e-07
4.14946e-07
-3.61585e-07
-3.61463e-09
1.38076e-07
-1.43566e-08
-1.23719e-07
3.7639e-07
-1.66927e-07
2.55254e-08
-3.82391e-07
3.56866e-07
6.50314e-08
8.61269e-08
6.63051e-07
-2.18968e-07
2.73779e-08
-1.06342e-07
-9.30068e-08
-7.87208e-08
-5.25197e-08
6.90328e-07
1.31549e-07
7.96663e-07
-6.71721e-07
3.70663e-07
3.01059e-07
2.13313e-09
1.61918e-07
-3.83354e-07
-2.88368e-07
1.17736e-07
-2.45574e-07
-8.45234e-07
4.76817e-07
3.68416e-07
-2.9942e-07
3.93871e-09
4.65217e-07
3.72373e-07
1.39029e-08
-4.74571e-07
5.05946e-08
4.71585e-07
-2.29627e-07
-8.92597e-08
3.18887e-07
-7.90215e-07
1.53465e-07
6.3675e-07
6.15553e-07
-9.33858e-07
9.99021e-07
-5.22204e-07
9.41129e-07
-7.0165e-07
-2.39479e-07
6.53566e-07
3.45455e-07
7.42195e-07
-5.18674e-08
2.78389e-07
-1.58679e-07
-1.79846e-07
-6.10369e-07
4.66324e-07
-6.15639e-08
8.12388e-07
-5.64056e-07
-2.48333e-07
-4.99499e-07
-2.69753e-07
1.01586e-06
-1.01586e-06
-9.46541e-08
3.60443e-07
1.05881e-07
-4.37461e-07
2.57615e-07
-2.38897e-07
-2.02268e-07
-2.71358e-07
2.7327e-07
-8.13753e-07
9.67218e-07
1.65411e-07
2.02019e-07
-1.48823e-07
5.09265e-07
-3.14118e-07
5.1066e-07
-1.96542e-07
-9.1524e-07
7.87206e-07
-2.74068e-07
-8.1731e-07
9.28076e-07
-1.10766e-07
-3.38035e-07
9.53588e-07
8.21107e-07
-4.73647e-07
-3.47459e-07
-8.15554e-07
2.51498e-07
-5.30163e-07
-2.85391e-07
-2.29533e-07
1.0367e-06
-8.07165e-07
-1.09253e-07
-7.08057e-07
-4.36779e-07
1.09034e-06
6.77075e-07
-9.94577e-08
-5.77617e-07
-1.33031e-07
1.33031e-07
4.49104e-07
-4.49104e-07
-1.68385e-07
-7.46855e-07
-3.88237e-07
1.03725e-06
-6.49015e-07
2.74344e-07
3.00218e-07
-5.74562e-07
1.77947e-07
2.93638e-07
-9.52431e-07
1.38678e-07
3.41034e-07
-3.41034e-07
1.79985e-07
-1.79985e-07
6.98544e-07
2.86929e-07
-4.35752e-07
5.74149e-07
2.46958e-07
6.4846e-07
5.52733e-07
-8.19578e-07
2.89415e-07
-5.1936e-07
2.11374e-07
4.51677e-07
-4.47938e-07
-7.37538e-07
1.18548e-06
5.88787e-07
-2.87728e-07
-3.77764e-07
7.4618e-07
-5.22401e-07
-5.89314e-07
-3.64482e-07
9.53796e-07
5.66308e-07
2.67342e-07
7.72744e-07
-1.34888e-07
-1.3647e-07
2.1269e-07
-9.1434e-07
-5.18828e-07
8.64283e-07
4.09808e-07
-1.17432e-06
2.32919e-07
8.57426e-07
-5.1202e-07
-3.90836e-07
9.02856e-07
2.11022e-07
-7.22416e-07
-8.47484e-08
3.76472e-07
-8.88492e-07
-8.62396e-07
-6.45315e-07
8.78234e-07
-5.30736e-07
1.66254e-07
9.78182e-08
1.00932e-06
-1.10714e-06
1.92676e-08
7.5413e-07
1.99666e-07
9.52914e-07
-1.98784e-07
-9.59471e-07
9.26348e-07
3.31228e-08
-1.20907e-07
-1.48305e-07
9.35512e-07
-7.50412e-07
-3.87901e-07
7.64373e-07
-7.69201e-07
-1.71333e-07
9.40534e-07
-9.34747e-07
6.95268e-07
2.58562e-07
-1.04545e-06
-9.27883e-07
7.17804e-08
-8.75676e-07
1.13424e-06
-9.32489e-07
1.63288e-07
7.35114e-07
-4.31995e-07
-3.03119e-07
-6.4157e-07
5.66477e-07
4.86785e-08
8.81199e-07
-9.29878e-07
-1.05011e-06
1.09878e-06
8.11385e-07
6.68488e-08
9.09203e-07
4.58478e-07
2.76635e-07
2.79826e-08
-1.4889e-07
-7.59349e-07
3.71448e-07
-2.55101e-07
6.22133e-07
-3.67033e-07
-5.93234e-07
4.21901e-07
-1.56552e-07
1.68284e-07
-1.17326e-08
6.72373e-07
-6.55164e-07
-1.72089e-08
3.08032e-08
1.73139e-07
-8.28303e-07
-6.79529e-08
6.3443e-07
6.59343e-07
-1.26296e-07
-5.33047e-07
-5.12897e-08
-1.04929e-06
2.63921e-07
7.85366e-07
-8.99039e-07
4.02829e-07
4.96209e-07
1.20574e-07
5.38769e-07
9.35759e-07
2.49717e-07
-9.84581e-07
5.1543e-07
4.69152e-07
-2.12922e-07
2.12922e-07
-1.92978e-07
-1.8983e-07
1.35369e-08
1.24262e-07
-1.24262e-07
1.71574e-07
-1.71574e-07
-2.03119e-07
7.08855e-07
-1.04213e-06
3.33273e-07
-4.74503e-09
4.74503e-09
5.60043e-08
-5.60043e-08
-2.25453e-07
-1.67874e-07
1.67874e-07
1.9733e-07
-1.9733e-07
1.11798e-07
6.89012e-08
-6.89012e-08
-6.52174e-08
2.10252e-07
7.94932e-08
-5.15106e-08
3.64671e-07
4.5226e-07
-8.16931e-07
-8.56586e-08
8.56586e-08
7.22412e-07
-9.77513e-07
-1.11e-06
7.02643e-07
-1.20851e-07
1.20851e-07
-6.03906e-07
1.71911e-07
7.63983e-07
-1.04207e-06
2.78091e-07
-2.88536e-07
-8.13342e-07
1.10188e-06
-6.76828e-07
-3.72459e-07
-9.47108e-07
6.58572e-07
-3.66624e-07
-2.37282e-07
-5.82606e-07
-3.16433e-07
3.85578e-08
5.59154e-08
-9.44731e-08
-1.17994e-07
-1.16999e-06
3.92712e-07
-2.72138e-07
1.13761e-07
-5.92239e-07
4.78478e-07
-5.37399e-07
4.84618e-07
-3.09908e-07
-1.74709e-07
-8.48681e-07
7.80728e-07
3.40195e-07
-8.37016e-07
7.37116e-07
9.99005e-08
-4.01142e-07
-4.07808e-08
8.63013e-07
-8.3221e-07
9.36615e-07
-7.63477e-07
-3.19716e-07
9.66817e-07
-7.3614e-07
-2.30676e-07
-8.2804e-08
1.38719e-07
-6.73315e-07
-2.73793e-07
-8.56074e-07
7.29778e-07
-2.13529e-07
2.01915e-07
-9.09398e-07
7.07483e-07
8.27455e-07
-7.13695e-07
1.01521e-06
-7.51284e-07
4.49684e-07
4.42609e-07
-8.92293e-07
-2.01221e-07
6.62128e-07
-4.60907e-07
-8.91599e-08
1.07013e-06
-6.67301e-07
-4.48506e-07
-2.97204e-07
7.4571e-07
4.23564e-07
-7.6688e-07
3.43316e-07
1.09345e-06
-5.78022e-07
-4.82028e-07
-1.10211e-07
2.40841e-07
1.17808e-06
-4.75436e-07
-7.40684e-07
5.65974e-07
1.43323e-08
-5.62883e-08
1.00548e-06
-1.09464e-06
1.04405e-07
2.0334e-07
3.93303e-07
6.12616e-07
-8.13837e-07
-1.18958e-07
2.79065e-07
8.0214e-07
1.69643e-07
-8.27945e-07
6.58302e-07
-3.13693e-07
1.01438e-06
-7.00689e-07
9.39438e-07
-5.15874e-07
7.87047e-07
-1.18819e-06
2.13622e-07
-3.17196e-07
5.10846e-07
-8.15863e-07
5.78581e-07
-1.91474e-07
-1.7962e-07
6.4068e-07
6.9085e-07
-9.88054e-07
-6.2715e-07
1.06976e-06
-1.09065e-06
3.39368e-07
-1.13382e-06
4.66523e-07
1.13616e-06
-1.30673e-07
9.22629e-07
-7.12799e-07
-4.44664e-07
1.15746e-06
-8.76872e-07
5.73754e-07
-1.18823e-06
-5.69717e-07
-3.22576e-07
-1.17099e-06
5.92972e-07
4.88447e-07
3.34926e-07
-1.14827e-06
-6.22979e-07
-6.97349e-07
-2.49888e-07
5.37252e-07
7.52761e-07
2.77456e-07
-1.03022e-06
5.9057e-07
-4.20927e-07
3.37807e-07
-1.24185e-07
1.03183e-06
5.50489e-07
1.95221e-07
-1.17432e-07
7.69583e-07
-6.5215e-07
-8.61053e-07
9.65459e-07
4.01188e-07
-5.30314e-07
7.06179e-07
-9.12713e-07
8.56425e-07
-2.23041e-07
8.81344e-07
9.6811e-07
-2.2399e-07
9.31473e-07
-7.1773e-07
-2.01523e-07
9.19253e-07
8.53262e-07
-1.17298e-06
7.66416e-07
-9.46035e-07
-5.6806e-07
6.79653e-07
-1.11593e-07
4.1982e-07
-9.41721e-07
-2.98292e-07
6.81584e-07
5.75084e-07
-6.47574e-07
-2.5035e-07
-8.08785e-07
1.01213e-06
-8.93408e-07
9.07741e-07
2.31768e-07
-1.75305e-07
-8.15557e-07
4.90023e-07
3.25534e-07
2.67219e-07
1.51072e-07
-5.94851e-07
9.06386e-07
-3.11535e-07
7.205e-08
4.97245e-09
-8.09801e-07
8.04829e-07
-1.07279e-06
3.75438e-07
9.19202e-07
-3.45449e-07
-3.94678e-07
1.14686e-06
-5.53885e-07
1.32379e-07
-8.46073e-07
-6.06264e-07
-3.57078e-07
1.13543e-06
5.62124e-07
-9.32615e-07
8.13657e-07
-9.403e-07
5.23878e-07
6.46208e-07
-9.445e-07
-7.61903e-08
3.79403e-07
5.26983e-07
-4.80753e-07
8.00245e-07
-3.19492e-07
2.62915e-07
6.56338e-07
-7.92287e-07
-4.36232e-07
-2.94092e-07
2.90726e-07
8.81049e-07
-1.1314e-06
2.06261e-07
4.73391e-07
9.41527e-07
-4.56227e-07
-4.77051e-07
9.33279e-07
8.60724e-08
-5.68101e-07
-9.08262e-07
5.17427e-07
7.60001e-07
-8.36191e-07
-4.80713e-08
6.23155e-07
3.79051e-07
-7.84816e-07
4.05765e-07
-1.01318e-07
-5.46256e-07
1.23006e-06
4.23202e-07
5.18326e-07
-3.6356e-07
-4.53372e-07
9.13224e-07
3.14004e-07
4.8624e-07
-8.33905e-07
4.70346e-07
-9.09599e-07
-8.57873e-07
5.71845e-07
-1.92794e-07
-6.23793e-07
-7.85823e-07
-3.91273e-07
-8.87141e-07
7.36069e-07
1.45275e-07
-8.62599e-07
5.68507e-07
-4.11216e-07
-4.97047e-07
-3.13619e-08
-2.2378e-07
-6.45332e-07
4.36173e-07
-3.57317e-07
8.74744e-07
2.42274e-07
-2.23007e-07
-4.49713e-07
-3.84192e-07
-6.49707e-07
7.40743e-07
-4.47376e-07
8.40987e-07
-4.59281e-07
-2.06743e-08
3.22811e-07
2.49034e-07
-3.32287e-07
8.41937e-07
6.49395e-07
-3.96216e-07
-2.53179e-07
3.17107e-07
4.30721e-07
-3.19516e-07
9.23902e-07
-6.04386e-07
7.53532e-07
9.69098e-07
-1.96354e-07
-8.38876e-07
6.79508e-07
-2.06116e-07
8.20793e-07
4.55728e-07
5.55396e-07
-5.25856e-07
5.21769e-07
3.52974e-07
-6.35769e-07
-2.7857e-07
-8.45424e-08
-1.38464e-07
3.91643e-07
-1.42609e-07
1.47226e-07
-8.78134e-07
2.42364e-07
2.40883e-07
2.69777e-07
8.24087e-07
-2.57778e-07
9.46766e-07
-3.03985e-07
-9.08371e-07
7.91977e-07
-5.49612e-07
-1.4227e-07
-2.04856e-07
8.18091e-07
-6.13235e-07
-1.00434e-06
-4.64977e-08
1.68098e-07
1.61074e-07
-1.04806e-06
-3.49516e-07
4.22816e-08
-7.51726e-07
5.27812e-07
-1.64759e-07
1.68938e-07
1.89173e-07
3.75866e-08
-1.98181e-07
1.74554e-07
1.66113e-07
1.16072e-07
1.55224e-07
3.4057e-07
4.8686e-07
-7.62613e-09
5.42895e-08
-4.66633e-08
-9.12886e-07
-2.53724e-07
6.41132e-07
-2.31324e-07
8.48058e-08
9.96755e-08
1.51653e-07
4.36983e-07
-8.33464e-07
-3.65004e-07
1.30063e-07
5.44184e-08
-5.3929e-08
-8.86804e-08
2.96488e-07
9.32966e-08
-7.14139e-07
1.89315e-07
-1.55996e-08
-9.59384e-07
-2.36277e-08
5.06682e-07
-3.86973e-08
3.10711e-08
4.63018e-07
-4.08344e-07
-2.3608e-07
-6.08293e-07
6.55995e-07
2.00877e-07
6.38513e-07
-3.03693e-07
-1.08719e-06
-4.44034e-08
-9.55639e-07
2.15512e-07
2.41473e-07
-7.5727e-07
4.12878e-08
-1.15038e-07
1.34359e-07
1.77823e-07
7.99913e-08
-1.06655e-07
-1.97038e-07
-3.46375e-07
-6.97968e-09
-5.23756e-07
-1.3964e-07
-7.12359e-08
2.84429e-07
-5.60633e-07
-6.33459e-07
3.45091e-07
6.67799e-07
1.65759e-07
-1.19011e-07
-4.67484e-08
9.64127e-08
8.77267e-08
-5.4818e-08
-5.67234e-08
-3.85971e-07
-9.54207e-08
9.64127e-08
-3.36972e-07
2.70636e-07
-8.13215e-08
4.26554e-08
-1.44851e-07
3.33139e-07
-1.12024e-07
5.51919e-07
-5.20557e-07
-4.75438e-08
8.46398e-07
-1.34613e-07
-2.9175e-07
2.96588e-07
-4.83888e-09
-1.26445e-07
-1.92647e-07
-1.36525e-07
-3.65904e-07
-1.2495e-07
-7.39138e-08
-1.17234e-07
1.14186e-06
4.46639e-07
1.75495e-07
5.1139e-07
-6.22858e-08
1.03512e-07
-4.21235e-07
-1.77134e-07
4.4103e-08
4.21235e-07
1.77134e-07
2.65452e-07
5.1139e-07
1.703e-07
-7.18055e-07
4.01622e-07
7.08479e-07
-4.61521e-07
4.86089e-07
3.69605e-08
-4.17055e-08
-6.82909e-08
-1.73677e-08
1.44035e-07
-1.90844e-07
-1.19987e-07
-6.98424e-08
3.69605e-08
-1.03806e-07
-2.04554e-08
1.44349e-07
2.7225e-08
3.02704e-08
6.12787e-08
-5.27439e-09
-1.44035e-07
-2.38388e-08
1.90844e-07
-2.29703e-08
1.19987e-07
-5.10863e-08
-3.02704e-08
-3.86307e-08
-6.12787e-08
1.03806e-07
-6.82909e-08
1.44349e-07
-6.56642e-08
-5.50026e-07
9.87552e-08
-3.25916e-07
6.16642e-07
3.31056e-07
-4.6567e-07
2.15687e-07
-1.33536e-07
1.58866e-07
8.79521e-07
-4.84491e-07
3.61702e-07
-3.97959e-07
-1.33536e-07
1.98246e-07
-4.74881e-07
5.43843e-07
-5.52528e-07
6.17569e-07
-1.82973e-07
1.13993e-08
1.82973e-07
-3.04844e-07
2.80002e-07
2.48415e-08
-7.80804e-07
-2.06244e-07
2.81624e-07
-6.49583e-07
2.92974e-07
5.22406e-07
-6.22306e-07
-4.42692e-07
3.31099e-07
-4.34256e-08
1.10034e-07
3.05546e-07
1.36468e-07
-2.96173e-07
4.67583e-07
1.73758e-07
-5.57369e-07
5.57369e-07
-3.91259e-07
-4.56766e-07
-4.37276e-07
3.05546e-07
4.10123e-07
-3.46883e-07
4.00336e-07
-1.56355e-07
-2.26037e-07
1.98167e-07
-3.93388e-07
7.19702e-07
-4.89025e-07
-1.8438e-07
1.8438e-07
7.78426e-08
-1.81379e-07
-5.33663e-08
5.33663e-08
-7.74383e-07
7.74383e-07
-1.76731e-07
1.53621e-08
3.20287e-07
-3.18213e-07
-5.53269e-08
3.73539e-07
5.1083e-07
-5.1083e-07
-9.35706e-08
1.02181e-07
2.54685e-07
-8.18591e-08
-7.18173e-07
1.39046e-07
2.2872e-08
1.16076e-07
-4.78199e-07
-5.51032e-07
-1.60675e-07
-1.93099e-08
-8.4943e-08
-6.33644e-08
1.48225e-08
9.147e-08
-1.48824e-10
1.49713e-08
-9.61434e-07
2.05058e-09
-1.89201e-07
-1.67289e-07
-4.73629e-07
1.47713e-07
1.77823e-07
2.87633e-08
1.68683e-07
5.43365e-08
-1.38994e-07
1.66259e-07
-1.66259e-07
-4.10926e-08
4.62993e-07
-4.67801e-07
7.21749e-08
-1.11649e-07
1.11649e-07
-8.03825e-07
-3.61638e-07
6.45877e-08
-8.82154e-08
-2.48904e-07
-2.42544e-07
3.84969e-07
-1.42426e-07
-4.66589e-07
1.08402e-07
3.58187e-07
1.5847e-08
1.19056e-07
4.32515e-07
-3.67927e-07
-3.20218e-07
-2.23714e-08
2.23714e-08
2.13146e-07
4.04411e-07
-2.86676e-07
2.53127e-07
-7.76322e-08
1.08379e-08
1.62026e-07
4.63569e-08
-2.53444e-07
2.84594e-07
-5.27138e-07
-3.00717e-07
-6.37029e-07
5.85162e-07
6.4262e-08
-1.89212e-07
-4.18786e-08
2.53239e-07
-2.10848e-07
3.45208e-07
1.60675e-07
1.34523e-07
2.72805e-08
-3.32547e-07
8.85479e-08
4.59753e-08
4.18554e-07
-7.51101e-07
2.94993e-07
1.37785e-07
4.03983e-09
5.3558e-07
2.95072e-08
2.25005e-07
-3.25827e-08
-3.85971e-07
1.40008e-07
-3.98468e-08
3.8076e-07
-1.23145e-07
-1.52758e-08
4.83215e-07
-5.03889e-07
3.83541e-07
-1.61706e-08
8.83682e-08
1.28322e-08
5.08056e-07
6.6817e-08
-3.72381e-07
1.20882e-07
1.55121e-07
-5.18526e-07
3.36155e-07
3.63767e-07
-2.16054e-07
3.12681e-07
-1.25516e-07
1.00775e-07
1.32959e-07
-2.44582e-07
-8.43203e-07
1.22395e-07
-2.78896e-07
6.63448e-08
4.65393e-08
1.65023e-07
5.73746e-08
-1.008e-07
1.38691e-07
7.94076e-08
2.658e-07
-3.82184e-08
3.16395e-07
)
;

boundaryField
{
    back
    {
        type            empty;
        value           nonuniform List<scalar> 0();
    }
    front
    {
        type            empty;
        value           nonuniform List<scalar> 0();
    }
    top
    {
        type            calculated;
        value           nonuniform List<scalar> 10(-3.29172e-07 -3.58111e-07 -2.71296e-07 -1.84481e-07 -1.84481e-07 -2.71296e-07 -3.29172e-07 -6.87283e-08 -6.87283e-08 -3.58111e-07);
    }
    outer_arc
    {
        type            calculated;
        value           uniform 0;
    }
    bottom
    {
        type            calculated;
        value           nonuniform List<scalar> 10(1.05083e-06 7.09444e-07 1.60595e-07 -3.40666e-07 -8.2743e-07 1.16661e-06 -5.88636e-07 1.19847e-06 -1.09467e-06 9.89029e-07);
    }
    inner_arc
    {
        type            calculated;
        value           uniform 0;
    }
}


// ************************************************************************* //
