/*--------------------------------*- C++ -*----------------------------------*\
  =========                 |
  \\      /  F ield         | OpenFOAM: The Open Source CFD Toolbox
   \\    /   O peration     | Website:  https://openfoam.org
    \\  /    A nd           | Version:  9
     \\/     M anipulation  |
\*---------------------------------------------------------------------------*/
FoamFile
{
    format      ascii;
    class       volVectorField;
    location    "1.13";
    object      U;
}
// * * * * * * * * * * * * * * * * * * * * * * * * * * * * * * * * * * * * * //

dimensions      [0 1 -1 0 0 0 0];

internalField   nonuniform List<vector> 
1655
(
(0.157535 -0.0776104 -4.71332e-18)
(0.0813065 -0.124105 3.11212e-17)
(0.352232 -0.00551487 2.48546e-17)
(0.0913413 -0.0267876 -1.51329e-17)
(0.0968117 0.173657 0)
(0.21538 0.145305 9.38977e-18)
(0.360393 -0.0176848 0)
(0.0682868 0.279687 -1.67494e-17)
(0.0827024 0.326032 0)
(0.105278 0.174394 -8.19155e-18)
(0.163912 -0.0562237 3.77032e-17)
(0.171005 -0.058536 -3.71538e-17)
(0.0512677 0.174401 -3.87407e-21)
(0.010979 -0.172878 -1.96067e-17)
(0.0723461 0.360218 1.89585e-17)
(0.177073 -0.166441 0)
(0.266513 -0.138353 3.33424e-17)
(0.116446 0.317863 9.91749e-18)
(0.247673 0.103874 -3.74177e-17)
(0.00884167 -0.132881 -1.09178e-17)
(0.124559 -0.19867 4.39254e-18)
(0.066834 0.356089 0)
(0.0905204 0.161029 -2.02859e-17)
(0.0830034 0.156397 9.42127e-18)
(0.163219 -0.0717918 -5.90898e-18)
(0.214225 -0.131314 -3.93698e-17)
(0.140142 -0.149427 -1.73677e-17)
(0.0673619 0.350398 -1.9999e-17)
(0.062848 0.349601 2.68751e-17)
(0.0346128 -0.166432 -1.9422e-17)
(0.380366 -0.055265 4.81177e-17)
(0.336065 0.00189214 -5.14076e-18)
(0.0298741 -0.40486 -7.0839e-18)
(0.336664 0.0509946 0)
(0.105865 0.341891 0)
(0.326373 0.0523136 0)
(0.215034 0.153198 -2.50943e-17)
(0.116143 -0.176332 0)
(0.0211505 -0.39389 -9.68468e-18)
(0.126041 -0.174138 -3.35909e-17)
(0.102004 -0.160571 1.88772e-17)
(0.0833423 0.154214 1.6397e-17)
(0.0199019 -0.357992 -1.01726e-17)
(0.255687 0.0789904 2.96547e-17)
(0.0800553 -0.193804 0)
(0.133038 -0.0401939 0)
(0.143375 -0.032782 4.70556e-17)
(0.0755388 -0.179264 0)
(0.168018 0.183024 1.81904e-17)
(0.0184994 -0.339165 2.47538e-18)
(0.225821 0.147048 2.79391e-17)
(0.341536 -0.0117423 -1.85113e-17)
(0.089857 0.348943 -2.03683e-17)
(0.0895702 0.3138 1.79323e-17)
(0.160911 0.206941 -2.32576e-17)
(0.10461 0.208073 0)
(0.0824443 -0.119645 -9.1761e-18)
(0.137392 -0.048954 0)
(0.176273 -0.0634205 0)
(0.112951 0.196562 1.97461e-17)
(0.379638 -0.0345647 -4.81018e-17)
(0.234979 0.123596 0)
(0.162081 -0.0854129 0)
(0.084934 0.289052 -4.62255e-18)
(0.273771 0.0492024 0)
(0.359974 -0.0492015 0)
(0.246759 -0.00694902 4.34785e-17)
(0.150658 -0.0532736 -2.16875e-17)
(0.0970927 0.3531 0)
(0.0824799 0.147492 -1.87519e-17)
(0.127311 -0.044229 2.40878e-17)
(0.354617 -0.0384667 -1.13066e-18)
(0.095402 -0.23601 -1.20552e-18)
(0.0725967 0.354784 1.71509e-17)
(0.350076 0.0556965 -2.21958e-17)
(0.04549 -0.178536 1.06711e-17)
(0.0615936 0.326556 -6.11214e-18)
(0.0876923 0.372748 0)
(0.101424 -0.144097 0)
(0.0530931 -0.171252 0)
(0.268391 0.0411497 2.37254e-17)
(0.0498008 -0.171753 -1.08491e-17)
(0.157539 0.205883 2.37626e-17)
(0.267657 0.0764596 1.19094e-17)
(0.0675118 -0.258773 0)
(0.0907247 0.335973 0)
(0.371124 0.0379405 -1.33164e-17)
(0.0965693 -0.210632 0)
(0.158026 -0.153972 -9.40406e-18)
(0.105475 0.281624 0)
(0.106893 0.318053 0)
(0.353563 0.00871544 1.15308e-17)
(0.26262 0.10412 2.28334e-17)
(0.174425 0.173954 0)
(0.0176384 -0.114099 0)
(0.256283 0.114674 3.79943e-17)
(0.237129 -0.000815858 -3.68976e-17)
(0.14939 -0.0534356 0)
(0.336397 0.0174764 -1.09806e-17)
(0.0572927 -0.442328 2.31261e-17)
(0.358173 0.0227036 -7.34602e-17)
(0.240751 0.0230026 -2.42261e-17)
(0.159456 0.180161 -2.37244e-17)
(0.257337 0.0266691 2.54643e-17)
(0.151797 0.228889 0)
(0.241307 0.132577 -1.45869e-18)
(0.12694 0.226126 -2.04957e-17)
(0.0198626 -0.122622 0)
(0.0408222 -0.443945 0)
(0.111989 0.204093 -2.06289e-17)
(0.01928 -0.447879 1.63334e-17)
(0.148217 -0.0508216 1.92305e-17)
(0.123732 0.180577 1.25119e-17)
(0.0797554 -0.297113 2.14706e-17)
(0.135144 0.179183 1.95333e-17)
(0.0980027 0.347214 -1.20582e-17)
(0.129051 0.210721 -2.08376e-17)
(0.169641 -0.0561323 0)
(0.159711 -0.14752 1.86371e-17)
(0.149909 0.23649 -4.10799e-17)
(0.132181 0.146013 -3.56992e-17)
(0.322398 0.0782669 3.6066e-17)
(0.371876 0.00753703 -2.85968e-17)
(0.283618 -0.0415579 2.69897e-17)
(0.250383 0.00845925 9.45814e-18)
(0.102529 0.215848 0)
(0.0125362 -0.296221 -2.34575e-17)
(0.0187988 -0.145795 2.14036e-17)
(0.188865 -0.158942 -2.90244e-18)
(0.039258 -0.355286 -2.788e-18)
(0.205669 0.179772 5.36569e-18)
(0.0189366 -0.452814 2.87668e-17)
(0.0989714 0.271318 1.79167e-17)
(0.0992261 0.196945 1.8904e-17)
(0.00788265 -0.0453764 0)
(0.144298 -0.184389 0)
(0.0842265 0.158561 -1.10482e-17)
(0.0723546 0.218941 1.85007e-17)
(0.0346783 -0.0660439 1.00326e-17)
(0.235353 -0.0135625 -9.8396e-18)
(0.0774113 0.134308 1.28676e-17)
(0.121453 -0.132984 1.78863e-17)
(0.164742 -0.140503 0)
(0.238544 0.0963544 0)
(0.311901 -0.13154 -1.10221e-17)
(0.266418 0.0705981 0)
(0.19921 0.102432 -3.83289e-17)
(0.132404 0.144293 3.08791e-17)
(0.153657 0.113432 1.99337e-17)
(0.359571 -0.07686 0)
(0.352888 -0.0363066 1.88386e-17)
(0.340369 -0.108649 -1.01571e-17)
(0.310784 0.0426716 1.96833e-17)
(0.339714 0.0111189 1.71979e-17)
(0.084407 0.355155 0)
(0.00883097 -0.279966 3.77488e-17)
(0.260353 0.0536639 2.41819e-18)
(0.262322 0.0842872 1.00785e-17)
(0.139809 0.187742 0)
(0.253864 0.0390446 -2.58266e-17)
(0.220688 0.102076 2.89798e-17)
(0.18976 -0.148299 0)
(0.10656 0.280257 -1.68852e-21)
(0.279603 0.0881019 0)
(0.288393 0.100704 0)
(0.160765 -0.0591801 -1.00323e-17)
(0.0812267 0.327614 0)
(0.12496 0.183123 -3.93646e-17)
(0.238307 0.013215 5.96827e-18)
(0.0789613 0.376783 0)
(0.299569 -0.138647 0)
(0.164425 0.202515 0)
(0.17823 0.107856 1.19505e-17)
(0.132105 0.229738 2.07103e-17)
(0.0703512 -0.224291 1.25917e-18)
(0.136834 0.214714 2.06392e-17)
(0.191478 0.180978 5.38363e-18)
(0.072249 0.38935 0)
(0.100852 -0.355104 -2.22005e-17)
(0.00386979 -0.129337 1.78345e-17)
(0.100713 0.253292 2.5142e-17)
(0.162367 0.214379 1.60679e-17)
(0.222232 0.135879 -3.41399e-17)
(0.271948 -0.0379175 -5.90048e-18)
(0.111204 -0.195768 -1.13646e-17)
(0.126985 -0.379725 0)
(0.0590747 -0.182241 0)
(0.107916 -0.378887 0)
(0.119426 0.308021 0)
(0.157345 0.225965 -1.56242e-17)
(0.0904649 -0.193915 -2.04622e-17)
(0.248943 0.126415 0)
(0.123666 0.310603 -2.07226e-17)
(0.339584 -0.0298126 2.61035e-17)
(0.14858 -0.394062 0)
(0.0170299 -0.0765532 -1.28588e-17)
(0.128798 0.29547 0)
(0.131784 -0.396575 0)
(0.146543 -0.152199 2.44298e-17)
(0.148634 0.251182 0)
(0.223925 -0.0438766 1.34688e-17)
(0.21079 -0.0343721 -6.0574e-18)
(0.367576 0.0203296 2.16966e-17)
(0.379664 -0.0165992 4.87031e-17)
(0.133106 0.324641 -1.83868e-17)
(0.15443 -0.212869 1.47779e-17)
(0.057257 -0.396873 0)
(0.114513 0.338279 0)
(0.0492249 -0.379385 6.57384e-17)
(0.3467 0.0555724 0)
(0.331125 -0.0232044 3.52384e-17)
(0.336229 -0.0319188 -9.7107e-18)
(0.13729 -0.188197 0)
(0.11599 0.205145 2.05337e-17)
(0.00902582 -0.150798 -2.11398e-18)
(0.244413 -0.0250773 4.58746e-17)
(0.317992 0.0691949 -1.13511e-17)
(0.172474 -0.14205 0)
(0.333887 -0.0488031 2.00409e-17)
(0.14327 0.264303 0)
(0.0641309 -0.177174 0)
(0.121829 -0.222571 -4.27667e-17)
(0.0374612 -0.392942 2.99198e-17)
(0.140537 0.255971 2.08219e-17)
(0.0487665 -0.404874 -2.15677e-17)
(0.163926 -0.397914 2.07482e-17)
(0.180149 -0.384885 -2.06718e-17)
(0.118982 0.336351 0)
(0.335704 -0.068203 2.53782e-17)
(0.33466 -0.0786298 2.03243e-17)
(0.0897305 -0.308392 0)
(0.336632 -0.104119 -2.542e-17)
(0.335001 -0.112981 2.5409e-17)
(0.0850227 0.381259 -3.95445e-17)
(0.0717525 -0.40647 -2.13036e-17)
(0.0888874 -0.32515 2.09888e-17)
(0.150272 -0.403985 0)
(0.112772 0.351156 0)
(0.179599 -0.374456 2.57536e-17)
(0.337749 -0.136205 2.03616e-17)
(0.0919778 0.278056 -1.93494e-17)
(0.103247 -0.18782 3.73772e-17)
(0.334688 -0.14506 -2.54547e-17)
(0.0352109 -0.0891156 1.79874e-17)
(0.133696 0.284157 5.19124e-18)
(0.0748691 -0.160908 -2.64779e-17)
(0.375612 -0.0959567 1.52907e-17)
(0.116173 0.263909 0)
(0.163659 -0.377698 -5.16839e-18)
(0.146963 0.245172 0)
(0.267115 0.0899313 -1.69107e-17)
(0.0514435 -0.140443 4.25374e-18)
(0.159102 0.400607 -2.01791e-17)
(0.333874 -0.019908 -1.46872e-17)
(0.07982 -0.395854 2.09562e-17)
(0.331319 -0.039135 -2.5153e-17)
(0.0860016 -0.428028 -2.13755e-17)
(0.128424 0.292819 -5.17069e-18)
(0.0685508 0.388011 2.7255e-17)
(0.0359094 -0.363902 1.98292e-17)
(0.210238 -0.18529 1.55209e-17)
(0.112224 -0.330864 2.12955e-17)
(0.192353 -0.377457 2.05801e-17)
(0.336358 -0.0467408 2.01845e-17)
(0.14263 0.408698 2.021e-17)
(0.129963 0.168832 2.08602e-17)
(0.0423782 -0.352993 0)
(0.0100235 -0.220439 -2.9421e-17)
(0.0498344 -0.423405 1.12332e-17)
(0.0146986 -0.231033 0)
(0.0587431 0.232559 -2.19035e-17)
(0.0924402 0.375795 1.55574e-17)
(0.0933579 -0.188518 1.09834e-17)
(0.133025 -0.334394 0)
(0.0768427 0.395255 3.3071e-21)
(0.08966 0.385729 -1.56593e-17)
(0.369237 -0.0991739 0)
(0.123371 0.320838 2.57657e-17)
(0.14509 0.254712 -2.60642e-17)
(0.247006 -0.216341 5.08224e-18)
(0.14685 0.253237 2.12242e-17)
(0.117532 0.180514 5.22753e-18)
(0.0823976 0.401905 2.07253e-17)
(0.103129 0.312295 1.84697e-17)
(0.0827599 0.318237 -3.46868e-17)
(0.0978358 0.37811 -2.08256e-17)
(0.131933 0.295896 2.08473e-17)
(0.0497457 -0.446159 1.86591e-17)
(0.0543372 -0.369983 0)
(0.101751 0.350901 0)
(0.106631 0.352322 2.0447e-17)
(0.0730848 -0.143148 2.03349e-17)
(0.0283549 -0.295768 4.38242e-17)
(0.164589 0.194462 0)
(0.120519 0.336421 -2.07433e-17)
(0.114631 -0.415796 5.2448e-18)
(0.040954 0.182015 0)
(0.333517 -0.0603783 -3.54331e-17)
(0.0207498 -0.0514188 -2.08438e-17)
(0.076632 -0.397333 -5.15495e-17)
(0.0764218 -0.440096 -2.17007e-17)
(0.164821 0.161299 0)
(0.116912 0.103342 3.20531e-17)
(0.140442 -0.402009 -5.21925e-18)
(0.208664 -0.363767 -4.11343e-17)
(0.140346 0.268204 -2.22679e-17)
(0.104855 -0.430858 -5.26997e-18)
(0.159155 -0.360241 5.16031e-18)
(0.112241 0.373989 -5.14809e-18)
(0.218923 -0.354978 -2.04836e-17)
(0.0909853 0.408049 0)
(0.33906 -0.127515 1.10426e-17)
(0.140288 -0.359738 -5.19534e-18)
(0.226224 -0.194081 -5.17504e-18)
(0.139273 0.169117 0)
(0.118669 0.347843 0)
(0.0573187 -0.102696 -2.07878e-17)
(0.155986 0.228608 -2.09774e-17)
(0.234984 -0.340864 8.27113e-21)
(0.0891454 -0.435006 2.26615e-17)
(0.142182 0.267412 0)
(0.0232558 -0.252834 -2.21573e-17)
(0.063016 -0.441125 2.86407e-18)
(0.123787 -0.405296 -5.23074e-18)
(0.0893137 -0.434711 -2.11494e-17)
(0.111579 -0.0382299 3.01074e-17)
(0.0577404 -0.0225089 1.03319e-17)
(0.127517 0.176618 -2.63278e-17)
(0.0999961 -0.414133 0)
(0.198557 0.387319 -2.01844e-17)
(0.0745646 -0.37134 0)
(0.128829 0.308918 2.08004e-17)
(0.00598967 -0.0569816 9.57191e-18)
(0.172661 -0.341094 -2.0775e-17)
(0.105242 0.387353 2.05995e-17)
(0.194753 -0.358053 -1.54745e-17)
(0.183725 0.400108 1.51424e-17)
(0.0392355 -0.319999 -2.19061e-17)
(0.188466 -0.37997 0)
(0.104965 0.377156 0)
(0.0743964 -0.443238 2.23546e-17)
(0.165136 -0.38456 2.07692e-17)
(0.0764954 0.400865 0)
(0.336359 -0.0867148 -2.53067e-17)
(0.0783638 0.171186 0)
(0.148128 -0.390091 -3.64237e-17)
(0.0149224 -0.219073 0)
(0.117297 -0.423516 5.24814e-18)
(0.104105 -0.431402 0)
(0.143941 -0.31226 0)
(0.0531095 0.130261 0)
(0.141811 0.359491 2.00905e-17)
(0.334923 -0.096476 0)
(0.0884931 -0.425499 2.11239e-17)
(0.151473 0.209235 0)
(0.242701 -0.330603 0)
(0.17147 -0.389902 0)
(0.196261 -0.368494 -7.79755e-21)
(0.117292 0.365965 -2.05105e-17)
(0.252664 -0.315713 2.56262e-17)
(0.107446 0.254577 -1.77854e-17)
(0.0602904 -0.358396 0)
(0.137297 0.229272 -5.5933e-18)
(0.276386 -0.224172 2.03717e-17)
(0.0181359 -0.0844417 2.18274e-17)
(0.0928733 0.274831 -1.79494e-17)
(0.0949836 -0.398465 5.42336e-18)
(0.0506405 0.0996526 -2.06639e-17)
(0.134777 0.292356 0)
(0.133003 -0.344105 0)
(0.0526258 -0.113487 0)
(0.0740954 -0.423257 2.1133e-17)
(0.0345827 -0.102959 0)
(0.218459 -0.344555 0)
(0.0483862 0.0861406 0)
(0.112789 0.382363 5.12728e-18)
(0.258189 0.351264 1.51881e-17)
(0.117971 0.221363 -2.89784e-21)
(0.104843 -0.316519 5.20619e-18)
(0.16173 -0.399974 -2.0791e-17)
(0.0780957 -0.276796 -5.36048e-18)
(0.270383 -0.210843 0)
(0.12235 0.1641 -2.16545e-17)
(0.267839 -0.235411 -2.54329e-17)
(0.133593 -0.417013 -5.22018e-18)
(0.157535 0.200149 0)
(0.234536 -0.332568 0)
(0.121307 0.340244 -2.5499e-21)
(0.0829053 0.408397 0)
(0.209506 -0.353739 -5.13335e-18)
(0.13566 -0.161805 1.95993e-17)
(0.16033 0.349417 -2.01471e-17)
(0.239807 0.364466 -2.02212e-17)
(0.163517 0.195943 0)
(0.171008 -0.371267 0)
(0.237222 -0.318497 -2.04005e-17)
(0.258075 -0.316301 2.03695e-17)
(0.0971727 0.388633 0)
(0.131472 0.235523 0)
(0.260286 0.258868 0)
(0.213022 -0.357406 -2.05195e-17)
(0.0515709 -0.261197 4.37635e-17)
(0.277234 -0.201412 5.08696e-18)
(0.113921 0.198782 -2.60357e-17)
(0.225439 0.320862 -5.05922e-18)
(0.0948808 -0.401408 -2.10343e-17)
(0.160878 0.209533 2.10318e-17)
(0.171738 0.308535 -2.53682e-17)
(0.0673328 -0.112362 0)
(0.255171 0.335325 0)
(0.0717428 0.0986695 0)
(0.294518 -0.191686 5.08003e-18)
(0.273107 -0.250342 5.10002e-18)
(0.234244 0.349926 0)
(0.101946 -0.389381 0)
(0.307846 -0.179132 -2.03059e-17)
(0.154337 0.219818 0)
(0.337161 -0.120178 0)
(0.261965 -0.262736 -1.53299e-17)
(0.252131 -0.305946 2.03803e-17)
(0.264023 0.237996 2.03458e-17)
(0.290011 -0.2015 -5.08093e-18)
(0.291645 0.0242584 5.12413e-18)
(0.262646 -0.304649 0)
(0.237012 -0.287012 2.0448e-17)
(0.350471 -0.106571 -1.29197e-17)
(0.335202 -0.128796 0)
(0.187875 -0.363894 1.54831e-17)
(0.191057 -0.341088 2.07129e-17)
(0.322233 0.000120248 2.54503e-17)
(0.134325 -0.41597 0)
(0.284308 -0.00264508 1.9384e-21)
(0.251747 -0.290938 0)
(0.12759 0.179507 -6.72445e-18)
(0.305515 -0.18884 1.52337e-17)
(0.282585 -0.164884 -1.52861e-17)
(0.133439 -0.32678 2.07902e-17)
(0.144848 0.279751 8.74551e-18)
(0.0887555 0.103375 0)
(0.301084 -0.172043 0)
(0.08106 -0.0920834 1.80411e-17)
(0.308926 -0.232994 0)
(0.193657 0.296844 2.53651e-17)
(0.276667 -0.29036 0)
(0.287416 -0.250223 0)
(0.291457 -0.174173 -2.54398e-17)
(0.317602 0.0338425 2.03482e-17)
(0.218466 0.374026 0)
(0.315073 0.00747059 9.74272e-22)
(0.170849 0.378505 2.01171e-17)
(0.309367 -0.0108607 -5.09628e-18)
(0.308061 -0.111634 -2.03741e-17)
(0.307851 -0.00364457 -5.09385e-18)
(0.290843 -0.224216 5.0778e-18)
(0.31087 -0.00858781 -4.07807e-17)
(0.30956 -0.209124 2.53635e-17)
(0.297344 0.271325 0)
(0.28991 -0.263483 0)
(0.325657 0.0156812 0)
(0.282343 0.00823187 0)
(0.250056 -0.193541 -5.10268e-18)
(0.316012 -0.219229 -5.06759e-18)
(0.256168 -0.207509 5.09681e-18)
(0.302108 -0.109733 -2.03992e-17)
(0.246486 0.221411 -2.04216e-17)
(0.1199 0.172949 4.16097e-17)
(0.296736 -0.236902 -5.07322e-18)
(0.277741 -0.277615 0)
(0.323579 -0.191267 5.11222e-18)
(0.257328 -0.18621 0)
(0.245948 -0.172172 -2.04655e-17)
(0.104453 -0.298689 1.55842e-17)
(0.296983 -0.212483 5.0778e-18)
(0.203719 0.33318 5.05639e-18)
(0.309386 -0.0987987 2.03834e-17)
(0.250256 -0.165409 -5.11139e-18)
(0.232284 -0.150199 -3.58592e-17)
(0.272288 -0.146891 -1.5312e-17)
(0.331747 -0.16228 1.53016e-17)
(0.307677 0.0164607 -9.7487e-18)
(0.262992 -0.308521 -2.55764e-17)
(0.270203 0.301254 0)
(0.324796 -0.180115 -5.06641e-18)
(0.307621 0.00178419 5.09806e-18)
(0.253556 -0.149839 -5.11149e-18)
(0.313232 -0.197353 -1.52135e-17)
(0.296069 -0.00146219 -2.02603e-17)
(0.313093 0.0142508 0)
(0.238743 0.277128 0)
(0.195015 -0.315502 -5.15184e-18)
(0.311866 -0.0909628 -4.59012e-17)
(0.293577 0.00203911 -2.03834e-17)
(0.316777 -0.174146 5.07447e-18)
(0.309743 0.0149677 -5.10422e-18)
(0.286719 -0.108614 -2.04275e-17)
(0.269534 -0.163148 5.10146e-18)
(0.351008 -0.0898733 -2.87159e-19)
(0.319075 0.0248587 0)
(0.285208 -0.15791 1.52838e-17)
(0.313315 0.0117669 2.54961e-17)
(0.291323 -0.0838361 0)
(0.234264 -0.143121 2.04862e-17)
(0.3103 0.032572 1.02527e-17)
(0.301824 -0.0917642 2.5515e-17)
(0.346476 -0.106224 0)
(0.288771 -0.0961432 1.53236e-17)
(0.314414 0.0140634 -2.03842e-17)
(0.29443 -0.0907112 -5.11198e-18)
(0.296869 -0.113553 -1.89464e-21)
(0.303836 -0.00212358 -1.52905e-17)
(0.156452 0.266515 1.54086e-17)
(0.28426 -0.104332 -2.55316e-17)
(0.359603 0.104863 -5.06366e-18)
(0.255874 -0.142703 -5.11165e-18)
(0.320325 0.0217095 0)
(0.305694 0.00771942 2.04186e-17)
(0.300358 -0.104284 0)
(0.298731 -0.13048 1.52831e-17)
(0.347318 -0.0823162 1.82588e-17)
(0.35064 -0.0634845 0)
(0.32932 -0.0888356 -2.03637e-17)
(0.328314 -0.121045 0)
(0.22817 -0.164596 4.113e-17)
(0.304074 -0.0982457 0)
(0.357119 -0.0739658 -1.95401e-17)
(0.323312 -0.150598 2.53865e-17)
(0.274541 -0.0919393 -1.54369e-17)
(0.29177 -0.101687 1.1053e-21)
(0.289577 -0.123586 5.10097e-18)
(0.32736 -0.0538329 -2.54528e-17)
(0.279415 -0.081144 2.05997e-17)
(0.29669 -0.012322 2.03852e-17)
(0.0920204 -0.0816862 -1.1534e-17)
(0.10539 -0.0118611 1.9585e-17)
(0.123309 0.0689252 1.29128e-18)
(0.0811039 -0.109199 2.46337e-18)
(0.111634 0.108894 -1.96161e-21)
(0.0844076 -0.0376773 -4.22246e-17)
(0.131644 0.017335 0)
(0.068797 -0.0241429 -1.83019e-17)
(0.134152 0.0498996 -3.03873e-17)
(0.343946 -0.0405561 -5.30322e-17)
(0.125852 0.0598142 -2.06304e-17)
(0.0831302 -0.0164903 0)
(0.0899848 -0.0944719 3.03229e-17)
(0.125837 0.0872881 2.07259e-17)
(0.0992487 -0.0704967 2.25996e-17)
(0.127004 -0.00536386 0)
(0.258864 -0.127149 1.53466e-17)
(0.135239 0.0303863 -3.20288e-17)
(0.0530421 -0.0204178 0)
(0.277949 -0.111135 -5.10943e-18)
(0.183504 -0.0927321 0)
(0.267457 -0.0978193 -1.5355e-17)
(0.290009 -0.119345 5.10135e-18)
(0.345785 -0.0995065 0)
(0.170068 0.0488631 0)
(0.236584 -0.127369 5.12382e-18)
(0.303443 0.0072564 -2.04384e-17)
(0.300897 -0.00813443 -5.09566e-18)
(0.311281 -0.105257 1.52921e-17)
(0.299793 0.0157769 -3.57824e-17)
(0.324061 -0.158799 5.11458e-18)
(0.327974 -0.0112296 -1.51303e-17)
(0.280209 0.215025 0)
(0.343943 -0.0633694 2.02216e-21)
(0.309344 -0.117454 2.54713e-17)
(0.26504 -0.278189 -5.0869e-18)
(0.320609 0.0169783 -4.71375e-22)
(0.327825 -0.0411877 -1.52053e-17)
(0.211106 -0.141677 -5.18894e-18)
(0.313294 0.00381948 4.07614e-17)
(0.157959 0.0651737 1.87048e-17)
(0.346318 0.103357 4.56867e-17)
(0.324456 -0.0153225 -2.53597e-17)
(0.304845 -0.122215 -1.52779e-17)
(0.276597 -0.107886 2.55458e-17)
(0.206345 0.247922 -4.06852e-17)
(0.344188 -0.0826108 2.03413e-17)
(0.270798 -0.189662 -2.54753e-17)
(0.262225 -0.0930949 2.05328e-17)
(0.269515 -0.0854756 6.54718e-22)
(0.278266 0.276421 0)
(0.341489 -0.0543834 3.44637e-17)
(0.302 0.0160907 1.53179e-17)
(0.274918 -0.0734084 2.08388e-17)
(0.327896 0.018755 4.00848e-17)
(0.323673 -0.12026 2.0376e-17)
(0.304606 -0.0320021 5.11449e-18)
(0.321302 -0.134238 -1.52822e-17)
(0.239349 -0.120215 -2.04938e-17)
(0.324844 -0.105378 5.09534e-18)
(0.325163 -0.089149 0)
(0.324706 -0.072263 -5.10147e-18)
(0.317232 -0.147468 -5.08656e-18)
(0.341991 -0.0742907 -2.03362e-17)
(0.20994 -0.149123 4.11052e-17)
(0.0962025 0.0758141 -1.90483e-17)
(0.32354 -0.0550879 -1.53138e-17)
(0.317014 0.0102428 -2.03593e-17)
(0.321685 -0.0333349 -1.53117e-17)
(0.239681 -0.0506516 5.09038e-18)
(0.333762 -0.00237455 1.47679e-17)
(0.295231 -0.0109509 2.03942e-17)
(0.233125 -0.0727753 1.0021e-17)
(0.204872 -0.0916691 0)
(0.194896 0.0283803 -1.08903e-17)
(0.0840489 0.09681 -3.49494e-17)
(0.0511156 -0.0778673 4.17753e-17)
(0.223997 0.0121561 4.73319e-18)
(0.278419 -0.121749 -2.04267e-17)
(0.264365 -0.106635 5.11613e-18)
(0.108848 -0.0957805 0)
(0.231957 -0.020938 -4.20202e-17)
(0.123479 0.067261 0)
(0.317994 -0.0103255 -2.54993e-17)
(0.344946 -0.0991723 2.0331e-17)
(0.252282 -0.0952959 2.04869e-17)
(0.317329 -0.165096 -2.02905e-17)
(0.338891 -0.0556327 2.53451e-17)
(0.343259 -0.0924291 -2.03222e-17)
(0.320424 -0.127331 0)
(0.347506 -0.113933 -4.06439e-17)
(0.329902 0.00809227 -2.44091e-17)
(0.316975 -0.140385 2.54574e-17)
(0.297557 0.0247053 2.04341e-17)
(0.322309 -0.113297 -1.52802e-17)
(0.3231 -0.0980914 0)
(0.323095 -0.0815584 5.09997e-18)
(0.302886 -0.0427389 -1.02306e-17)
(0.303097 -0.164077 -5.08381e-18)
(0.308419 -0.0307343 1.53282e-17)
(0.322364 -0.0650421 0)
(0.250593 -0.0593671 2.25953e-17)
(0.25763 -0.0986037 -2.56075e-17)
(0.321271 -0.0465248 4.59048e-17)
(0.23421 -0.0829883 0)
(0.196959 -0.0742107 1.02629e-17)
(0.264092 -0.109712 0)
(0.305248 -0.127654 5.09305e-18)
(0.223156 -0.0840911 -2.56829e-17)
(0.331688 0.0382328 -1.7467e-17)
(0.287823 -0.182283 1.52647e-17)
(0.221121 -0.0828603 0)
(0.245028 -0.0941239 -2.70243e-17)
(0.247436 0.202713 2.04112e-17)
(0.261618 -0.121597 -5.11433e-18)
(0.255704 -0.0676328 -2.24318e-17)
(0.310246 0.00102582 -2.04068e-17)
(0.298558 -0.126974 -5.13197e-18)
(0.31901 -0.0227918 0)
(0.213793 -0.126961 0)
(0.311555 -0.137319 -5.08953e-18)
(0.288773 -0.136519 0)
(0.274495 -0.14054 2.5522e-17)
(0.198465 -0.0923671 0)
(0.305772 -0.141464 5.09099e-18)
(0.313352 0.000822388 0)
(0.317776 -0.112531 1.52765e-17)
(0.340894 -0.0940954 0)
(0.276697 -0.126314 2.04267e-17)
(0.321192 -0.0057961 5.08802e-18)
(0.301869 -0.00286779 3.57632e-17)
(0.298116 -0.135856 -2.54736e-17)
(0.310737 -0.160139 0)
(0.321621 0.0080094 0)
(0.265753 -0.0119578 2.00895e-17)
(0.240376 -0.092088 3.16821e-17)
(0.212831 -0.0786132 0)
(0.221898 -0.102603 0)
(0.325292 -0.0305784 3.55541e-17)
(0.318136 -0.0658176 2.0411e-17)
(0.287179 -0.00456452 -5.20059e-18)
(0.346784 0.0747503 0)
(0.297235 0.00530827 2.0444e-17)
(0.297997 -0.0428508 1.02394e-17)
(0.332622 0.00857572 -5.08869e-18)
(0.289544 0.0826064 0)
(0.326178 0.0032886 5.06724e-18)
(0.268279 0.00604688 -9.20078e-18)
(0.316886 -0.00577346 0)
(0.315989 0.00371386 0)
(0.302643 -0.0228825 -1.02228e-17)
(0.311412 -0.152629 5.08336e-18)
(0.306488 -0.00994327 -1.02117e-17)
(0.345331 -0.107941 5.08324e-18)
(0.207914 -0.0782952 1.02388e-17)
(0.163882 0.269673 9.49416e-18)
(0.3145 0.00125756 0)
(0.315147 -0.00296609 1.01955e-17)
(0.307681 -0.000273953 2.16988e-23)
(0.299208 -0.00391586 5.11382e-18)
(0.327846 0.205575 0)
(0.312573 -0.00616255 5.10387e-17)
(0.244914 -0.106457 2.56276e-17)
(0.316234 -0.00146711 -5.0987e-18)
(0.274797 -0.00338612 -1.52492e-17)
(0.318503 0.00261317 0)
(0.224853 -0.0968861 -2.66607e-17)
(0.225332 -0.0863916 3.62175e-17)
(0.3051 -0.147843 -5.08919e-18)
(0.246393 -0.101968 5.12511e-18)
(0.192982 -0.118898 2.19069e-17)
(0.303803 -0.0118329 -3.06726e-17)
(0.335251 0.108879 0)
(0.3447 0.189078 -2.52669e-17)
(0.292226 0.00525912 0)
(0.315578 -0.125573 -2.03614e-17)
(0.317944 0.00201191 4.58839e-17)
(0.30163 -0.010128 1.0517e-21)
(0.348699 -0.123921 2.03036e-17)
(0.311284 -0.0588899 2.55416e-17)
(0.346148 -0.112424 0)
(0.31134 -0.13108 -5.09048e-18)
(0.314607 -0.119223 1.52696e-17)
(0.260621 0.26557 0)
(0.287585 0.0330714 5.3824e-18)
(0.354652 0.0600003 2.02816e-17)
(0.295587 -0.157182 -1.5272e-17)
(0.281526 -0.140468 0)
(0.315441 -0.0258992 0)
(0.313034 0.00546109 0)
(0.0933638 0.414184 0)
(0.297236 -0.150462 2.03651e-17)
(0.105324 0.202649 2.59838e-17)
(0.350235 -0.143495 -2.03792e-17)
(0.327275 0.00103529 -5.09145e-18)
(0.319714 0.0676277 -2.03549e-17)
(0.297704 -0.118198 1.52988e-17)
(0.292685 0.0246662 0)
(0.321067 -0.126394 5.06785e-18)
(0.298962 0.15833 4.57813e-17)
(0.342813 0.0432874 0)
(0.312501 -0.0162635 -2.55211e-17)
(0.300058 0.183792 -5.08242e-18)
(0.340314 0.0825063 -1.52276e-17)
(0.334397 0.0685571 0)
(0.296081 -0.0337512 4.07442e-22)
(0.321158 0.015034 -4.07936e-17)
(0.291412 -0.0138575 -5.20987e-18)
(0.344899 -0.125989 0)
(0.261894 0.201554 0)
(0.19559 -0.101194 -1.70073e-17)
(0.349083 -0.154284 -3.8396e-21)
(0.314755 0.00398072 -2.03922e-17)
(0.309146 -0.0189802 -1.53319e-17)
(0.346449 0.0290592 -2.03031e-17)
(0.215274 -0.11925 0)
(0.275552 0.0156395 2.39604e-17)
(0.298838 -0.0234664 1.03362e-17)
(0.353728 0.0517159 -1.14673e-21)
(0.287769 0.0144919 -5.20994e-18)
(0.261441 0.0810897 0)
(0.28651 -0.152218 -3.54371e-17)
(0.328756 -0.117623 -4.09452e-17)
(0.289595 0.094037 0)
(0.318053 0.0946272 2.03468e-17)
(0.35044 0.0389639 2.03319e-17)
(0.265998 -0.170132 0)
(0.319403 0.187085 -2.02817e-17)
(0.346778 -0.12959 -2.02546e-17)
(0.343207 -0.120132 2.0889e-17)
(0.348567 0.14722 1.5156e-17)
(0.299139 0.0995004 0)
(0.203411 0.117406 -2.01006e-17)
(0.345661 0.0664166 -2.03319e-17)
(0.296955 -0.014325 5.21117e-18)
(0.349994 -0.131403 0)
(0.360163 0.108763 0)
(0.302984 -0.0131042 -1.52929e-17)
(0.341224 -0.140613 2.02649e-17)
(0.325449 0.0832139 -5.08832e-18)
(0.306963 0.0915875 0)
(0.218944 0.0749437 0)
(0.316196 -0.105891 -3.56443e-17)
(0.315838 -0.0583846 -5.10307e-18)
(0.192437 -0.127216 5.5171e-18)
(0.331662 0.0100951 2.54682e-17)
(0.310733 -0.0399713 1.53423e-17)
(0.30918 -0.0508724 -3.57586e-17)
(0.36378 0.0842901 -2.53527e-17)
(0.368394 0.11112 -2.02475e-17)
(0.360612 0.146326 2.52837e-17)
(0.363536 0.0795765 4.55531e-17)
(0.31728 -0.0477996 1.53226e-17)
(0.314956 -0.0385956 -1.53203e-17)
(0.28936 0.146149 -5.18458e-18)
(0.28721 -0.142245 0)
(0.339473 0.0243383 -4.06613e-17)
(0.316421 -0.0747585 -2.03959e-17)
(0.297677 0.0762953 -2.04112e-17)
(0.326048 -0.139141 2.02735e-17)
(0.323358 0.00733227 -2.03723e-17)
(0.305611 0.0670021 0)
(0.330397 0.261882 0)
(0.098697 -0.416405 0)
(0.318684 -0.0980445 2.03835e-17)
(0.228609 0.236504 0)
(0.290916 0.167542 -1.52604e-17)
(0.309783 0.0684407 0)
(0.274522 0.163289 0)
(0.281143 0.235533 0)
(0.317422 0.239648 -5.06477e-18)
(0.304957 0.078178 0)
(0.276244 -0.181878 2.03726e-17)
(0.318714 -0.0820609 -5.09818e-18)
(0.348926 0.218546 0)
(0.231198 0.188738 -2.58683e-17)
(0.335679 -0.169157 -2.03392e-17)
(0.289116 0.191321 0)
(0.316686 -0.0908502 5.096e-18)
(0.192328 -0.215511 0)
(0.304003 -0.233277 1.53575e-17)
(0.294679 0.210033 0)
(0.24241 0.0900046 0)
(0.336623 -0.184108 -2.03836e-17)
(0.335636 0.242361 0)
(0.363811 0.174677 -2.0184e-17)
(0.315151 0.218409 5.06444e-18)
(0.314097 -0.152826 0)
(0.30481 -0.0512327 1.53455e-17)
(0.346973 0.204046 5.05349e-18)
(0.235163 0.0608834 0)
(0.230475 0.171648 -1.3881e-17)
(0.304664 -0.0840587 -2.55389e-17)
(0.344042 -0.155057 3.77131e-21)
(0.290327 0.288036 -2.02316e-17)
(0.23055 0.141387 2.0386e-17)
(0.357854 0.207628 -2.01941e-17)
(0.300497 0.0353389 0)
(0.240422 0.183003 -1.52433e-17)
(0.313957 0.279235 0)
(0.295886 -0.0765052 -2.04745e-17)
(0.366957 0.167055 0)
(0.323468 0.0551433 5.09513e-18)
(0.276685 0.333217 5.05595e-18)
(0.362959 0.131502 0)
(0.329353 0.194582 5.05374e-18)
(0.273619 0.143487 1.78361e-17)
(0.34824 0.22106 1.51443e-17)
(0.108384 0.338514 0)
(0.305193 0.0257067 -1.53224e-17)
(0.321338 -0.169971 0)
(0.265909 0.167477 0)
(0.266087 0.149308 -1.83642e-17)
(0.338458 0.250966 0)
(0.30784 -0.185142 0)
(0.290818 0.0436976 -5.33233e-18)
(0.184775 -0.182422 2.58515e-17)
(0.310606 0.29418 -2.0201e-17)
(0.334761 0.0344179 -2.0368e-17)
(0.165062 -0.316727 2.12461e-17)
(0.21001 0.152449 2.06971e-17)
(0.302606 0.24756 0)
(0.355074 0.181111 -5.05591e-18)
(0.259305 0.184333 0)
(0.163195 -0.163735 -1.06778e-17)
(0.325105 0.2654 6.87363e-21)
(0.320723 0.107307 0)
(0.283215 -0.0672877 -2.60347e-17)
(0.271276 0.182033 0)
(0.270034 0.120014 -5.08374e-18)
(0.197003 0.209132 1.61662e-17)
(0.326615 -0.199611 2.0366e-17)
(0.293992 0.311292 2.02097e-17)
(0.315305 0.0428698 1.5285e-17)
(0.241925 0.17087 -8.55907e-18)
(0.323339 0.0251273 4.07342e-17)
(0.320984 0.237661 2.02209e-17)
(0.260947 0.173748 -5.08107e-18)
(0.27182 0.216539 0)
(0.238284 0.319968 0)
(0.0988094 0.180917 2.07975e-17)
(0.334959 0.0493517 1.52472e-17)
(0.292998 -0.0689729 2.60258e-17)
(0.177275 -0.168975 -5.12866e-18)
(0.368142 0.136127 0)
(0.161484 -0.181456 0)
(0.311682 -0.0752601 0)
(0.24455 -0.192529 -2.03833e-17)
(0.190484 0.36748 0)
(0.100855 0.16779 -2.11803e-17)
(0.270539 -0.165839 3.58706e-17)
(0.28581 0.00358759 4.07322e-17)
(0.315219 0.157939 -2.03211e-17)
(0.302254 -0.0768215 0)
(0.320056 0.142813 -2.03191e-17)
(0.31635 0.0318959 0)
(0.291623 0.208249 0)
(0.249445 0.29972 0)
(0.16781 0.237589 1.55154e-17)
(0.123974 0.331135 0)
(0.117061 -0.412549 0)
(0.303944 0.0351544 0)
(0.164566 0.203712 0)
(0.209188 -0.324591 -5.13927e-18)
(0.117983 0.371234 0)
(0.309617 -0.0838335 2.55055e-17)
(0.270513 0.332531 -5.07038e-18)
(0.130979 0.303384 0)
(0.319681 0.110775 -2.03507e-17)
(0.308996 0.0235854 -5.10183e-18)
(0.152657 -0.188619 5.33447e-18)
(0.301034 0.248955 0)
(0.172179 0.192384 -1.9972e-17)
(0.234901 0.356211 -2.03158e-17)
(0.297182 0.0443753 5.20548e-18)
(0.174906 0.222412 -1.54627e-17)
(0.299075 0.112078 2.59776e-17)
(0.174907 -0.18983 -2.06104e-17)
(0.250209 0.33767 0)
(0.312977 -0.201564 0)
(0.270455 -0.198217 0)
(0.111126 0.166055 0)
(0.145672 0.240915 -1.54809e-17)
(0.170372 0.3968 -5.06857e-18)
(0.21488 0.356212 2.03081e-17)
(0.217429 -0.141004 1.22042e-17)
(0.309246 0.118576 -5.13463e-18)
(0.159104 -0.171885 2.15169e-17)
(0.291167 0.066869 0)
(0.123282 0.208767 -1.64404e-17)
(0.349805 0.145168 5.0653e-18)
(0.309352 -0.0679825 0)
(0.303538 0.300283 -2.02443e-17)
(0.346273 0.167359 5.06275e-18)
(0.120003 0.326773 -2.57171e-17)
(0.177961 -0.204608 0)
(0.199824 0.372141 -4.06623e-17)
(0.092343 0.182993 0)
(0.147742 0.354014 0)
(0.0768192 -0.259076 5.35078e-18)
(0.127899 0.346535 0)
(0.123883 0.241053 -1.55159e-17)
(0.152962 0.228419 -5.16242e-18)
(0.152441 -0.19898 -2.59149e-17)
(0.308352 0.0459014 5.10308e-18)
(0.305955 0.055911 0)
(0.222982 -0.297755 -4.10089e-17)
(0.176775 0.218249 4.96952e-18)
(0.335001 0.135622 1.52331e-17)
(0.300071 -0.217204 -1.52736e-17)
(0.269894 0.298258 -2.0341e-17)
(0.270677 0.0372704 0)
(0.304713 -0.0683698 2.04501e-17)
(0.284386 0.311741 4.55662e-17)
(0.280073 0.0426034 -2.65686e-17)
(0.327951 0.172273 2.02834e-17)
(0.11972 -0.30374 -2.0822e-17)
(0.102108 0.205553 -1.85757e-17)
(0.131463 0.229768 -5.17471e-18)
(0.335007 0.116158 -2.03015e-17)
(0.306412 0.0282996 0)
(0.120367 0.424024 0)
(0.330507 -0.198553 -5.11095e-18)
(0.063556 -0.430201 0)
(0.285965 0.11496 2.54241e-17)
(0.296852 -0.0606101 0)
(0.317207 0.15452 0)
(0.166253 0.410436 2.5274e-17)
(0.13425 0.339487 0)
(0.302507 -0.0606385 -2.04514e-17)
(0.181316 0.368981 -5.41347e-21)
(0.299462 0.158084 -2.02623e-17)
(0.231183 -0.205616 2.04692e-17)
(0.144868 -0.408373 5.2037e-18)
(0.0941042 0.397329 1.82259e-17)
(0.294516 -0.0521542 -2.53938e-17)
(0.286767 -0.183556 0)
(0.0795944 -0.357878 0)
(0.237632 -0.331783 7.93382e-21)
(0.306863 0.132611 0)
(0.161222 -0.360561 -5.18742e-18)
(0.295477 0.0643975 2.0334e-17)
(0.0870755 0.165652 -1.55868e-17)
(0.11098 0.199055 1.83701e-17)
(0.0429172 -0.307906 -2.11153e-17)
(0.0934634 0.223331 0)
(0.300525 0.0556187 0)
(0.293818 0.136348 -5.18667e-18)
(0.105053 0.238171 0)
(0.13286 0.405799 -2.03746e-17)
(0.1181 -0.391953 -5.23353e-18)
(0.281473 -0.216175 1.52869e-17)
(0.142563 -0.267695 5.18512e-18)
(0.110611 0.229411 0)
(0.251807 0.0333308 -2.60012e-17)
(0.167961 0.382383 0)
(0.268353 0.0202473 5.10857e-18)
(0.119055 0.327961 2.05148e-17)
(0.125935 -0.231385 0)
(0.221341 0.380515 0)
(0.110934 0.18606 9.56444e-18)
(0.279526 0.0328022 -2.03703e-17)
(0.165249 -0.21051 2.59161e-17)
(0.152485 0.374399 0)
(0.267865 -0.231599 -2.04229e-17)
(0.142189 0.383516 2.03511e-17)
(0.203423 0.385105 2.02572e-17)
(0.0942882 0.15806 4.73314e-18)
(0.084077 0.168523 -4.78869e-18)
(0.0959094 0.221182 -2.19322e-17)
(0.166266 -0.226222 1.56203e-17)
(0.0876745 0.157709 -4.68358e-18)
(0.131262 0.369162 -2.03944e-17)
(0.089506 0.203318 -2.13735e-17)
(0.141402 -0.173517 -2.24938e-17)
(0.119128 0.351696 2.56234e-17)
(0.140449 -0.378169 2.08228e-17)
(0.0906332 -0.26907 -2.13511e-17)
(0.149549 -0.32666 5.19013e-18)
(0.0850476 0.184278 2.00304e-17)
(0.0921347 0.20212 -2.07438e-17)
(0.0647724 -0.279914 -1.63984e-17)
(0.186462 0.398105 0)
(0.112385 0.162378 0)
(0.125288 0.372924 -2.04169e-17)
(0.139828 -0.249892 -5.19961e-18)
(0.148106 -0.308386 -5.18723e-18)
(0.153541 -0.247041 2.08531e-17)
(0.116797 0.249967 -2.07604e-17)
(0.310729 -0.243686 0)
(0.0990357 0.374758 1.03045e-17)
(0.10378 0.226157 -2.07556e-17)
(0.163569 -0.305873 -5.31562e-21)
(0.114516 -0.357783 0)
(0.0983425 0.228029 2.0727e-17)
(0.0752356 -0.219173 -1.20593e-18)
(0.120022 0.353111 -5.12534e-18)
(0.152542 -0.230556 0)
(0.344949 -0.165326 5.10205e-18)
(0.080524 -0.352885 2.21721e-17)
(0.245903 -0.22805 -2.05707e-17)
(0.163156 -0.344261 5.17981e-18)
(0.0742977 -0.313592 0)
(0.0550616 -0.327425 -5.28586e-18)
(0.0799043 0.412497 0)
(0.112933 0.413539 0)
(0.0886634 -0.251772 0)
(0.148736 0.18615 2.82977e-17)
(0.113022 -0.245219 0)
(0.332638 -0.208917 0)
(0.287171 0.115763 -1.7824e-17)
(0.0995826 0.25009 -2.91896e-21)
(0.160158 -0.286929 0)
(0.0985506 -0.352105 -2.08492e-17)
(0.119586 -0.421079 0)
(0.110173 0.253822 -2.07315e-17)
(0.100795 0.408141 -2.05418e-17)
(0.123779 -0.378428 5.21234e-18)
(0.207953 -0.3404 5.14088e-18)
(0.0947401 -0.366942 0)
(0.100241 -0.241827 -5.40182e-18)
(0.14441 -0.363193 0)
(0.232954 -0.244042 0)
(0.0688288 0.394063 -9.54707e-18)
(0.128967 -0.268629 -5.208e-18)
(0.118498 0.304221 1.54647e-17)
(0.10153 0.417982 -2.03819e-17)
(0.112074 0.269373 -2.15318e-17)
(0.133843 0.221373 8.04786e-19)
(0.00848131 -0.444591 0)
(0.283323 0.125796 4.3987e-18)
(0.116751 -0.341575 0)
(0.18502 -0.145804 1.424e-17)
(0.256829 0.0393946 4.30952e-17)
(0.117731 -0.285345 2.08549e-17)
(0.110352 0.176534 -2.21812e-17)
(0.148671 0.279642 2.57149e-17)
(0.12105 0.2762 5.17824e-18)
(0.143116 0.189321 0)
(0.13241 -0.287243 2.61202e-17)
(0.10199 -0.258366 -1.61533e-17)
(0.126036 0.278134 -2.59876e-17)
(0.127503 0.270019 -5.18403e-18)
(0.0256714 -0.240745 0)
(0.117596 0.330573 4.1087e-17)
(0.208855 -0.237885 2.05642e-17)
(0.297135 -0.26864 2.03894e-17)
(0.156085 0.406879 5.07778e-18)
(0.0746222 0.403847 0)
(0.224698 -0.337449 2.05728e-17)
(0.100321 0.250168 0)
(0.132602 0.241947 -5.2053e-18)
(0.152557 0.200496 0)
(0.197705 -0.255114 0)
(0.140299 0.233608 -1.56741e-17)
(0.0914987 0.422378 -2.55773e-17)
(0.133223 0.277329 7.15854e-19)
(0.00755407 -0.419738 2.05453e-17)
(0.133265 0.41908 -2.0279e-17)
(0.164427 -0.267082 -2.13145e-17)
(0.110202 0.280934 1.815e-21)
(0.114957 0.306711 5.15995e-18)
(0.130122 0.416809 2.0348e-17)
(0.113466 0.302999 1.85451e-21)
(0.139848 0.220948 -2.15199e-17)
(0.199058 0.263069 -2.05828e-17)
(0.115251 0.313385 0)
(0.104549 -0.210882 0)
(0.0984603 0.422796 5.10509e-18)
(0.2174 0.189445 5.2578e-18)
(0.15445 0.200753 -5.2814e-18)
(0.11448 0.424067 0)
(0.0722922 0.403351 0)
(0.146284 0.209087 5.25786e-18)
(0.229494 0.222224 -2.04677e-17)
(0.172982 -0.246838 0)
(0.161425 0.186113 0)
(0.113016 -0.230341 0)
(0.120182 0.223217 2.60557e-17)
(0.223488 -0.171414 -2.03666e-17)
(0.108568 0.270821 1.55862e-17)
(0.17927 -0.322037 -1.55023e-17)
(0.213743 0.206215 1.50549e-17)
(0.0385144 -0.254417 -2.22089e-17)
(0.179666 -0.339527 -5.16551e-18)
(0.134681 0.304242 2.0512e-21)
(0.0866648 0.400842 -1.81007e-17)
(0.156965 0.1875 0)
(0.200276 -0.192236 -1.55626e-17)
(0.191609 -0.349287 5.14616e-18)
(0.231734 -0.209805 5.11856e-18)
(0.0842398 0.316391 -2.14858e-17)
(0.148763 0.1918 5.27791e-18)
(0.0843295 0.307806 5.67499e-18)
(0.157479 0.342452 -3.7116e-21)
(0.330955 -0.0791949 0)
(0.329908 -0.0615813 1.52091e-17)
(0.100871 0.252409 0)
(0.107537 0.280484 -2.06567e-17)
(0.0101654 -0.323309 0)
(0.224566 -0.314545 0)
(0.036813 -0.268965 2.23751e-17)
(0.155662 0.191657 0)
(0.132955 0.389383 -2.03594e-17)
(0.174494 -0.282169 -2.06998e-17)
(0.133357 0.195344 0)
(0.338317 -0.0671936 -2.53607e-17)
(0.110981 0.403487 -5.11712e-18)
(0.217719 0.319298 1.53208e-17)
(0.339298 -0.0861634 -1.52144e-17)
(0.176326 -0.296157 2.10076e-17)
(0.120209 0.419546 2.03823e-17)
(0.12889 0.217286 -5.22703e-18)
(0.180884 0.259475 -1.66829e-21)
(0.125187 0.39173 0)
(0.241246 0.259758 5.11671e-18)
(0.0775418 0.369521 -2.22619e-21)
(0.330738 -0.112983 -5.0924e-18)
(0.331132 -0.0967117 2.03035e-17)
(0.112927 0.263157 5.1981e-18)
(0.105842 0.424503 0)
(0.206707 -0.289061 -5.67402e-21)
(0.139409 0.421085 1.52141e-17)
(0.116098 0.296918 -2.05793e-17)
(0.174489 0.351169 -5.1187e-18)
(0.0312595 -0.21408 2.54219e-17)
(0.10484 0.41345 0)
(0.00889522 -0.250872 0)
(0.00426558 -0.32322 0)
(0.340279 -0.103533 5.08033e-18)
(0.342022 -0.11921 0)
(0.0847554 0.413309 2.11917e-17)
(0.143299 0.399953 -2.03538e-17)
(0.331717 0.0242 2.11623e-17)
(0.328017 -0.143524 5.09013e-18)
(0.329882 -0.128371 0)
(0.335871 0.0355926 3.72647e-17)
(0.133133 0.266757 5.17064e-18)
(0.158718 0.305833 2.05081e-17)
(0.186105 0.334987 -1.53343e-17)
(0.116046 0.406464 -1.5338e-17)
(0.343949 -0.135702 0)
(0.145501 0.178076 0)
(0.192157 -0.297037 4.63946e-17)
(0.00687864 -0.160133 0)
(0.204907 0.301119 -2.05219e-17)
(0.347354 -0.167687 -5.10769e-18)
(0.127886 0.313894 0)
(0.149718 0.318546 4.11034e-17)
(0.0721345 -0.329014 0)
(0.153508 0.414037 2.53307e-17)
(0.123086 0.309669 0)
(0.119566 0.391933 0)
(0.204835 -0.322794 0)
(0.241216 -0.242034 0)
(0.143158 -0.114652 1.2004e-17)
(0.118828 0.396048 0)
(0.175907 0.315564 -2.56802e-17)
(0.326613 -0.214005 0)
(0.194793 -0.232226 2.07652e-17)
(0.245934 -0.258828 2.05333e-17)
(0.15226 0.177211 2.0925e-17)
(0.209553 -0.281269 5.17347e-18)
(0.222213 -0.321759 0)
(0.0638434 0.370948 3.42916e-17)
(0.148443 0.183474 -2.63403e-17)
(0.0502969 -0.276881 0)
(0.224809 0.242336 0)
(0.214089 0.280703 -2.0536e-17)
(0.235092 -0.187092 0)
(0.205875 -0.0806322 2.58398e-17)
(0.160795 -0.195457 -3.93148e-17)
(0.170497 -0.263338 -2.0758e-17)
(0.284184 -0.284028 -1.53214e-17)
(0.0725253 0.240867 1.12659e-17)
(0.291106 -0.249375 -1.54119e-17)
(0.197423 -0.299914 0)
(0.00185644 -0.163441 0)
(0.204888 -0.208471 -5.16712e-18)
(0.339873 -0.176525 5.09254e-18)
(0.252002 -0.30174 -5.13482e-18)
(0.211749 -0.243388 0)
(0.327348 -0.22012 0)
(0.236337 -0.304222 2.57287e-17)
(0.230053 -0.2839 -2.5786e-17)
(0.251964 -0.231749 -5.11389e-18)
(0.328803 -0.0715067 5.07841e-18)
(0.205632 0.337979 2.55572e-17)
(0.172979 0.276526 0)
(0.234006 0.280607 1.53896e-17)
(0.0583254 -0.313523 5.27894e-18)
(0.340024 -0.0755734 2.03221e-17)
(0.0191105 -0.29065 0)
(0.186003 0.17433 1.03672e-17)
(0.171697 -0.150024 0)
(0.329099 -0.105561 -5.07628e-18)
(0.336907 -0.153436 5.08798e-18)
(0.00925351 -0.420028 4.69963e-17)
(0.185639 0.298092 5.13388e-18)
(0.202347 -0.270265 0)
(0.191019 0.225649 1.54804e-17)
(0.184819 0.193971 -5.00101e-18)
(0.342376 -0.110378 -5.07461e-18)
(0.197017 0.20704 5.15826e-18)
(0.162975 0.201236 0)
(0.191088 -0.20935 -3.97842e-17)
(0.243148 -0.26648 0)
(0.184191 -0.25702 0)
(0.338069 -0.188796 2.55003e-17)
(0.329358 0.0293054 0)
(0.32663 -0.135979 -5.07253e-18)
(0.206198 0.242733 0)
(0.151878 0.198568 0)
(0.301678 -0.258525 -2.04344e-17)
(0.131803 0.201009 -2.89173e-17)
(0.0168536 -0.210086 0)
(0.110188 0.373638 1.56905e-18)
(0.261917 -0.267169 0)
(0.19644 -0.0635799 2.03482e-17)
(0.318232 -0.235221 0)
(0.346692 -0.143916 0)
(0.0646875 -0.262875 -5.39821e-18)
(0.204889 -0.162216 2.06705e-17)
(0.0694066 0.384311 -3.98375e-17)
(0.332607 -0.172106 -2.54497e-17)
(0.343085 -0.181105 4.06407e-17)
(0.112953 0.255324 -2.14444e-17)
(0.0352069 -0.212761 2.11515e-17)
(0.266162 -0.284827 -5.12521e-18)
(0.325944 -0.211955 -2.03603e-17)
(0.315556 -0.229831 5.10479e-18)
(0.300014 -0.258543 0)
(0.292543 -0.264413 2.04556e-17)
(0.224303 -0.234578 5.15476e-18)
(0.181338 -0.239209 -4.15527e-17)
(0.233331 -0.269727 0)
(0.0528953 -0.22452 0)
(0.215863 -0.261406 0)
(0.202634 -0.0752887 -2.06131e-17)
(0.275387 -0.250565 -5.14018e-18)
(0.227945 -0.0778023 0)
(0.240593 -0.0706143 0)
(0.27735 -0.292749 -5.10522e-18)
(0.00606465 -0.208094 3.65015e-17)
(0.220484 -0.217846 -5.13972e-18)
(0.018107 -0.433094 -2.40539e-17)
(0.226234 -0.049832 -2.20552e-17)
(0.135238 -0.195178 1.99629e-17)
(0.135345 -0.0481922 1.09938e-17)
(0.20173 -0.195925 2.05152e-17)
(0.279093 -0.280659 5.09396e-18)
(0.259821 -0.0453294 0)
(0.143795 0.208318 0)
(0.123758 0.1668 6.08923e-18)
(0.189908 -0.140624 -2.14647e-17)
(0.344013 -0.154938 -5.08879e-18)
(0.313639 -0.242676 2.039e-17)
(0.339698 -0.194183 -2.54656e-17)
(0.141746 -0.204438 5.30763e-18)
(0.0353008 0.29858 0)
(0.104133 0.280669 2.08866e-17)
(0.12788 -0.217627 0)
(0.0627693 0.366785 1.65518e-17)
(0.192536 -0.044581 -2.19919e-17)
(0.123868 0.294678 -1.49969e-17)
(0.0464208 -0.254977 0)
(0.10145 0.3456 2.24292e-17)
(0.0821076 0.370507 4.31756e-17)
(0.217084 -0.146631 -2.31533e-17)
(0.280354 0.0780489 -1.87716e-17)
(0.18201 -0.16067 0)
(0.250996 0.158702 0)
(0.0924861 0.181553 0)
(0.0848174 0.173703 2.40984e-17)
(0.172684 -0.120092 -1.99449e-17)
(0.0930373 0.155224 0)
(0.128551 0.242 5.67541e-18)
(0.0945248 0.170666 6.05162e-18)
(0.166947 0.106108 -1.56817e-17)
(0.0392279 -0.292977 0)
(0.0731944 0.127302 0)
(0.246866 -0.0783777 0)
(0.255578 -0.130687 0)
(0.0564871 0.288139 0)
(0.264486 -0.0294599 -3.47011e-17)
(0.0628209 0.360849 0)
(0.264282 -0.0545305 0)
(0.177622 -0.10732 1.11494e-17)
(0.0337284 0.316741 0)
(0.286749 -0.0506357 -1.6192e-17)
(0.103772 0.274087 2.24869e-17)
(0.199991 -0.169546 -1.54906e-17)
(0.376291 -0.0714687 -1.58432e-17)
(0.272601 -0.0214349 1.03327e-17)
(0.289562 -0.032777 0)
(0.0330681 0.189845 0)
(0.0719345 0.393697 2.2942e-17)
(0.159635 0.21723 1.13249e-21)
(0.0103716 -0.401568 -3.61524e-17)
(0.287349 0.0619427 0)
(0.139489 0.220079 -2.41475e-17)
(0.00626817 -0.350855 1.24061e-17)
(0.350738 -0.116887 0)
(0.0946642 0.345946 -4.25948e-17)
(0.208598 0.0770616 1.05991e-17)
(0.211623 0.0560734 2.20956e-17)
(0.13323 -0.0592535 2.18014e-17)
(0.190259 0.107073 2.03694e-17)
(0.193346 0.117165 0)
(0.220004 0.0375667 1.8208e-17)
(0.121015 -0.0453307 1.78315e-17)
(0.202162 0.0860979 -5.43664e-18)
(0.191905 0.100544 0)
(0.193101 0.130902 0)
(0.19581 0.0932381 4.37772e-17)
(0.148744 -0.0932231 -2.20072e-17)
(0.222468 0.0484062 -2.90466e-17)
(0.104009 -0.037954 0)
(0.133773 0.0427529 -2.10639e-17)
(0.13461 0.0356464 0)
(0.0949725 -0.0496268 4.1672e-17)
(0.120112 0.0626085 -2.17509e-17)
(0.127781 0.0779807 0)
(0.149531 0.025294 3.51046e-17)
(0.10058 -0.0622896 2.04814e-17)
(0.0789943 -0.0315643 0)
(0.125676 0.0541052 -1.63142e-17)
(0.225625 0.0675637 -1.57742e-19)
(0.204833 0.00256945 2.25027e-18)
(0.378791 -0.0694378 -3.21088e-17)
(0.101421 -0.301413 2.12849e-17)
(0.0716809 0.144808 3.52296e-17)
(0.0694909 0.135065 -2.34501e-17)
(0.130088 0.00268997 2.16038e-17)
(0.140862 -0.215934 -5.40552e-18)
(0.070658 -0.326471 -2.10533e-17)
(0.140797 -0.258929 4.4048e-17)
(0.0153753 -0.277219 -2.41049e-17)
(0.0188253 -0.401261 -2.43603e-17)
(0.341937 -0.105816 1.10758e-17)
(0.13666 0.202039 -6.66968e-18)
(0.142915 -0.115607 2.3891e-17)
(0.146707 -0.10544 2.94524e-18)
(0.0893306 0.309459 0)
(0.0263231 -0.341329 -2.24598e-17)
(0.0641064 -0.208402 -9.02786e-18)
(0.179926 -0.0380642 1.9745e-17)
(0.149069 -0.170328 -2.85083e-17)
(0.044094 0.0857341 2.59416e-17)
(0.150854 -0.140912 2.06263e-17)
(0.0523739 -0.208812 2.16075e-17)
(0.109152 0.277088 0)
(0.0197671 -0.35357 2.87404e-18)
(0.0639829 -0.417782 2.25334e-17)
(0.185311 -0.0808545 4.58297e-17)
(0.238845 0.158179 9.13765e-18)
(0.110238 -0.203837 0)
(0.123171 0.243823 -2.37423e-17)
(0.0961465 -0.0765481 -2.88682e-18)
(0.173748 -0.128764 0)
(0.0384974 -0.402004 -6.79385e-17)
(0.00376423 -0.444404 0)
(0.361159 -0.109553 0)
(0.00794797 -0.0890436 2.41616e-17)
(0.277812 0.108382 -1.11183e-17)
(0.0591569 0.366696 -2.51558e-17)
(0.0895735 0.175053 1.82112e-17)
(0.00520205 -0.0434957 -2.06682e-17)
(0.115667 0.259352 0)
(0.0945425 -0.207679 0)
(0.132473 0.235533 0)
(0.0778967 -0.210048 1.41427e-18)
(0.151118 -0.119237 -4.41325e-17)
(0.210617 0.0670477 1.09961e-17)
(0.145331 -0.0777247 -2.14134e-17)
(0.060886 0.376978 2.55498e-17)
(0.0981967 0.155006 -7.08106e-19)
(0.0393704 -0.442571 -4.00769e-17)
(0.15356 -0.0927801 2.2906e-17)
(0.106449 0.272974 0)
(0.238591 -0.15954 0)
(0.11008 -0.275089 -1.59537e-17)
(0.0460434 -0.419025 4.50342e-17)
(0.25289 0.143627 0)
(0.103618 0.166712 1.36769e-17)
(0.0419624 -0.206584 -1.17789e-17)
(0.219054 0.163629 2.59672e-17)
(0.326053 -0.131693 0)
(0.0909418 -0.0311687 -2.75461e-17)
(0.0352309 -0.172867 1.16416e-17)
(0.00664948 -0.060057 1.15247e-17)
(0.0592606 -0.445793 2.38277e-17)
(0.0935282 0.22743 -2.20398e-17)
(0.12282 0.185163 0)
(0.0756768 -0.162944 0)
(0.0615674 -0.157758 0)
(0.0895946 0.150912 1.46552e-17)
(0.0031297 -0.380126 2.71501e-17)
(0.176375 -0.0944412 -2.18016e-21)
(0.136816 -0.121234 1.79025e-17)
(0.137644 -0.132114 -2.07974e-17)
(0.0385344 -0.143612 -2.1435e-17)
(0.0506302 -0.155115 0)
(0.355933 0.0435946 0)
(0.279685 -0.0586817 0)
(0.210658 -0.0515629 -1.28015e-17)
(0.124253 -0.153786 2.21129e-17)
(0.150244 0.211215 4.92499e-17)
(0.120028 0.241435 0)
(0.184083 -0.0675767 -2.11976e-17)
(0.038166 -0.163644 -1.10095e-17)
(0.032207 -0.199257 -2.43597e-17)
(0.026228 -0.165704 -1.12526e-17)
(0.285899 -0.0232841 0)
(0.142178 0.237555 -1.29754e-17)
(0.0722306 0.328442 1.67097e-17)
(0.049667 -0.325723 -2.19109e-17)
(0.15163 0.183424 3.31909e-17)
(0.271132 0.0222891 -2.36168e-17)
(0.181263 0.137222 -3.1078e-17)
(0.284843 0.0503419 0)
(0.0065374 -0.0263252 1.26476e-17)
(0.00342034 -0.292759 -1.30203e-17)
(0.0421173 0.235788 -1.18607e-17)
(0.0962356 0.196632 2.36072e-17)
(0.198666 0.0245999 -2.92322e-17)
(0.265033 0.132983 0)
(0.0850372 0.1859 -1.24608e-17)
(0.0768472 0.374521 0)
(0.0869226 0.195729 -2.39108e-17)
(0.202583 0.152362 -1.35841e-17)
(0.000504017 -0.211073 -1.41003e-17)
(0.185764 0.141502 0)
(0.07539 0.393252 3.06151e-18)
(0.00464331 -0.0614893 0)
(0.0378582 0.278659 0)
(0.0225088 -0.190217 -1.43554e-17)
(0.320079 0.082231 0)
(-0.00500798 -0.0252402 -1.32492e-17)
(0.0710385 0.131245 0)
(0.0753795 0.214783 2.30631e-17)
(0.0349833 -0.434948 -2.42054e-17)
(0.203058 -0.0206173 -2.49272e-17)
(0.216017 -0.0109988 -2.56146e-17)
(-0.00114693 -0.0598388 0)
(0.0849699 -0.167159 0)
(0.0982493 -0.0351096 -3.32038e-17)
(0.0676084 0.370383 -2.69815e-17)
(0.0952517 -0.164106 -1.36751e-17)
(0.141433 0.170843 1.2706e-17)
(0.0689739 -0.378219 1.43677e-18)
(0.152826 0.230168 2.38191e-17)
(0.155164 0.171568 1.20298e-17)
(0.0680243 0.395449 3.1154e-17)
(0.0111257 -0.0724555 1.17415e-17)
(0.0455577 0.366762 -4.93201e-17)
(0.133406 -0.282515 -2.81535e-17)
(0.25134 0.0581928 0)
(0.0811832 0.349944 1.49346e-17)
(-0.00200196 -0.0364628 -1.35483e-17)
(0.270887 0.124873 5.37869e-18)
(0.0735587 0.183372 0)
(0.0555709 0.0958403 1.2451e-17)
(0.0723028 0.161106 -2.53798e-17)
(0.110546 0.161366 0)
(0.189793 0.163487 1.16157e-21)
(0.124706 0.147376 0)
(0.0999235 0.140313 -1.59212e-18)
(0.145659 0.154285 -2.50126e-17)
(0.115509 0.148053 6.44783e-18)
(0.161557 -0.0119771 4.1306e-17)
(0.18015 -0.00683936 -1.29025e-17)
(0.0660678 0.389698 -3.22324e-17)
(0.126645 -0.132552 -5.42278e-17)
(0.0791924 0.153164 3.9905e-17)
(0.153735 -0.123867 2.66885e-17)
(0.153186 -0.0189934 -1.35463e-17)
(0.134304 -0.0240324 2.93555e-17)
(0.0137521 0.205394 0)
(0.148167 0.214412 8.55474e-22)
(0.0541931 -0.0209535 2.29919e-17)
(0.176141 0.151916 -2.19207e-17)
(0.33358 -0.113598 2.02584e-17)
(0.026627 -0.442326 -3.03722e-17)
(0.0102637 -0.100039 -1.05868e-17)
(0.195783 0.0122697 -3.52698e-17)
(0.161865 -0.126886 -1.28926e-17)
(0.191981 -0.0308161 6.06808e-18)
(0.0633808 -0.223696 -1.08438e-17)
(0.136159 0.180703 0)
(0.00924821 -0.379806 0)
(0.141177 -0.15858 3.37506e-17)
(0.0881491 -0.0832555 6.07906e-18)
(0.0422295 -0.10115 0)
(0.00516869 -0.452613 0)
(0.154638 0.208223 0)
(0.163757 -0.104316 1.41815e-17)
(0.154623 0.129862 1.41834e-17)
(0.348462 0.036681 -7.52336e-18)
(0.0803017 -0.0978358 1.20613e-17)
(0.155228 0.211566 0)
(0.0263421 -0.0955787 -2.1555e-17)
(0.116575 0.250357 -7.88811e-18)
(0.125631 0.294872 0)
(0.0656585 0.343109 2.44121e-17)
(0.17942 -0.0500872 -4.39782e-17)
(0.0246224 -0.305416 2.66272e-17)
(0.0425806 0.353895 0)
(0.200615 0.162328 2.6957e-17)
(0.249809 0.0908516 -2.51141e-17)
(0.12184 -0.190342 8.82274e-18)
(0.130355 0.253767 -6.14672e-18)
(0.140675 0.184058 -2.90411e-17)
(0.209037 0.167932 -3.39585e-17)
(0.161082 -0.0601947 -2.68715e-17)
(0.0134606 -0.431385 1.35681e-17)
(0.0183085 -0.158731 -2.76309e-17)
(0.171848 0.122759 3.92433e-17)
(0.11787 0.00856615 2.8086e-17)
(0.280805 0.0969233 5.47948e-18)
(0.0832181 0.155443 0)
(0.0893347 -0.21821 0)
(0.0280828 -0.154813 2.42972e-17)
(0.376112 -0.0792096 0)
(0.094385 0.295289 -6.95994e-18)
(0.121922 0.0956114 1.08338e-17)
(0.0122658 -0.167853 2.99911e-17)
(0.0436144 0.13985 1.27937e-17)
(0.0696895 -0.429147 -2.22694e-17)
(0.237524 0.112599 -2.53656e-17)
(0.185787 -0.072447 -5.24047e-17)
(0.146281 0.216551 -2.22413e-17)
(0.0865646 0.250988 2.30886e-17)
(0.0424694 -0.221456 1.18219e-17)
(0.056652 0.381963 4.41384e-17)
(0.195479 -0.0600849 -2.55832e-17)
(0.147559 -0.0601045 -1.32799e-17)
(0.105569 0.158728 -1.26304e-17)
(0.000351094 -0.071688 3.33827e-17)
(0.229251 -0.172095 2.59059e-17)
(0.0817618 0.156925 -1.21381e-17)
(0.156244 -0.100319 3.63842e-18)
(0.245832 0.147087 0)
(0.081665 0.315681 3.23339e-18)
(0.0711602 0.12907 1.45633e-17)
(0.00878698 0.219226 0)
(0.0543913 -0.103264 -1.38621e-17)
(0.294719 0.0650602 1.27876e-17)
(0.144891 0.221141 -2.60641e-17)
(0.12719 -0.196647 -2.94044e-17)
(0.358293 -0.0917892 3.94053e-19)
(0.218565 -0.0265042 1.99119e-17)
(0.0256108 -0.127535 -1.22156e-17)
(0.000871765 -0.250802 1.50071e-17)
(0.138389 0.269907 3.20857e-17)
(0.280364 0.0660913 -6.95697e-18)
(0.0491574 0.0776224 0)
(0.120732 -0.136855 -4.55627e-17)
(0.347225 0.065515 -5.31661e-17)
(0.341794 0.0339219 -1.83475e-17)
(0.0452278 -0.451583 -1.20426e-17)
(0.238926 -0.0396487 4.29822e-17)
(0.0179656 0.317833 -1.45679e-17)
(0.193228 -0.069626 -1.62979e-17)
(0.234132 -0.0308475 -3.96544e-17)
(0.0135048 -0.127491 0)
(0.0834073 0.305637 6.95576e-18)
(0.0551296 0.367792 -2.3811e-17)
(0.0691097 0.312466 -1.45695e-17)
(0.232094 0.138702 2.78433e-17)
(0.137832 0.262583 1.01078e-17)
(0.093822 0.139832 1.36512e-17)
(0.0154618 -0.447766 0)
(0.030891 -0.422538 1.1333e-17)
(0.0760466 0.375253 0)
(0.253192 0.0648426 0)
(0.225412 0.128004 -1.18795e-17)
(0.0400538 -0.428659 -4.15774e-21)
(0.070807 0.381814 -1.65578e-17)
(0.12082 -0.203647 7.34775e-18)
(0.163597 -0.113791 0)
(0.155334 0.22052 2.48002e-17)
(0.0814799 0.388397 2.31803e-17)
(0.00317905 -0.0707961 1.41814e-17)
(0.075265 0.340237 3.64301e-17)
(0.0202434 -0.201216 1.51774e-17)
(0.0680194 0.0906209 -5.76784e-18)
(0.196862 -0.13903 -1.49575e-17)
(0.27777 0.0322874 -3.56069e-17)
(0.074634 -0.0831418 3.2177e-17)
(0.201725 0.0845401 -1.5303e-17)
(0.0143113 -0.201863 2.15497e-18)
(0.165768 0.189083 7.94211e-18)
(0.0416226 0.100603 0)
(0.129267 0.18882 3.00702e-17)
(-0.00207363 -0.128004 0)
(0.0904642 0.19938 1.36044e-17)
(0.078951 -0.0138247 -4.49515e-17)
(0.215138 -0.0619577 1.569e-17)
(0.0922691 -0.00639795 2.04998e-18)
(0.0852088 0.0936873 0)
(0.344409 0.0205815 2.69877e-17)
(0.155107 -0.114205 0)
(0.268592 0.0615661 0)
(0.147604 -0.12904 0)
(0.00343949 -0.125696 2.65043e-17)
(0.150713 -0.106116 -3.42195e-17)
(0.0437642 0.293985 7.99217e-18)
(-0.0026873 -0.153011 -3.62419e-17)
(0.16269 -0.136004 1.55241e-17)
(0.0660476 0.389169 -2.94035e-17)
(0.0109148 -0.142625 -2.99625e-17)
(0.0749528 0.150677 -1.73007e-17)
(0.152682 -0.136661 -2.98561e-17)
(0.152782 0.145477 0)
(0.0237528 -0.431682 -3.31438e-17)
(0.205303 0.0960522 1.50693e-21)
(0.142331 0.258044 5.15659e-22)
(0.0310293 -0.451053 0)
(0.178882 0.094306 -9.1441e-18)
(0.0324569 -0.45266 -4.34475e-17)
(0.076613 0.150454 0)
(0.132491 0.271351 2.06406e-17)
)
;

boundaryField
{
    back
    {
        type            empty;
    }
    front
    {
        type            empty;
    }
    top
    {
        type            codedFixedValue;
        value           nonuniform List<vector> 
15
(
(0 -0.445488 0)
(0 -0.421299 0)
(0 -0.324541 0)
(0 -0.251973 0)
(0 -0.324541 0)
(0 -0.163278 0)
(0 -0.163278 0)
(0 -0.421299 0)
(0 -0.445488 0)
(0 -0.380983 0)
(0 -0.0584577 0)
(0 -0.0584577 0)
(0 -0.380983 0)
(0 -0.453551 0)
(0 -0.251973 0)
)
;
        name            ParabolicTimeDependentU_max;
        code            #{
		const vectorField& Cf = patch().Cf();
		vectorField& field = *this;

		const scalar r = 18.0*1e-3;
		const scalar Umax = 0.4;
		const scalar Umin = 0.02;

		scalar 	Uvar = 0.08;
		scalar 	t = this->db().time().value();
		scalar	tau = fmod(t,1);
		
		if (tau > 0 && tau <= 0.35)
		{
			Uvar = 0.08+Umax*(1-(pow(tau-0.175,2)/(0.175*0.175)));
		}
		if (tau > 0.35 && tau <= 0.6)
		{
			Uvar = 0.08+Umin*(-1+(pow(tau-0.475,2)/(0.125*0.125)));
		}
		if (tau > 0.6 && tau <= 1)
		{
			Uvar = 0.08;
		}
		
		forAll(Cf, faceI)
		{
			const scalar x = Cf[faceI][0];
			const scalar y = Cf[faceI][1];
			field[faceI] = vector(0, Uvar*(-1+(pow(x+(0.02+r),2))/(r*r)), 0);
		}
	#};
    }
    outer_arc
    {
        type            noSlip;
    }
    bottom
    {
        type            zeroGradient;
    }
    inner_arc
    {
        type            noSlip;
    }
}


// ************************************************************************* //
