/*--------------------------------*- C++ -*----------------------------------*\
  =========                 |
  \\      /  F ield         | OpenFOAM: The Open Source CFD Toolbox
   \\    /   O peration     | Website:  https://openfoam.org
    \\  /    A nd           | Version:  9
     \\/     M anipulation  |
\*---------------------------------------------------------------------------*/
FoamFile
{
    format      ascii;
    class       surfaceScalarField;
    location    "0.79";
    object      phi;
}
// * * * * * * * * * * * * * * * * * * * * * * * * * * * * * * * * * * * * * //

dimensions      [0 3 -1 0 0 0 0];

internalField   nonuniform List<scalar> 
2420
(
8.35786e-07
-1.03193e-06
1.96141e-07
3.10648e-07
-3.10648e-07
4.76909e-07
-4.81662e-07
4.75311e-09
-4.77626e-07
4.77626e-07
-5.31085e-07
2.21387e-07
3.09698e-07
1.97753e-07
-2.22351e-07
2.45984e-08
1.84654e-07
2.92255e-07
-7.1231e-07
5.0247e-08
6.62063e-07
1.29633e-06
-1.43333e-06
1.37e-07
-3.90801e-07
-1.40283e-07
-1.51398e-06
5.70533e-07
9.43446e-07
-9.73493e-07
-5.40486e-07
-7.1231e-07
-9.36451e-08
-2.66238e-08
1.20269e-07
-7.22651e-09
-3.53841e-07
3.61068e-07
-4.40484e-08
1.63596e-07
-1.19547e-07
2.27955e-07
2.07671e-07
-4.35626e-07
3.32383e-07
-6.21402e-07
2.89018e-07
1.66976e-08
-6.57173e-08
4.90197e-08
-1.15307e-07
2.1662e-08
-2.47521e-08
1.80611e-07
-1.55859e-07
-1.01005e-08
-4.25946e-07
5.75125e-07
-1.49179e-07
-5.45829e-07
1.19883e-07
-6.6483e-08
9.02269e-07
1.57335e-08
2.12221e-07
6.00367e-08
-1.04085e-07
-4.70743e-07
-8.93636e-07
1.36438e-06
-1.10341e-06
6.32667e-07
2.03555e-07
-1.10657e-07
-9.28982e-08
-6.32934e-07
-3.99451e-07
1.03239e-06
1.11123e-07
6.00063e-07
-7.11185e-07
-4.52968e-07
4.32294e-07
2.06735e-08
4.72096e-08
1.05005e-07
-1.52215e-07
-2.70774e-07
6.03157e-07
-5.08952e-08
9.81048e-08
4.38767e-08
1.53876e-07
1.56257e-07
1.54391e-07
-5.14737e-08
-4.01494e-07
2.21789e-09
-3.12866e-07
6.26731e-08
-8.74252e-08
5.03309e-07
6.57489e-08
-5.69058e-07
3.2013e-07
-3.71604e-07
1.28729e-07
-1.64478e-07
3.57481e-08
9.56038e-08
-4.62886e-08
-4.93152e-08
-1.455e-08
-4.63076e-07
2.04896e-07
2.72731e-07
1.06102e-07
-1.04985e-08
-2.42502e-07
3.72732e-07
-1.30231e-07
-6.2884e-08
3.83014e-07
-9.9859e-08
-1.22492e-07
-3.70539e-07
-5.53777e-07
5.46551e-07
-9.17522e-07
-5.15811e-07
1.16231e-07
1.20633e-07
-2.36865e-07
1.9382e-07
2.16523e-08
-2.15472e-07
-2.58069e-08
3.69486e-08
-1.11416e-08
1.17796e-06
-6.0743e-07
-9.71302e-07
6.99616e-07
2.71686e-07
2.34638e-07
-4.08182e-08
1.57274e-07
-7.90208e-07
3.95089e-08
-7.9603e-08
4.0094e-08
-2.7771e-07
-7.54218e-07
-8.39364e-07
8.89611e-07
2.07843e-07
-1.39805e-07
-6.8038e-08
-7.48978e-07
3.49526e-07
-2.52575e-07
9.99507e-08
1.52624e-07
-1.18106e-06
1.05373e-06
1.27326e-07
2.0756e-07
-4.78335e-07
-4.25206e-08
-3.09573e-09
-5.64324e-07
1.6352e-07
-2.69054e-07
1.05534e-07
-1.37913e-07
-2.15928e-07
2.16808e-07
1.6949e-07
-3.86297e-07
-1.04819e-07
1.37211e-08
9.10978e-08
-1.05708e-06
-4.63309e-08
-1.52925e-07
3.60486e-07
3.68661e-08
1.12322e-07
9.12332e-08
1.60044e-07
4.77998e-08
-1.05498e-07
6.78705e-10
2.85895e-07
-1.69664e-07
-3.04031e-08
1.59133e-07
1.27803e-07
1.56732e-07
-2.84535e-07
-1.84342e-07
-1.09912e-07
2.94254e-07
3.63515e-07
-1.46707e-07
2.3156e-07
-6.80397e-08
-3.7187e-07
2.12333e-07
1.59537e-07
-4.01865e-07
1.19497e-07
2.82367e-07
-1.75241e-07
-2.26624e-07
1.14454e-07
-1.09701e-07
-7.87254e-08
9.54231e-08
4.19777e-08
-2.8448e-07
7.92335e-08
-7.56257e-10
-7.84772e-08
-7.31104e-08
7.39309e-09
-1.94075e-07
-5.84999e-08
-9.07578e-07
-6.37243e-08
1.51534e-07
4.48528e-07
-4.69068e-07
1.71759e-07
2.97309e-07
2.28653e-07
-1.14199e-07
-1.96326e-07
2.78204e-07
-8.18782e-08
2.19507e-07
1.53226e-07
-2.48729e-07
5.24034e-08
2.89496e-07
-3.21227e-07
3.17306e-08
-3.12521e-08
7.07611e-08
-9.69814e-07
1.88194e-07
7.8162e-07
-5.41295e-09
-1.05244e-07
-1.91066e-07
-2.78002e-07
2.59454e-07
-2.37802e-07
-5.51906e-09
-3.33804e-07
3.39323e-07
2.62609e-07
-1.2361e-06
3.32988e-07
-7.35337e-08
3.30827e-07
-2.03024e-07
8.91532e-07
-1.33626e-07
-7.57905e-07
-3.59583e-07
-8.16781e-07
-1.53033e-07
6.85066e-07
-2.23002e-07
-1.48868e-07
2.53575e-07
3.59216e-08
1.70358e-07
1.62629e-07
5.85894e-08
-4.50993e-07
3.92404e-07
9.42144e-08
-5.92168e-07
4.97954e-07
-4.48248e-07
-8.86402e-08
5.36888e-07
-2.46869e-07
5.27941e-08
-7.90528e-07
1.83398e-07
6.0713e-07
-3.2654e-07
2.63656e-07
3.04875e-08
4.8746e-08
1.14528e-07
4.90675e-08
1.76205e-07
-3.72857e-07
1.96652e-07
4.11478e-07
-1.76891e-07
-2.34587e-07
-3.39343e-07
3.33824e-07
-1.01941e-06
1.80043e-07
-5.00531e-07
-2.89997e-07
-2.72831e-08
2.72831e-08
2.29958e-07
5.86456e-08
-2.88604e-07
-3.26882e-07
-1.83802e-07
5.10684e-07
-5.53777e-07
3.69486e-08
1.68594e-07
-6.86432e-08
2.34638e-07
4.8895e-08
1.11416e-08
-4.8895e-08
5.72598e-08
-8.3648e-09
3.59617e-09
3.62436e-07
-3.66032e-07
1.77392e-07
4.35626e-07
-6.13018e-07
-3.62436e-07
4.21025e-07
-1.69835e-07
3.66032e-07
-1.96197e-07
1.2954e-07
4.08182e-08
-6.66566e-08
-1.2954e-07
1.96197e-07
-8.42003e-07
8.8515e-07
-4.31466e-08
8.42003e-07
-6.84729e-07
-8.8515e-07
6.13018e-07
2.72132e-07
-4.21025e-07
5.90515e-07
-5.90515e-07
6.84729e-07
1.70863e-07
-2.80775e-07
-3.2711e-08
-2.93829e-07
7.7664e-08
-2.17469e-07
-2.40394e-07
4.29049e-07
-1.88655e-07
7.47511e-08
-8.86854e-08
-4.10229e-07
3.02516e-07
-4.97775e-07
1.95259e-07
-1.12612e-06
2.08602e-07
3.2608e-07
1.02969e-07
3.29676e-07
2.65861e-07
-1.17344e-06
-1.40945e-06
6.56874e-07
-7.90501e-07
3.13345e-08
1.16642e-08
-1.6459e-07
6.94598e-07
-4.86927e-07
-4.97656e-07
1.00436e-07
3.97219e-07
-3.17724e-07
2.51068e-07
-1.01964e-06
1.3599e-07
8.83655e-07
-8.3145e-07
1.03646e-07
3.07832e-07
-1.74842e-08
2.91484e-08
1.11644e-07
2.67222e-07
-3.78866e-07
-9.29375e-08
-2.23696e-08
-9.59749e-08
-2.91592e-07
-2.06064e-07
3.48271e-08
-1.34686e-07
-4.01856e-07
-4.63914e-08
5.37983e-08
9.72116e-08
-1.5101e-07
-4.43728e-07
8.9664e-08
3.54064e-07
-6.03832e-08
-4.51144e-08
-3.32083e-07
4.21909e-07
6.17312e-08
-4.8364e-07
-4.8402e-07
1.92428e-07
-7.64571e-08
3.01685e-08
-1.07508e-07
2.79048e-08
-3.54872e-07
-3.63735e-08
3.91245e-07
-7.861e-07
4.15561e-07
-4.7328e-07
5.3251e-08
4.20029e-07
-3.2696e-08
6.70376e-08
-3.83616e-07
-1.16538e-07
3.28871e-07
-1.75199e-07
-3.08821e-07
-1.97163e-07
-5.5786e-08
2.52949e-07
-2.19166e-07
2.2003e-08
-3.27172e-08
-2.48592e-07
2.81309e-07
-7.59578e-09
1.88207e-07
-4.308e-07
3.93529e-07
3.72712e-08
3.42547e-07
-3.78921e-07
-2.22889e-07
3.99095e-07
1.11112e-07
-6.10689e-09
9.61975e-07
-1.20265e-06
2.40674e-07
-2.99102e-08
-7.5619e-07
2.32176e-07
8.40273e-07
2.0331e-08
-1.13268e-07
2.5605e-07
-8.74559e-08
1.21317e-07
-1.72213e-07
9.43538e-08
2.08162e-07
5.45695e-08
9.74107e-07
-1.02868e-06
2.20866e-07
-3.96065e-07
4.57191e-08
7.57005e-08
3.52614e-07
7.96798e-08
-5.05889e-07
3.82704e-07
1.23185e-07
-7.81858e-08
4.85867e-07
-4.96663e-07
1.07956e-08
-1.56695e-08
5.01537e-07
-2.59341e-07
-7.26953e-07
-6.22911e-08
7.89244e-07
9.67595e-08
-8.23713e-07
-4.28388e-07
4.79558e-07
-5.11706e-08
-3.70921e-08
-6.66779e-08
1.0377e-07
-2.58681e-08
-1.1224e-08
2.26554e-07
1.33931e-07
4.49674e-07
-5.61451e-08
-4.8995e-07
6.15626e-08
-4.43412e-07
2.94724e-07
4.78229e-08
-4.78628e-07
4.62959e-07
6.03649e-07
1.75632e-07
-7.79281e-07
1.98279e-07
1.08621e-07
-5.48227e-08
9.47108e-07
-3.43459e-07
5.00319e-08
-2.27488e-08
-3.52783e-07
-1.53106e-07
-1.41265e-07
7.32254e-08
1.10839e-06
-5.11929e-07
-5.96461e-07
-8.59926e-07
-2.66197e-07
-5.85993e-08
6.0357e-07
-6.84659e-08
-9.60117e-08
1.93707e-07
-8.55419e-08
-1.08165e-07
9.32065e-07
2.19133e-10
4.49455e-07
-1.14808e-06
1.31182e-07
3.58568e-07
-4.8975e-07
-4.50955e-07
9.81721e-08
8.65337e-08
-1.04018e-07
3.80566e-07
-3.00886e-07
-6.20567e-08
-3.44745e-07
4.06802e-07
3.86734e-07
-1.19512e-07
5.39487e-07
-3.79496e-08
2.17918e-07
-1.92605e-08
2.12967e-07
7.84183e-07
-7.42936e-07
-4.12472e-08
3.58973e-07
2.15933e-08
1.72401e-07
-2.05112e-07
3.61891e-07
-4.40077e-07
2.26392e-07
-4.60673e-08
-1.80325e-07
5.46551e-07
3.8859e-07
-1.62036e-07
3.21639e-08
8.84311e-08
2.98303e-07
1.56198e-07
-2.22663e-08
1.85757e-07
2.02833e-07
5.66712e-07
5.41678e-07
-6.73825e-08
-3.83572e-07
2.23492e-07
5.02176e-08
-2.7371e-07
8.14428e-07
-3.6826e-08
-7.77602e-07
-2.9053e-07
2.38187e-07
5.23422e-08
7.20242e-07
-7.25456e-07
5.21371e-09
-1.99683e-08
2.05725e-07
-1.8268e-07
-3.71097e-07
-2.79117e-07
9.6437e-08
-1.23932e-07
3.26765e-07
2.56478e-07
1.34767e-07
4.68332e-07
-3.2538e-07
-1.42951e-07
3.96244e-07
4.41122e-07
-5.02853e-07
-1.41998e-08
7.91046e-09
2.91807e-07
-2.99717e-07
7.05329e-07
-6.04893e-07
1.35748e-07
1.58976e-07
4.9237e-07
-3.59231e-08
-4.56447e-07
6.62063e-07
-1.09097e-06
-2.27488e-08
4.38079e-07
-2.69805e-07
-1.68274e-07
-3.60597e-07
4.81489e-07
-1.20892e-07
-4.89312e-08
9.0909e-08
-4.89312e-08
-4.97441e-07
5.02349e-07
-4.90772e-09
5.00149e-07
3.93377e-08
-4.17161e-07
4.90402e-07
-7.32408e-08
-4.42495e-07
3.83895e-07
-6.11727e-09
1.57397e-08
-9.62243e-09
6.00852e-07
-1.00703e-07
3.99548e-08
-2.07815e-07
1.6786e-07
-6.81848e-07
8.5924e-07
-6.49617e-07
5.8756e-07
2.62777e-08
1.29631e-07
3.21233e-08
5.04221e-07
9.66308e-08
-3.50878e-07
4.8206e-07
-1.99769e-07
2.07679e-07
1.07734e-07
-5.07122e-09
6.43281e-08
-5.26801e-07
4.63076e-07
-5.26801e-07
-2.26938e-08
-1.05996e-07
4.64564e-07
3.27705e-07
-3.64791e-07
3.70866e-08
-4.2581e-07
4.26029e-07
2.93743e-07
-5.246e-08
5.246e-08
4.38095e-07
-5.41994e-08
-1.66773e-07
1.82513e-07
4.76698e-07
-1.3739e-08
3.40602e-07
-1.28973e-08
3.134e-07
-5.43804e-07
5.05854e-07
-1.1895e-07
-4.7177e-07
-5.38547e-07
3.70821e-08
5.01465e-07
1.36229e-07
-3.94977e-07
4.91737e-07
-3.71097e-07
-3.61984e-08
4.54479e-07
4.08819e-07
3.84803e-07
-8.65e-08
4.37348e-07
-4.37348e-07
-1.0625e-07
-1.42341e-07
-4.61655e-07
-4.1348e-07
4.77808e-07
7.29859e-07
-7.20712e-07
-9.14693e-09
-1.49546e-07
6.53767e-07
-5.06722e-07
6.00387e-07
-9.4533e-08
4.88224e-08
1.9318e-07
-2.42002e-07
4.77551e-07
-5.68605e-07
9.1054e-08
-1.36459e-07
-2.95658e-08
-1.1655e-07
8.46409e-07
9.44442e-07
-8.55237e-07
-8.92046e-08
-1.37722e-07
1.37722e-07
6.18202e-08
-3.35304e-07
3.35304e-07
-1.02322e-07
4.69083e-07
6.03937e-08
-5.29477e-07
1.33598e-07
-1.33598e-07
-4.69625e-07
-1.68818e-07
1.68818e-07
6.54852e-07
-4.99684e-07
-1.55168e-07
2.57942e-07
-2.57942e-07
3.92e-08
6.27716e-07
-1.86144e-07
-4.41572e-07
6.87239e-07
4.33171e-07
4.63878e-08
-4.95926e-07
2.78468e-07
-3.29639e-07
8.3078e-07
1.13662e-07
6.55084e-07
-6.96331e-07
-7.76631e-07
-7.86058e-08
-4.63546e-08
5.00834e-07
-1.53831e-08
5.05305e-07
1.25797e-07
2.4568e-07
5.16035e-07
-6.72189e-08
4.65139e-08
-1.52764e-07
1.63779e-07
4.63937e-07
-6.75444e-07
7.0551e-08
5.80944e-07
-7.9479e-08
7.06935e-07
-2.0163e-07
5.28986e-07
1.24782e-07
-9.76476e-07
-4.51272e-07
-3.59653e-07
8.10925e-07
3.62279e-07
-2.30702e-07
-1.31577e-07
-2.78553e-07
1.10933e-06
-6.84956e-07
-4.04997e-08
6.47111e-08
2.63768e-07
-3.28479e-07
4.70817e-07
-2.13617e-08
-4.83015e-07
-1.39471e-07
1.85985e-07
1.56257e-07
3.67076e-07
-5.5322e-07
-1.79499e-07
1.79499e-07
-7.99613e-07
-5.20911e-07
1.32052e-06
-8.38852e-07
6.22202e-08
4.31787e-07
4.95307e-07
-2.44904e-08
-7.84914e-07
1.45653e-06
-6.71615e-07
1.20554e-07
3.34194e-07
-3.60062e-07
-6.3219e-07
-2.06662e-07
1.65241e-07
5.41694e-07
3.32439e-07
-7.83711e-07
-1.07817e-06
1.95143e-07
-1.81602e-07
-1.35405e-08
6.94227e-07
2.34456e-07
-7.48149e-07
5.13692e-07
-1.56996e-07
8.48397e-07
-6.91401e-07
5.09825e-07
4.86411e-07
4.24356e-07
-8.49589e-07
9.50259e-07
-1.0067e-07
-4.89767e-07
6.2686e-08
-5.53635e-07
4.90949e-07
7.7615e-07
2.06924e-07
5.97381e-08
-2.66662e-07
-1.30583e-06
-1.44568e-06
5.37952e-07
9.0773e-07
-4.63401e-08
5.15423e-07
-1.13307e-09
2.82442e-07
-1.12859e-07
1.12859e-07
5.9527e-07
8.61259e-07
6.34227e-07
9.68996e-08
-7.31127e-07
-6.25481e-08
-7.69233e-08
5.90496e-07
1.03731e-07
-7.04475e-07
7.66695e-07
-8.50412e-07
-9.0667e-07
8.13967e-07
9.27035e-08
6.69961e-08
-8.76988e-08
-8.18971e-07
-2.38306e-07
-1.02115e-06
1.7156e-07
-4.58257e-07
1.21662e-06
-7.58365e-07
7.72634e-07
3.31027e-07
-1.10366e-06
-8.63595e-07
7.7439e-07
-2.48515e-07
-1.00351e-06
3.03775e-07
6.9974e-07
8.33199e-07
-4.58662e-07
-3.74537e-07
-7.34456e-07
2.99805e-08
8.62561e-07
2.57829e-07
-9.2809e-07
7.47658e-07
1.80432e-07
-3.69287e-07
-1.24739e-06
7.89136e-07
-3.94914e-07
7.27353e-07
-1.35416e-07
-1.4396e-07
6.22284e-07
6.06085e-07
-1.22837e-06
1.04664e-06
-2.98977e-07
7.01211e-07
3.45424e-07
4.33785e-07
-6.14152e-10
2.0122e-07
1.51335e-06
-8.95953e-07
-6.17396e-07
1.15938e-06
-4.58167e-07
6.96341e-07
4.63038e-07
-1.37693e-06
4.03244e-07
9.73683e-07
1.23188e-06
-7.39245e-07
-4.92637e-07
4.49929e-07
-5.33427e-07
8.34974e-08
6.02333e-07
-2.07819e-07
-3.45401e-07
1.39514e-06
-7.72858e-07
-6.35451e-07
9.66478e-07
-1.36025e-06
4.90583e-07
8.69669e-07
-1.03705e-07
1.79446e-07
5.88123e-07
-7.67569e-07
-2.66927e-07
-6.15515e-08
2.00414e-07
-5.94786e-07
3.94372e-07
1.02522e-06
4.88129e-07
-8.03485e-07
8.91978e-08
7.14287e-07
7.23527e-07
2.66579e-07
-6.00291e-07
3.33712e-07
3.26996e-07
9.59119e-07
-1.28612e-06
-8.22299e-07
-8.63443e-07
7.1372e-07
1.49723e-07
-3.53981e-07
-4.69196e-07
-4.48756e-07
7.15336e-07
-5.89187e-07
-7.92617e-07
1.3818e-06
1.18692e-06
-9.88762e-07
-6.36707e-07
1.62547e-06
-6.25662e-07
8.80689e-07
-2.55027e-07
1.57795e-06
-7.81035e-07
-7.96914e-07
3.60065e-07
-9.95515e-07
-9.20397e-07
-2.04943e-07
7.93066e-07
1.29118e-07
6.21477e-07
-7.50594e-07
1.54044e-06
-5.81319e-07
5.41634e-08
-6.95187e-07
6.41024e-07
1.27291e-06
-4.07505e-07
-3.04106e-07
-2.96185e-07
1.53266e-06
-7.43524e-07
4.73511e-07
5.02327e-07
-9.75838e-07
-6.61177e-07
-2.02267e-07
7.80328e-07
-4.30801e-07
-8.06064e-07
9.29546e-07
-1.23482e-07
1.19002e-07
2.12298e-07
-3.313e-07
8.56136e-07
-5.10712e-07
1.19151e-07
-6.04741e-07
1.07553e-06
-4.70786e-07
-1.48185e-06
7.00814e-07
1.0208e-06
-5.47292e-07
1.4093e-06
-1.25921e-06
-1.50091e-07
-1.23304e-06
4.40426e-07
-6.8936e-07
-1.14124e-07
-6.94872e-08
6.94872e-08
6.29873e-08
-6.29873e-08
5.51265e-08
-5.51265e-08
-3.12866e-07
9.0909e-08
-9.94424e-07
9.94424e-07
-2.84659e-07
2.84659e-07
2.17534e-07
-2.17534e-07
-1.48763e-07
-1.33217e-07
1.33217e-07
2.04896e-07
-3.49031e-07
3.49031e-07
-4.29901e-09
4.29901e-09
3.83769e-07
-3.83769e-07
-1.75615e-07
1.75615e-07
9.7161e-08
1.05594e-06
-1.1531e-06
-2.9568e-07
2.9568e-07
-6.49603e-07
6.49603e-07
-1.18741e-07
1.06802e-06
-9.49277e-07
9.41605e-07
-1.52292e-06
9.02061e-07
8.80577e-08
9.51069e-07
3.21844e-07
2.10525e-07
-5.14631e-07
7.61535e-07
5.99227e-07
1.58013e-07
1.3621e-07
-2.94223e-07
6.27142e-07
-9.99146e-07
1.23982e-06
3.65999e-07
3.56374e-07
-7.22373e-07
-5.40243e-07
1.09442e-07
-8.74501e-07
1.16136e-07
-4.44155e-07
-5.5136e-07
2.61225e-07
-4.65026e-07
9.28064e-07
-6.32406e-07
-4.71256e-07
-4.90901e-07
5.45064e-07
4.06013e-07
-1.40516e-06
-8.92836e-07
1.83357e-08
-2.18097e-07
-1.62196e-07
8.52726e-08
-5.86967e-07
3.847e-07
8.10355e-07
-5.40244e-07
-5.32229e-07
4.73546e-07
-6.89006e-07
3.68538e-07
-5.07502e-07
9.47928e-07
-1.01729e-06
5.73132e-07
-3.51007e-07
4.70009e-07
-9.49034e-07
7.48949e-07
2.00085e-07
6.16559e-07
3.82886e-08
-6.54847e-07
1.04823e-06
-7.3125e-07
3.47187e-07
3.84063e-07
-1.07093e-06
2.64863e-07
-1.37569e-06
2.40463e-07
1.13523e-06
7.33087e-07
3.4244e-07
-4.77525e-07
3.9111e-07
-1.53673e-06
2.77521e-07
-1.18377e-06
-1.49662e-06
3.52684e-07
1.14393e-06
2.20879e-07
5.21157e-07
-1.06845e-06
-1.13137e-06
1.8209e-07
5.72598e-08
-1.33621e-06
8.90838e-07
4.45367e-07
-5.47861e-07
6.35918e-07
-1.11204e-06
-4.10883e-07
1.35067e-06
-4.71089e-07
-1.6316e-07
2.65552e-07
-4.22518e-07
8.2682e-07
-4.04302e-07
-7.96408e-07
7.71375e-07
-5.76504e-08
1.9386e-07
-2.61241e-07
-7.2374e-07
-1.11083e-06
-7.10596e-07
-2.38438e-07
-5.39735e-07
1.40099e-06
1.02119e-06
-2.72239e-07
-1.29627e-06
-2.08805e-07
-3.38151e-07
5.46956e-07
-1.33014e-06
-1.2191e-06
-1.30218e-06
7.61935e-07
1.44138e-06
-1.17551e-06
-6.1021e-07
-3.90509e-07
9.65604e-07
-1.25279e-06
2.87187e-07
-5.06196e-07
4.70112e-07
1.03049e-06
1.14769e-06
-6.6944e-07
2.74526e-07
2.03621e-07
8.52319e-07
-7.16307e-07
-4.91864e-07
-3.8924e-07
8.81105e-07
2.64525e-07
4.30073e-07
-9.83521e-07
4.18873e-07
7.6805e-07
-6.50866e-08
8.36462e-07
8.64828e-07
1.38628e-07
-1.00346e-06
-1.79418e-07
-3.73878e-09
-1.02617e-06
1.0299e-06
8.3721e-07
-9.02297e-07
-1.16039e-06
6.89137e-07
-8.2764e-07
5.664e-07
-3.32367e-07
1.69207e-07
1.29685e-06
-3.18354e-07
-1.96277e-07
8.10934e-07
-4.43412e-07
-7.40353e-07
6.3847e-08
8.87774e-08
-1.82444e-07
1.04449e-06
3.17076e-07
-1.61335e-06
-1.6601e-07
1.9872e-07
-3.27106e-08
-8.96434e-07
7.39522e-08
8.22482e-07
-1.24066e-07
-1.70156e-07
1.51651e-07
-8.62248e-07
-9.2852e-07
8.2785e-07
1.04959e-07
-1.75836e-07
7.08764e-08
1.02163e-07
-4.93685e-08
-1.03298e-06
7.8446e-07
-6.03895e-07
-5.56498e-07
7.11929e-07
-5.11845e-07
1.15337e-06
7.88049e-07
-5.15652e-07
-2.72397e-07
2.134e-07
-1.35796e-06
1.84852e-07
-1.14663e-06
5.42734e-07
-7.01262e-07
-4.4242e-07
-1.63745e-07
7.34526e-07
-5.70781e-07
-1.0905e-06
-2.92546e-07
1.14486e-06
-3.43838e-07
7.51946e-07
-5.34655e-07
-7.18136e-07
2.51077e-07
-4.79543e-07
8.98416e-07
-8.87919e-07
7.59442e-07
1.28477e-07
-8.7454e-07
6.71218e-07
2.03322e-07
2.85637e-08
-4.45953e-07
7.11504e-07
-9.75082e-07
6.31244e-07
-9.33096e-07
5.97967e-07
2.28853e-07
1.21735e-06
3.07883e-07
-1.52523e-06
4.76387e-07
-4.74747e-07
-4.27338e-08
2.1748e-08
2.09858e-08
-7.16869e-07
4.17909e-08
6.75078e-07
9.31798e-07
5.63173e-07
-2.98648e-07
3.41711e-07
-1.32523e-06
4.32348e-07
-1.31656e-07
2.99516e-07
1.18287e-06
2.3175e-08
-7.08131e-07
2.17524e-08
-9.22483e-07
9.00731e-07
-1.4406e-07
3.47126e-07
6.15058e-08
-4.08632e-07
-1.00384e-07
-4.75254e-07
9.05327e-07
-8.2222e-08
5.17863e-07
-4.35641e-07
-3.38735e-08
-7.48791e-07
-4.70811e-07
-1.61982e-07
6.32793e-07
-5.64683e-07
7.37824e-08
6.41107e-07
-4.89456e-07
2.06984e-07
5.08352e-07
3.13158e-07
-3.45868e-07
-1.26315e-07
7.24282e-07
-3.0344e-07
-1.08989e-06
6.3728e-08
-9.00128e-07
9.21881e-07
8.49896e-07
-2.20465e-08
7.18205e-08
-1.21189e-07
1.29262e-07
8.16023e-07
9.09072e-08
2.3813e-07
-3.29037e-07
4.98614e-07
6.45588e-08
4.90429e-07
-9.65683e-07
-5.47827e-08
1.59742e-07
-4.20908e-07
6.57893e-08
3.55119e-07
-7.38915e-07
-1.28047e-06
-6.34556e-07
-9.66817e-07
6.9363e-07
2.73186e-07
-1.15098e-07
-3.00056e-07
2.45273e-07
1.79573e-07
-1.15306e-07
-6.42672e-08
-5.22892e-07
-3.70156e-08
8.59498e-07
-6.77835e-07
9.51022e-07
-2.34267e-07
1.47353e-08
1.64838e-07
1.16563e-06
1.53442e-06
4.48521e-07
6.94168e-07
-8.38228e-07
-1.28215e-06
1.00991e-06
-9.74264e-07
-2.01096e-08
-7.95913e-07
7.58897e-07
7.44399e-07
3.15324e-07
2.99131e-07
-3.81353e-07
-4.47474e-08
-3.5628e-07
-1.25707e-06
-6.10417e-08
-1.14794e-07
2.27492e-07
6.82186e-07
1.24804e-07
-8.0699e-07
-2.81769e-07
8.47714e-07
-5.65945e-07
4.41887e-07
-2.23747e-07
3.55881e-07
2.95308e-07
-2.33803e-07
4.60323e-07
-1.04442e-07
-4.27337e-07
-5.33937e-07
-2.67937e-07
8.01874e-07
-1.46711e-06
-1.90648e-07
8.61866e-07
-2.76093e-07
5.50618e-07
7.82232e-07
-5.08935e-08
-7.31338e-07
2.55784e-07
3.77009e-07
-2.35855e-07
-2.34074e-07
4.6993e-07
-7.73803e-08
-3.50922e-07
4.28302e-07
-4.66589e-07
-3.06207e-08
1.21528e-07
-1.57914e-07
9.40146e-07
-8.15706e-07
8.34303e-07
-8.99037e-08
7.26106e-07
-1.2127e-06
1.72051e-07
-7.42832e-07
-1.58854e-08
-5.38393e-07
2.623e-07
4.74391e-07
1.15108e-06
-6.89835e-07
3.44434e-07
5.15099e-08
7.0018e-08
6.43655e-07
3.58609e-08
1.57999e-07
-1.72237e-07
3.89052e-07
3.81012e-07
1.00079e-06
6.72188e-07
-7.62092e-07
-3.79957e-07
-2.86746e-08
-7.30837e-07
2.89266e-07
3.19477e-09
6.37829e-07
8.16471e-07
-6.13149e-07
3.6461e-07
-6.54794e-08
2.38153e-07
1.30384e-07
-5.2323e-09
2.1293e-07
2.47393e-07
2.60168e-07
2.95921e-07
4.06027e-07
-4.1126e-07
-2.19431e-08
4.36911e-08
4.44166e-08
-8.68475e-08
4.24309e-08
-8.2226e-07
3.86404e-07
4.35856e-07
-5.96314e-07
5.51567e-07
3.30603e-07
-4.52878e-08
-2.90132e-07
-3.99703e-07
-7.06438e-08
-5.89939e-07
2.86498e-07
-8.20764e-08
2.41613e-07
-5.26339e-07
8.10663e-07
7.14194e-07
2.33735e-07
3.9902e-07
-1.60889e-07
3.99847e-08
-6.01021e-07
4.43108e-07
-3.76134e-07
-3.8234e-09
-2.51895e-07
-8.79621e-08
2.26782e-07
-2.47964e-07
-5.48078e-07
-2.37932e-07
7.8601e-07
6.62421e-07
-6.39245e-07
1.09521e-06
-3.76598e-08
1.16146e-07
8.5362e-08
-2.01508e-07
-1.63921e-06
3.82139e-07
1.39726e-07
-2.0992e-07
7.01941e-08
6.5252e-07
9.90093e-09
2.76551e-07
-2.11992e-07
5.80146e-07
-5.10617e-07
7.49762e-08
1.47518e-06
-4.99941e-07
-1.06759e-08
-4.64096e-07
-6.47667e-07
-8.23498e-07
2.75419e-07
-4.90992e-07
6.56967e-07
-1.65975e-07
2.55428e-07
8.0948e-08
2.74014e-07
-3.65165e-07
-1.5527e-07
5.20435e-07
-4.66183e-07
6.66597e-07
6.88413e-09
-2.48886e-07
7.64222e-07
-4.74957e-07
4.07848e-07
-5.27291e-08
1.74792e-07
-4.95395e-07
-5.26291e-07
6.9007e-07
1.36056e-07
-6.46262e-07
-2.97185e-08
2.74992e-07
-1.48556e-09
-1.94994e-07
1.34709e-07
5.01711e-09
6.57733e-07
-5.30847e-07
6.59965e-07
1.22957e-08
-4.46107e-07
4.33812e-07
5.46834e-07
1.43235e-07
-1.34329e-08
8.64262e-08
-7.29933e-08
3.7813e-07
4.01051e-08
6.11042e-07
-4.86238e-07
-1.04286e-07
5.20972e-07
-4.16686e-07
6.30223e-07
7.60613e-09
-1.14309e-06
8.24908e-07
5.59579e-07
-4.38963e-07
5.53905e-08
-2.37341e-07
6.18762e-07
-7.19281e-08
1.5272e-08
-6.54517e-07
6.45473e-07
-3.65839e-08
-6.08889e-07
2.60277e-07
1.81915e-08
-5.9132e-07
6.12778e-07
-2.14572e-08
-5.55679e-07
6.57131e-07
-1.01452e-07
1.2612e-07
2.18581e-07
-4.37887e-08
2.70191e-07
3.63883e-08
-4.64968e-07
-2.83181e-07
2.24837e-07
-4.92335e-07
-2.72374e-07
-3.49951e-07
-2.35129e-07
-9.39084e-08
3.32093e-07
-8.27843e-08
6.92438e-08
3.87445e-07
-5.03898e-07
-1.11324e-07
6.15223e-07
2.45373e-07
-1.30681e-07
-1.14692e-07
-7.0072e-07
-5.27649e-07
4.50153e-07
8.80608e-07
2.14598e-07
1.97514e-07
2.32437e-07
5.41525e-08
5.43648e-07
7.51147e-08
-1.21435e-07
-8.84851e-08
3.18553e-07
-3.44314e-07
2.57609e-08
-6.4765e-07
4.87429e-07
-6.13996e-08
-4.71975e-07
3.67454e-07
4.76364e-07
-5.55843e-07
-1.72444e-07
5.76506e-08
-5.49719e-07
5.6499e-07
1.70737e-08
3.73646e-07
-6.02464e-08
-5.66275e-07
6.14773e-07
-4.84983e-08
-1.38989e-08
-5.45807e-07
6.16272e-07
-7.04648e-08
8.6347e-08
3.01828e-07
-3.88175e-07
4.90236e-07
-2.67357e-07
1.97001e-07
1.89956e-07
-3.86957e-07
-2.26998e-08
6.81437e-09
5.55943e-07
5.66609e-07
4.61692e-08
2.11062e-07
-2.23661e-07
1.25996e-08
5.30933e-07
-3.73728e-07
-1.87604e-08
5.19359e-07
-1.76708e-07
-9.06494e-08
5.03216e-07
1.61432e-08
4.59005e-07
-6.30739e-07
6.4064e-07
-5.60639e-07
1.09205e-08
4.99974e-08
-3.59527e-07
3.40767e-07
4.81759e-07
9.1439e-10
6.13859e-07
-3.0757e-07
1.89664e-08
-4.32079e-07
-5.31648e-07
4.95449e-07
2.59663e-07
4.202e-07
9.52233e-08
-5.59725e-07
-4.06589e-08
9.94808e-08
2.62798e-07
-3.85981e-08
4.62008e-07
1.97512e-08
4.08063e-07
5.04774e-07
-8.45742e-08
9.45331e-08
3.1353e-07
-6.35776e-07
-6.41119e-08
6.99888e-07
-1.10836e-07
-6.20291e-07
-4.103e-08
-6.60634e-07
-4.74975e-08
3.46636e-07
1.58138e-07
-5.24501e-07
4.1412e-08
4.83089e-07
-7.01293e-07
-5.89467e-08
-3.06466e-08
8.95933e-08
2.99291e-08
-2.64994e-07
-1.09285e-06
8.55882e-07
2.36972e-07
-1.48046e-07
-2.3082e-07
-2.98143e-07
5.71587e-07
-3.90469e-07
3.44081e-07
1.87858e-07
5.7822e-08
1.56286e-08
2.29745e-07
2.00716e-07
-1.54809e-07
3.74315e-07
-1.98738e-07
8.62913e-08
1.12447e-07
-7.62461e-07
4.21299e-07
3.41162e-07
2.59996e-07
1.49953e-08
-3.32168e-07
5.36592e-07
-4.62938e-07
-6.83274e-07
5.08572e-08
-6.21351e-07
-2.0292e-07
4.18209e-09
-2.08277e-07
-8.98658e-08
-1.25774e-07
7.25673e-08
5.3207e-08
-3.00666e-07
6.01246e-07
-5.45855e-07
-3.28685e-07
1.02477e-06
-8.16168e-07
1.18401e-07
-1.42531e-07
2.24983e-07
2.46483e-07
2.46098e-07
1.06164e-07
-7.597e-08
3.8524e-07
2.2043e-09
-6.35947e-07
7.31555e-07
-1.10079e-07
5.37134e-07
-6.05209e-08
-7.08225e-07
7.68746e-07
-7.8285e-08
7.08388e-07
-6.30103e-07
6.35306e-07
2.62387e-07
-5.47075e-08
5.96538e-07
-2.95321e-07
8.70442e-08
-6.15929e-07
2.56185e-08
5.90311e-07
3.72031e-07
6.17803e-08
-1.04551e-08
1.98313e-07
4.40608e-08
-6.98e-07
6.49502e-07
5.63775e-07
7.15305e-08
8.40486e-07
-8.55869e-07
-2.59207e-07
-3.61144e-08
6.8696e-07
5.00053e-08
2.4951e-07
1.98372e-07
3.55253e-07
1.78069e-07
2.67798e-07
-1.49942e-07
2.66802e-07
3.92477e-08
-3.0605e-07
-5.06824e-08
-6.32591e-07
2.30622e-07
-1.44275e-07
6.84382e-07
-6.38213e-07
7.59487e-07
-2.14165e-07
-5.45322e-07
4.2303e-07
2.17187e-07
1.11215e-07
-3.6586e-08
-7.46286e-08
-2.7868e-07
3.73728e-07
-6.26439e-07
7.46994e-07
-1.74661e-07
5.9969e-08
2.50072e-07
4.77281e-07
-7.27323e-07
7.97874e-07
6.59389e-07
-7.67993e-07
2.57281e-07
-6.37923e-07
-6.00772e-08
-4.36648e-07
6.23799e-07
-2.0214e-07
-1.3635e-07
3.38491e-07
1.3494e-07
6.44137e-07
-7.22422e-07
-3.07332e-07
3.33093e-07
1.96706e-08
-3.02314e-07
-6.86443e-07
-9.6089e-07
5.79952e-08
-8.89446e-07
-2.17297e-07
-6.86131e-07
7.72415e-08
1.05833e-07
-1.24106e-06
-5.17905e-08
1.68459e-07
1.75008e-07
7.0626e-08
2.65748e-07
2.70844e-07
-7.30919e-07
3.18156e-07
1.67854e-07
-1.28654e-07
1.93685e-07
5.92325e-07
1.59369e-07
3.69851e-07
5.59613e-08
5.93512e-07
3.21579e-07
2.78067e-07
5.32859e-07
-1.85937e-08
1.07655e-07
2.01074e-07
-5.85137e-07
-2.18711e-07
-6.6012e-07
3.76939e-07
-2.94217e-07
-6.9829e-07
-6.11016e-07
2.96608e-08
-1.66011e-07
1.40305e-07
1.26362e-07
1.91829e-07
1.51637e-07
2.72977e-07
-4.86377e-07
7.24667e-07
4.76322e-07
1.78525e-07
-3.17162e-07
-1.89033e-07
6.45181e-07
-7.5526e-07
1.24545e-07
-7.3556e-07
-7.26927e-08
-5.49986e-08
7.95024e-07
9.67268e-08
7.60732e-08
-5.94113e-07
7.87797e-07
-1.70974e-07
-4.51869e-07
4.24344e-07
1.148e-11
-6.23581e-07
8.56208e-07
-2.32628e-07
1.57335e-08
3.00371e-07
-6.30715e-07
-3.19353e-07
3.30809e-07
-5.64883e-07
-8.30242e-07
8.14694e-07
-3.69862e-07
3.33748e-07
4.68405e-07
-6.794e-08
-2.02306e-07
1.07788e-07
7.55348e-07
-8.08278e-07
1.25862e-06
-5.06676e-07
1.20988e-07
5.84374e-07
-5.12198e-07
-3.7736e-07
-3.3495e-07
-4.96954e-08
-3.01226e-07
8.06376e-08
9.21624e-08
1.67615e-07
-4.09613e-07
1.2655e-06
-4.07759e-07
4.98813e-07
7.51455e-07
-4.20646e-07
-4.75637e-07
8.96936e-07
6.06465e-08
3.94395e-07
-1.57083e-07
3.08764e-07
-1.80834e-07
-1.28649e-07
-1.0827e-06
2.33793e-07
2.12073e-07
-3.60257e-07
7.37196e-07
-4.36236e-07
-2.10026e-07
-1.87563e-07
5.17853e-07
2.08033e-07
3.04529e-07
2.24117e-07
-1.11033e-06
3.65626e-07
-4.51905e-07
4.77524e-07
-4.91746e-07
7.50599e-08
2.23089e-07
-8.73467e-08
3.91875e-07
2.03196e-07
4.8187e-07
-5.86472e-07
8.45732e-07
-6.68409e-08
-2.40494e-07
7.69172e-07
9.61663e-07
1.30191e-07
4.11466e-07
1.08948e-07
-5.01601e-07
5.18828e-07
-3.1655e-07
4.38484e-08
-1.10689e-07
9.6513e-07
-4.32901e-07
-2.83406e-07
9.01351e-08
1.59994e-07
1.24069e-08
4.58777e-07
-3.93937e-07
1.2855e-07
1.03626e-07
-1.19707e-07
-4.4401e-08
-3.57455e-07
2.4829e-07
-4.13662e-08
5.86368e-07
8.47614e-08
1.2506e-06
-6.17938e-07
6.38789e-08
1.80232e-07
-1.67633e-07
-7.12355e-07
7.02255e-07
7.72577e-08
2.60756e-07
-3.38013e-07
4.64167e-07
-1.75149e-07
-1.54345e-07
-2.61148e-07
-5.69343e-08
9.27307e-08
4.04733e-08
-1.66308e-07
3.74387e-07
-1.26994e-07
4.52303e-07
-2.30917e-07
1.25422e-07
-2.33224e-07
6.81745e-07
3.44768e-07
-3.507e-08
3.0241e-08
3.92041e-07
1.83083e-07
-2.95996e-07
-2.1728e-08
1.54419e-07
-1.60966e-07
3.05395e-07
-1.44429e-07
6.64269e-07
-2.20543e-09
2.09658e-07
6.52024e-07
5.02555e-07
6.9049e-07
2.07926e-07
5.33065e-07
7.1754e-07
-7.3629e-07
-6.50107e-07
-5.55076e-07
2.98436e-07
4.74324e-08
6.64269e-07
6.88217e-09
-2.04741e-07
-2.23425e-07
2.4347e-08
3.33037e-08
3.40359e-07
-2.21958e-07
-1.79775e-07
-8.38844e-07
2.44492e-07
-2.69572e-08
-2.8024e-07
-1.54401e-08
-8.7151e-07
-1.22914e-07
9.31229e-08
-3.79964e-08
-2.02994e-08
-3.73344e-07
1.25703e-06
-1.68515e-07
-9.31229e-08
2.02994e-08
1.68515e-07
-3.52979e-08
6.75369e-07
-2.916e-07
3.73344e-07
-1.25703e-06
2.44492e-07
-2.8024e-07
-8.7151e-07
6.75369e-07
2.64625e-07
-9.97873e-08
-2.34115e-07
4.7731e-07
2.11316e-07
-2.15421e-07
2.15421e-07
-2.34115e-07
-3.5107e-07
-2.3035e-07
2.17589e-07
4.17424e-07
-2.05351e-07
5.9337e-07
2.53474e-07
-3.27008e-07
1.30347e-07
-1.99834e-07
-1.30347e-07
-2.53423e-07
-8.45144e-07
-5.64304e-07
8.2128e-08
-7.5761e-08
-9.28174e-08
1.70075e-07
-2.67465e-07
1.38551e-07
-2.87419e-07
5.75695e-08
-1.11134e-06
-1.97849e-07
-4.62245e-07
1.92441e-07
9.63422e-07
6.06256e-08
-6.02884e-07
-4.72238e-08
3.53144e-07
1.94535e-07
1.37663e-07
-3.0798e-08
-6.37301e-08
3.26383e-07
-3.05343e-07
-2.10394e-08
5.0422e-07
-1.12179e-07
5.31676e-08
-5.31676e-08
-2.27686e-07
-4.44601e-08
-5.72643e-07
4.02781e-08
-1.32895e-07
-6.69392e-08
-3.11562e-08
3.57539e-07
4.91462e-07
-4.5692e-07
1.3154e-07
-5.69309e-07
7.33977e-07
-1.19262e-07
3.1685e-07
-2.67711e-07
2.28915e-07
-4.52864e-07
-7.77395e-08
-3.29498e-08
3.06177e-07
3.72313e-07
6.46507e-07
-1.22873e-07
4.51336e-08
-7.56258e-10
-3.00011e-07
-5.99884e-08
6.67118e-07
-3.1399e-07
1.23099e-07
-1.23099e-07
2.1048e-07
-1.40993e-07
-2.1048e-07
3.17753e-08
-1.69497e-07
1.69497e-07
-3.5595e-08
-1.33182e-07
-2.939e-07
7.06123e-08
-2.13143e-07
-1.23063e-06
-1.34866e-07
1.64526e-07
-1.04378e-07
7.71577e-08
-3.47998e-07
-7.09081e-07
-1.53673e-08
2.68841e-07
-6.87857e-08
1.45202e-07
-2.0947e-07
-3.2696e-08
-1.42192e-07
5.25512e-07
-5.25512e-07
3.84306e-07
2.0278e-07
-1.72987e-07
-4.34303e-07
-2.50631e-07
4.64339e-08
2.04197e-07
2.14223e-07
2.0967e-08
1.32909e-07
-1.24475e-07
2.5266e-08
-5.23182e-08
2.91706e-08
-1.55233e-07
-1.09064e-07
-5.69468e-08
-3.50873e-08
3.50873e-08
1.62004e-07
1.43392e-07
3.7736e-07
-7.59795e-08
-9.39795e-08
1.69959e-07
-1.44623e-07
2.67793e-08
-1.01434e-07
-6.46507e-07
5.57246e-08
1.01434e-07
-2.03338e-07
7.20619e-08
1.31276e-07
-1.54524e-07
-5.01122e-08
7.94495e-08
-7.84772e-08
-1.18509e-06
6.97121e-07
4.87968e-07
-3.0798e-08
-2.23126e-07
-1.44429e-07
2.23126e-07
1.08006e-07
2.36652e-08
-2.04499e-07
-4.07968e-08
-7.14925e-08
4.07968e-08
7.14925e-08
-3.09922e-08
3.09922e-08
-1.35174e-07
2.32493e-07
-3.74763e-07
-1.94294e-07
-3.20602e-07
1.87707e-07
4.90911e-08
-1.12078e-07
1.12078e-07
-6.17938e-07
6.39369e-08
-2.5266e-08
-1.17597e-07
5.17037e-08
-2.0278e-07
3.2542e-08
-1.35386e-07
6.14065e-08
1.40657e-07
5.08706e-07
5.07791e-07
-2.99865e-07
-1.33367e-07
-1.49794e-07
-2.939e-07
-9.90513e-08
4.45658e-08
-1.94735e-08
-6.52828e-08
-7.15898e-08
3.38143e-09
2.3893e-07
-4.56746e-07
-7.79355e-07
4.05461e-07
-6.03183e-08
-1.35474e-07
2.80677e-07
3.63843e-07
1.46841e-07
-5.92446e-08
9.12301e-07
-1.78325e-07
1.11654e-07
8.61457e-09
4.16588e-07
-6.15185e-08
1.01921e-07
-1.62004e-07
-9.59385e-08
7.1754e-07
1.07007e-07
1.91962e-07
-2.93183e-07
7.37769e-08
-2.32493e-07
-3.38828e-07
-4.42962e-07
-1.04506e-07
7.11286e-07
-3.27647e-08
4.3241e-07
3.8714e-07
3.08537e-07
-2.87863e-07
8.4706e-08
1.19491e-07
1.43692e-07
3.8188e-07
-1.80803e-08
1.59161e-07
-2.58949e-07
1.18942e-07
3.14941e-07
4.67144e-08
1.00861e-07
2.40704e-07
-2.90233e-07
-2.57262e-07
1.09139e-07
)
;

boundaryField
{
    back
    {
        type            empty;
        value           nonuniform List<scalar> 0();
    }
    front
    {
        type            empty;
        value           nonuniform List<scalar> 0();
    }
    top
    {
        type            calculated;
        value           nonuniform List<scalar> 
15
(
-4.71467e-07
-4.45867e-07
-3.43467e-07
-2.66667e-07
-3.43467e-07
-1.728e-07
-1.728e-07
-4.45867e-07
-4.71467e-07
-4.032e-07
-6.18667e-08
-6.18667e-08
-4.032e-07
-4.8e-07
-2.66667e-07
)
;
    }
    outer_arc
    {
        type            calculated;
        value           uniform 0;
    }
    bottom
    {
        type            calculated;
        value           nonuniform List<scalar> 
15
(
1.30643e-06
2.41301e-08
-5.53625e-07
-6.40216e-07
1.09789e-06
-8.90615e-08
2.70246e-07
7.13986e-07
-3.18082e-07
2.93135e-07
-3.98385e-07
6.80744e-07
1.39938e-06
-1.81412e-07
1.20551e-06
)
;
    }
    inner_arc
    {
        type            calculated;
        value           uniform 0;
    }
}


// ************************************************************************* //
