/*--------------------------------*- C++ -*----------------------------------*\
  =========                 |
  \\      /  F ield         | OpenFOAM: The Open Source CFD Toolbox
   \\    /   O peration     | Website:  https://openfoam.org
    \\  /    A nd           | Version:  9
     \\/     M anipulation  |
\*---------------------------------------------------------------------------*/
FoamFile
{
    format      ascii;
    class       volVectorField;
    location    "0.79";
    object      U;
}
// * * * * * * * * * * * * * * * * * * * * * * * * * * * * * * * * * * * * * //

dimensions      [0 1 -1 0 0 0 0];

internalField   nonuniform List<vector> 
1655
(
(0.100551 -0.123808 -3.89928e-18)
(-0.0154691 0.0319763 2.59215e-17)
(-0.00696001 0.0638553 2.11216e-17)
(0.0533012 -0.00547474 -1.25578e-17)
(0.0485542 0.054822 0)
(0.0277072 0.0115971 7.91579e-18)
(-0.0545088 0.0594548 0)
(0.0384445 0.13784 -1.40254e-17)
(0.0764083 0.196367 0)
(0.0471072 0.0506057 -6.86531e-18)
(0.212687 -0.0780381 3.09953e-17)
(0.193652 -0.100167 -3.05464e-17)
(0.0259233 0.0820847 -1.05075e-21)
(0.0080705 -0.0217574 -1.63543e-17)
(0.00238803 0.0716046 1.61555e-17)
(0.0248624 -0.0122813 0)
(-0.0622688 -0.00816738 2.82088e-17)
(0.0213298 -0.107686 8.40601e-18)
(-0.00793942 -0.0120608 -3.16307e-17)
(0.00230041 -0.0187866 -9.07924e-18)
(0.0100991 -0.0296617 3.69652e-18)
(0.0718083 0.216483 0)
(0.0522629 0.0870226 -1.69404e-17)
(0.0449963 0.0795066 7.86817e-18)
(0.114711 -0.131294 -4.89913e-18)
(-0.0437914 -0.00972395 -3.35201e-17)
(0.0156408 -0.00579968 -1.46298e-17)
(0.0573951 0.198494 -1.68376e-17)
(0.0487333 0.192912 2.27221e-17)
(-0.001403 -0.0296426 -1.63341e-17)
(-0.131094 0.0491358 4.06483e-17)
(0.0783989 0.0933218 -4.34598e-18)
(0.0101618 -0.0721609 -6.0006e-18)
(0.0153568 0.0152472 0)
(0.0167047 -0.0986868 0)
(-0.00483798 -0.00222868 0)
(0.0355102 0.0152182 -2.13012e-17)
(-0.0182608 0.0416767 0)
(0.00791121 -0.0698753 -8.21164e-18)
(-0.0263974 0.051673 -2.79828e-17)
(0.00501419 -0.015802 1.58582e-17)
(0.0510248 0.0755068 1.36923e-17)
(0.00780273 -0.0628111 -8.58669e-18)
(-0.0259389 -0.0186355 2.50046e-17)
(-0.00942714 -8.86735e-06 0)
(0.082091 -0.0131001 0)
(0.065807 -0.0023221 3.90548e-17)
(-0.0131981 0.0125931 0)
(0.0458607 0.0346474 1.52881e-17)
(0.00848872 -0.0596529 2.09084e-18)
(0.0351382 0.0119145 2.35336e-17)
(0.0206857 0.082238 -1.57062e-17)
(0.0243346 0.118591 -1.72416e-17)
(0.0756233 0.191721 1.50619e-17)
(0.0459427 0.0194466 -1.96722e-17)
(-0.0364158 0.000515746 0)
(0.00307329 0.00102984 -7.67988e-18)
(0.223984 -0.0658387 0)
(0.155067 0.0121248 0)
(-0.0101549 0.0268839 1.66431e-17)
(-0.136231 0.0371979 -4.06631e-17)
(0.00748437 -0.00340757 0)
(0.0597695 -0.126124 0)
(0.0495773 0.148766 -3.87825e-18)
(-0.0291208 -0.0107894 0)
(-0.0916057 0.0705484 0)
(-0.0220838 0.0209914 3.64798e-17)
(0.226305 -0.0245351 -1.7822e-17)
(0.00911493 -0.0845927 0)
(0.0459333 0.0719013 -1.56565e-17)
(0.211597 -0.0474727 1.97558e-17)
(-0.0554532 0.0770814 -9.56264e-19)
(0.0028599 -0.0466581 -1.0158e-18)
(-0.0133634 0.051239 1.48333e-17)
(-0.0881537 7.65163e-05 -1.8863e-17)
(-0.00324175 0.0142522 8.90717e-18)
(0.0434365 0.176403 -5.1579e-18)
(0.00879345 -0.0573185 0)
(0.00747085 -0.0055725 0)
(-0.00188881 -0.0313952 0)
(-0.0316946 -0.00922085 2.01035e-17)
(-0.00897844 0.0233747 -9.0577e-18)
(0.0416098 0.0103014 2.0091e-17)
(-0.0206057 -0.0145084 1.00862e-17)
(0.00310273 -0.048017 0)
(-0.0548188 0.0120967 0)
(-0.0761882 0.00666499 -1.14203e-17)
(0.0023394 -0.0389526 0)
(-0.0483532 0.0382848 -7.86223e-18)
(-0.0580004 0.000996808 0)
(-0.0607224 0.0048716 0)
(-0.0129523 0.0435956 9.96932e-18)
(0.000328745 -0.00952476 1.93538e-17)
(0.0345013 0.0250366 0)
(0.00390123 0.0131129 0)
(0.00749593 -0.0147354 3.22333e-17)
(-0.0397016 0.0113784 -3.08957e-17)
(0.160158 -0.00273405 0)
(0.074961 0.0740853 -9.30801e-18)
(0.010604 -0.079737 1.98189e-17)
(-0.0338465 0.0357032 -6.27048e-17)
(-0.0511527 0.000431283 -2.03679e-17)
(0.042284 0.0348845 -1.99549e-17)
(-0.046329 -6.34049e-05 2.1371e-17)
(0.0272884 -0.0503048 0)
(0.0199517 -0.00383765 -1.23843e-18)
(0.075767 0.147722 -1.71405e-17)
(-0.00271631 -0.0205375 0)
(0.00743744 -0.0791456 0)
(-0.053197 -0.00678541 -1.7574e-17)
(0.00442163 -0.0795883 1.38172e-17)
(0.189171 -0.106897 1.58107e-17)
(-0.0523255 -0.00864867 1.06234e-17)
(0.00514771 -0.0555422 1.81874e-17)
(0.0790725 0.125995 1.62953e-17)
(-0.0650904 0.00771591 -1.03034e-17)
(0.0747843 0.138619 -1.74246e-17)
(0.119107 0.000473841 0)
(-0.0453403 0.0221198 1.55767e-17)
(0.0264194 -0.0466616 -3.48821e-17)
(-0.049292 -0.0117587 -2.9996e-17)
(-0.0756357 -0.0128307 3.06469e-17)
(-0.103587 0.0201504 -2.42089e-17)
(0.0674369 0.0698897 2.26176e-17)
(-0.0369798 0.0111735 7.9301e-18)
(0.0533031 0.116266 0)
(0.00650745 -0.0516946 -1.97535e-17)
(0.0147007 0.00602668 1.78126e-17)
(0.0225189 -0.00976507 -2.46925e-18)
(0.00428236 -0.0632176 -2.36684e-18)
(0.0632525 0.0370411 4.51414e-18)
(0.00435323 -0.0804975 2.43832e-17)
(0.0571062 0.145953 1.50339e-17)
(0.0521252 0.107332 1.58223e-17)
(-0.00103719 -0.00474311 0)
(-0.0130802 0.0456584 0)
(0.0512531 0.0626816 -9.23709e-18)
(0.020536 0.0782221 1.56364e-17)
(-0.00114571 0.00970924 8.39e-18)
(-0.0172907 0.0223615 -8.28567e-18)
(0.00606883 0.0370642 1.08549e-17)
(0.00889402 -0.00382856 1.50222e-17)
(0.0116564 -0.0080864 0)
(-0.0807008 -0.026814 0)
(-0.123328 0.0200928 -9.27761e-18)
(-0.0918759 -0.0211208 0)
(-0.0632192 -0.0245419 -3.22688e-17)
(-0.031749 -0.00342696 2.5961e-17)
(-0.0416434 -0.0172864 1.6763e-17)
(-0.191809 0.0370377 0)
(-0.173061 0.025844 1.58271e-17)
(-0.178375 0.0356404 -8.52967e-18)
(-0.111818 -0.00850363 1.66054e-17)
(-0.140812 0.00852197 1.44628e-17)
(-0.0522947 0.0166123 0)
(0.00427597 -0.0488894 3.18663e-17)
(-0.0389409 -0.0132933 2.03321e-18)
(-0.0631125 -0.0205093 8.56229e-18)
(0.0812728 0.133873 0)
(-0.0523258 -0.0075438 -2.1679e-17)
(-0.0705833 -0.0235298 2.44272e-17)
(-0.0239953 -0.0721861 0)
(0.0821601 0.17561 -1.03255e-21)
(-0.0609614 -0.019057 0)
(-0.0778163 -0.0232239 0)
(0.200098 0.00522595 -8.26606e-18)
(0.0667166 0.191664 0)
(0.0705757 0.121238 -3.28559e-17)
(-0.0505151 0.00240254 5.01608e-18)
(0.00744663 -0.0227746 0)
(-0.113483 -0.0205098 0)
(0.0735409 0.0602057 0)
(-0.058647 -0.0213423 1.00492e-17)
(0.0837328 0.155708 1.73169e-17)
(0.000257023 -0.0425172 1.06174e-18)
(0.0832505 0.147454 1.72536e-17)
(0.0568405 0.0359485 4.53042e-18)
(0.00594077 -0.00775056 0)
(0.0108483 -0.0670835 -1.88831e-17)
(0.0030226 -0.0210783 1.48456e-17)
(-0.04172 0.00892051 2.15702e-17)
(0.0675417 0.03284 1.35471e-17)
(0.0188944 0.00308538 -2.88279e-17)
(0.0471994 0.0592388 -4.93863e-18)
(-0.00267832 0.0222645 -9.50798e-18)
(0.0167505 -0.0744884 0)
(-0.00895148 0.00936273 0)
(0.0132788 -0.0719952 0)
(0.02429 -0.0850509 0)
(0.0783158 0.0408143 -1.31697e-17)
(-0.00249374 0.0123876 -1.71342e-17)
(0.0156344 -0.00324214 0)
(0.0371375 -0.0599475 -1.76177e-17)
(0.0308672 0.108571 2.20123e-17)
(0.024298 -0.0808086 0)
(-0.00297909 -0.008263 -1.0745e-17)
(0.0340364 -0.0663803 0)
(0.0197685 -0.0784187 0)
(-0.0467804 0.0467496 2.03798e-17)
(0.0694645 0.0143499 0)
(0.0382163 0.0415291 1.13367e-17)
(0.0189351 0.0297974 -5.0758e-18)
(-0.0730288 0.0209316 1.85191e-17)
(-0.0942779 0.036264 4.12322e-17)
(-0.0452743 0.0102304 -1.5705e-17)
(0.016808 -0.030717 1.24992e-17)
(0.0222267 -0.0735818 0)
(0.0266252 -0.0671675 0)
(0.005949 -0.0678792 5.60617e-17)
(-0.0277944 0.00506463 0)
(0.143126 0.144526 2.9454e-17)
(0.0711513 0.125131 -8.15733e-18)
(-0.0134298 0.0413487 0)
(0.063264 0.122987 1.71792e-17)
(0.00486326 -0.0240436 -1.76512e-18)
(0.00197935 0.0368481 3.85356e-17)
(-0.031655 -0.00074239 -9.67593e-18)
(-0.0368342 -0.0407358 0)
(0.111907 0.150785 1.67766e-17)
(0.070707 0.0243067 0)
(-0.0112163 0.0174029 0)
(0.00679377 -0.0415466 -3.60974e-17)
(0.0143998 -0.0702529 2.53934e-17)
(0.0727543 0.0581688 1.75871e-17)
(0.0172965 -0.0737409 -1.83291e-17)
(0.0330818 -0.0856323 1.76232e-17)
(0.0351543 -0.0853956 -1.75614e-17)
(-0.0537701 0.00650004 0)
(0.0723723 0.126889 2.13345e-17)
(0.0754515 0.116457 1.70799e-17)
(0.0388699 -0.0732822 0)
(-0.0044672 0.0226975 -2.15898e-17)
(0.00975375 -0.00483045 2.16175e-17)
(0.000551214 -0.0534958 -3.38749e-17)
(0.0248074 -0.0771257 -1.81001e-17)
(0.0448569 -0.0774282 1.76579e-17)
(0.0277232 -0.0837966 0)
(0.0219525 -0.0514843 0)
(0.0309914 -0.0823223 2.18822e-17)
(-0.0531197 -0.11824 1.71501e-17)
(-0.0461599 0.0120045 -1.64667e-17)
(-0.00544773 0.0237174 3.13545e-17)
(-0.0435901 -0.148119 -2.14044e-17)
(-0.00479187 -0.00154292 1.50029e-17)
(0.0618615 0.042517 4.39954e-18)
(-0.00135971 -0.0236634 -2.2254e-17)
(-0.164715 0.0413921 1.30912e-17)
(0.0823711 0.168933 0)
(0.0251409 -0.0796337 -4.3876e-18)
(0.0759157 0.0482682 0)
(-0.00850294 -0.0204368 -1.4298e-17)
(-0.00231608 -0.0208077 3.56523e-18)
(-0.000168643 0.0363374 -1.7371e-17)
(0.112329 0.131209 -1.23506e-17)
(0.0297257 -0.0778037 1.77928e-17)
(0.144561 0.16036 -2.10203e-17)
(0.0147533 -0.0793767 -1.82736e-17)
(0.0635008 0.056578 -4.38537e-18)
(0.00661246 0.0183708 2.34742e-17)
(0.0157161 -0.0651273 1.67577e-17)
(0.0192155 -0.0727756 1.30389e-17)
(0.010088 -0.0641213 1.80637e-17)
(0.0419305 -0.0870416 1.74816e-17)
(0.0760152 0.138039 1.69425e-17)
(-0.0162342 0.0279805 1.74045e-17)
(0.0815003 0.114446 1.7404e-17)
(0.0212679 -0.0635459 0)
(0.00419239 -0.0378866 -2.46677e-17)
(0.015815 -0.0768399 9.57422e-18)
(0.00777583 -0.0380058 0)
(0.0192464 0.0916656 -1.84924e-17)
(0.0035079 -0.0690724 1.33164e-17)
(-0.00672862 0.0158034 9.1939e-18)
(0.0133401 -0.0672831 0)
(-0.00550785 -0.029632 5.59491e-22)
(-0.00659908 -0.0586692 -1.34093e-17)
(-0.16972 0.0360881 0)
(0.0520585 0.0469878 2.19209e-17)
(0.0248078 -0.0405071 -2.2206e-17)
(0.0604026 -0.136863 4.26756e-18)
(0.0441345 -0.016966 1.80107e-17)
(0.0818662 0.105971 4.36794e-18)
(-0.018351 -0.0368852 1.78335e-17)
(0.0243106 0.0920662 1.56083e-17)
(-0.0131411 0.0493461 -2.95119e-17)
(0.00038668 -0.0601455 -1.78524e-17)
(0.0507426 -0.0364259 1.77265e-17)
(0.0119978 -0.0803744 1.59083e-17)
(0.0245192 -0.0687929 0)
(0.0118674 -0.0931025 0)
(0.0145948 -0.079561 1.74173e-17)
(0.00109982 -0.0135063 1.70958e-17)
(0.0184408 -0.0496592 3.69653e-17)
(0.0849107 0.0871429 0)
(0.03136 -0.035996 -1.77253e-17)
(0.0305725 -0.0845346 4.45518e-18)
(0.0231155 0.0894677 0)
(0.113476 0.154021 -2.96635e-17)
(-0.00173188 0.00475353 -1.74054e-17)
(0.0102426 -0.0727158 -4.40529e-17)
(0.0176021 -0.0817623 -1.85207e-17)
(0.015546 0.0118878 0)
(0.00356851 0.000632166 2.6903e-17)
(0.037123 -0.0869231 -4.42584e-18)
(0.0451669 -0.0868345 -3.49481e-17)
(0.0333826 -0.0418419 -1.88938e-17)
(0.0233167 -0.0835151 -4.48729e-18)
(0.0212016 -0.0754429 4.38158e-18)
(-0.011981 -0.00242763 -4.4318e-18)
(0.052936 -0.0882173 -1.73937e-17)
(-0.0295904 -0.0305765 0)
(-0.150547 0.0132555 9.31378e-18)
(0.0167207 -0.072383 -4.41128e-18)
(0.0343925 -0.108745 -4.34155e-18)
(0.0842113 0.120325 0)
(0.0174694 -0.0152068 0)
(-0.00271109 0.00394485 -1.73892e-17)
(0.047739 0.00281275 -1.77621e-17)
(0.0558128 -0.088447 1.36435e-22)
(0.0169496 -0.0813975 1.93783e-17)
(0.0596458 -0.0131645 0)
(0.0171811 -0.0405732 -1.86181e-17)
(0.0158893 -0.0807265 2.44827e-18)
(0.0349557 -0.0856469 -4.44254e-18)
(0.0216794 -0.0826428 -1.8024e-17)
(0.0988085 -0.0172413 2.4907e-17)
(0.07498 -0.0124645 8.53148e-18)
(0.0843903 0.109473 -2.19942e-17)
(0.0154602 -0.0779051 0)
(0.0360986 0.0505534 -1.72986e-17)
(0.0333177 -0.0741704 0)
(0.0494684 -0.0208082 1.77139e-17)
(0.00427466 -0.00804237 7.92683e-18)
(0.0221999 -0.0730807 -1.76514e-17)
(-0.0114355 -0.019374 1.76971e-17)
(0.0330355 -0.0808845 -1.31616e-17)
(0.034892 0.0545201 1.30053e-17)
(0.0226984 -0.056221 -1.84954e-17)
(0.0455705 -0.0883663 0)
(-0.00218666 -0.0341844 0)
(0.0156372 -0.0817899 1.91034e-17)
(0.0447922 -0.0881091 1.75762e-17)
(-0.0163881 -0.0193067 0)
(0.0343439 0.0825338 -2.13695e-17)
(0.020769 0.0587193 0)
(0.0415623 -0.087381 -3.08618e-17)
(0.0105536 -0.0329097 0)
(0.0276789 -0.0847028 4.46814e-18)
(0.0208098 -0.0827157 0)
(0.0132439 -0.0642417 0)
(0.0237996 0.0574722 0)
(-0.0329512 0.0170971 1.72239e-17)
(0.0406588 0.0617751 0)
(0.0242286 -0.0817776 1.79745e-17)
(0.0829767 0.109588 0)
(0.0624362 -0.0903564 0)
(0.042133 -0.0878475 0)
(0.0522692 -0.0882128 -3.23333e-22)
(0.016999 0.0291407 -1.75765e-17)
(0.0518795 -0.0825964 2.17866e-17)
(0.0102166 0.0624203 -1.49848e-17)
(0.0307508 -0.0686589 0)
(0.084102 0.135473 -4.69122e-18)
(0.053905 -0.153726 1.71268e-17)
(-0.00474291 0.0210715 1.81016e-17)
(-0.0171406 0.0301402 -1.52247e-17)
(0.0132201 -0.074383 4.62658e-18)
(0.0206501 0.0427127 -1.72467e-17)
(0.0563348 0.0011812 0)
(0.0451904 -0.0841619 0)
(-0.009868 0.0166021 0)
(0.0223098 -0.0796492 1.79915e-17)
(-0.0123588 0.0247924 0)
(0.0628091 -0.0882884 0)
(0.0179457 0.0305047 0)
(-0.00920594 0.00808768 4.41104e-18)
(0.0854598 0.0596776 1.29169e-17)
(0.0653119 0.132488 -7.79347e-22)
(0.0402552 -0.0784365 4.3758e-18)
(0.0364098 -0.0871149 -1.76453e-17)
(0.0306223 -0.0544267 -4.49853e-18)
(0.0450275 -0.163387 0)
(0.0745025 0.111908 -1.80662e-17)
(0.0670555 -0.14051 -2.141e-17)
(0.0293735 -0.0853728 -4.43725e-18)
(0.0872249 0.111592 0)
(0.0655958 -0.0908233 0)
(0.0291222 0.0258474 -1.02422e-22)
(-0.029381 -0.0249855 0)
(0.0405245 -0.0835615 -4.3721e-18)
(0.0157022 -0.00830934 1.65357e-17)
(-0.0186045 0.024128 -1.72889e-17)
(0.0809918 0.0662736 -1.72365e-17)
(0.0890437 0.0893387 0)
(0.0496281 -0.0870153 0)
(0.0714704 -0.0906349 -1.72659e-17)
(0.0622005 -0.0920557 1.72928e-17)
(-0.0101793 -0.0463332 0)
(0.086548 0.153264 0)
(0.115347 0.0621608 0)
(0.0564143 -0.0891937 -1.73972e-17)
(0.0393421 -0.0399735 3.67229e-17)
(0.0312805 -0.177895 4.26055e-18)
(0.0835878 0.102072 -2.17977e-17)
(0.03904 0.0405654 -4.32088e-18)
(0.0318368 -0.0811129 -1.78406e-17)
(0.0844816 0.065668 1.76666e-17)
(-0.0163892 0.0208125 -2.16775e-17)
(-0.010311 0.023089 0)
(0.073334 0.05185 0)
(0.0151789 0.0177167 0)
(0.00539461 -0.206569 4.24638e-18)
(0.0711298 -0.129351 4.29945e-18)
(0.0552887 0.0498128 0)
(0.0362165 -0.0824779 0)
(-0.0152475 -0.229317 -1.69503e-17)
(0.0844563 0.0700594 0)
(-0.0367737 -0.0463984 0)
(0.0797125 -0.116526 -1.292e-17)
(0.0715846 -0.0961784 1.72484e-17)
(0.113191 0.0555408 1.71756e-17)
(0.0220537 -0.183337 -4.26346e-18)
(0.0234741 -0.003108 4.3604e-18)
(0.0670031 -0.0962542 0)
(0.0844146 -0.0945777 1.72455e-17)
(-0.161904 0.00801623 -1.08946e-17)
(-0.0255428 -0.082579 0)
(0.0541337 -0.0876404 1.31081e-17)
(0.0284402 -0.0762667 1.7605e-17)
(0.169746 -0.00445925 2.138e-17)
(0.0264239 -0.0840896 0)
(0.0888542 0.00102961 1.5666e-21)
(0.0786614 -0.0991743 0)
(0.0408486 0.0411944 -5.65313e-18)
(-0.00911634 -0.218462 1.27428e-17)
(0.00168209 -0.234341 -1.27175e-17)
(0.0430333 -0.0791839 1.75064e-17)
(-0.046556 0.00477736 7.43161e-18)
(0.0107085 0.0112501 0)
(-0.00841241 -0.237446 0)
(0.00335566 -0.00328526 1.51594e-17)
(0.0334687 -0.131264 0)
(0.000303822 0.0259756 2.16834e-17)
(0.0626641 -0.100216 0)
(0.0592553 -0.128275 0)
(-0.00180258 -0.231526 -2.11974e-17)
(0.157941 -0.00541375 1.71178e-17)
(0.0517597 0.0553124 0)
(0.163262 -0.00626367 5.52805e-22)
(0.00129125 0.0337558 1.72756e-17)
(0.171918 0.00651788 -4.27205e-18)
(0.183624 0.0450528 -1.69888e-17)
(0.173623 0.0340044 -4.26559e-18)
(0.043312 -0.151994 4.28109e-18)
(0.174279 0.0174391 -3.41647e-17)
(0.0104492 -0.173027 2.13541e-17)
(0.12444 0.0481996 0)
(0.0581529 -0.115399 0)
(0.166943 -0.0079197 0)
(0.0521108 -0.000147129 0)
(0.0323899 -0.155494 -4.27285e-18)
(0.0114064 -0.151866 -4.2724e-18)
(0.047606 -0.153918 4.27248e-18)
(0.203095 0.0538643 -1.69879e-17)
(0.103744 0.0557516 -1.71951e-17)
(0.0691285 0.112951 3.47381e-17)
(0.0461799 -0.137969 -4.28244e-18)
(0.0667831 -0.10865 0)
(-0.0294982 -0.207781 4.29173e-18)
(0.0221398 -0.171129 0)
(0.00962907 -0.169794 -1.70806e-17)
(0.0323471 -0.0709025 1.31042e-17)
(0.026197 -0.168751 4.26631e-18)
(0.021183 0.0362113 4.32251e-18)
(0.207941 0.115221 1.69226e-17)
(0.00233348 -0.188258 -4.26036e-18)
(-0.00513656 -0.184225 -2.98238e-17)
(0.023921 -0.220609 -1.27296e-17)
(-0.0455627 -0.192545 1.28317e-17)
(0.0805454 0.00533809 -8.26079e-18)
(0.0571241 -0.0874391 -2.17358e-17)
(0.079613 0.0447217 0)
(-0.0370145 -0.214989 -4.23904e-18)
(0.161416 0.0295267 4.27521e-18)
(0.0042675 -0.217526 -4.2457e-18)
(-0.0104061 -0.19956 -1.27526e-17)
(0.102335 0.000489317 -1.7104e-17)
(0.119486 0.0205837 0)
(0.0444435 0.0347928 0)
(0.0667821 -0.0771811 -4.34589e-18)
(0.210398 0.14181 -3.80835e-17)
(0.136274 -0.00234012 -1.71392e-17)
(-0.0266491 -0.226976 4.24041e-18)
(0.0905244 0.0280348 -4.29342e-18)
(0.219543 0.0313072 -1.69865e-17)
(0.00198071 -0.221237 4.24606e-18)
(-0.139333 0.0245198 -2.42569e-19)
(0.091089 0.00976634 0)
(0.0127441 -0.228148 1.27289e-17)
(0.112256 0.0318509 2.14327e-17)
(0.1947 0.117468 0)
(-0.00189182 -0.196495 1.70324e-17)
(0.0420124 0.00127376 8.72286e-18)
(0.224233 0.136495 2.114e-17)
(-0.145539 -0.0184878 0)
(0.230255 0.104476 1.26931e-17)
(0.148898 0.044904 -1.71248e-17)
(0.224235 0.124201 -4.23359e-18)
(0.198931 0.0208788 1.48477e-22)
(0.138922 0.0110949 -1.28648e-17)
(0.0923431 0.0871813 1.2958e-17)
(0.235545 0.0620055 -2.116e-17)
(0.117848 -0.0219959 -4.29195e-18)
(0.0183704 -0.214388 -4.25183e-18)
(0.125368 0.0359955 0)
(0.0890261 0.0418811 1.71703e-17)
(0.222208 0.0890557 0)
(0.120125 -0.100974 1.27893e-17)
(-0.120619 0.0403685 1.54195e-17)
(-0.0874735 0.0677657 0)
(0.111017 0.109476 -1.70706e-17)
(0.0457249 -0.0325316 0)
(0.000207091 -0.14199 3.43623e-17)
(0.224151 0.118436 0)
(-0.121097 0.0535343 -1.64942e-17)
(-0.00895226 -0.17436 2.12868e-17)
(0.223685 0.0886031 -1.27885e-17)
(0.237164 0.0913499 -2.38653e-21)
(0.139895 -0.0853276 4.2608e-18)
(0.170703 0.17814 -2.11831e-17)
(0.173384 0.0909001 1.71234e-17)
(0.145384 -0.00219049 1.71408e-17)
(-0.0232805 0.00390441 -9.62262e-18)
(0.012966 0.00498972 1.63339e-17)
(-0.0102443 -0.00988323 1.08208e-18)
(-0.0254171 0.0371524 2.04794e-18)
(0.00780407 0.00855253 -3.79345e-23)
(0.130145 -0.0765944 -3.46854e-17)
(-0.0451121 -0.00821983 0)
(0.0572653 -0.0099655 -1.51511e-17)
(-0.031379 -0.0156686 -2.53879e-17)
(-0.0206194 0.098974 -4.48624e-17)
(-0.0196654 -0.0128019 -1.72579e-17)
(0.0377579 -0.00176224 0)
(-0.0451366 0.026001 2.51896e-17)
(-0.00302289 -0.00389822 1.74029e-17)
(0.0387194 -0.046748 1.87745e-17)
(-0.0250221 0.00451355 0)
(0.0655726 -0.18605 1.27775e-17)
(-0.0470667 -0.0122335 -2.67006e-17)
(0.118546 -0.0408435 0)
(0.187856 -0.034863 -4.25939e-18)
(-0.0682483 0.00932518 0)
(0.247055 0.0624037 -1.27091e-17)
(0.167897 -0.0486319 4.26214e-18)
(-0.134115 -0.00161645 0)
(-0.0543941 -0.0204309 0)
(0.0300671 -0.202401 4.25161e-18)
(0.0713892 0.0355682 -1.71903e-17)
(0.156632 0.0166938 -4.27668e-18)
(0.187111 0.0782091 1.2744e-17)
(0.0429806 0.0171368 -3.01831e-17)
(-0.0264066 -0.197809 4.28442e-18)
(0.163549 0.134959 -1.26527e-17)
(0.110035 0.0402653 0)
(-0.0562716 0.0839787 -6.28197e-21)
(0.159557 0.00511224 2.13391e-17)
(0.0754049 -0.108795 -4.29713e-18)
(0.153234 0.063791 -8.56793e-23)
(0.170908 0.168909 -1.26465e-17)
(-0.0143029 -0.154715 -4.32022e-18)
(0.175405 0.0518439 3.41211e-17)
(-0.0449947 -0.0180021 1.57463e-17)
(0.0981235 -0.0226458 3.87075e-17)
(0.180311 0.141576 -2.11185e-17)
(0.154824 -0.0302221 -1.27997e-17)
(0.214606 0.000751959 2.12344e-17)
(0.0067622 0.0220274 -3.46673e-17)
(-0.087554 0.0519464 1.71836e-17)
(0.0223317 -0.185039 -2.13112e-17)
(0.229193 0.0690134 1.70035e-17)
(0.186253 0.0793861 -1.14434e-21)
(0.120523 0.0585394 0)
(-0.00945401 0.103355 2.90904e-17)
(0.0563106 0.0211481 1.29218e-17)
(0.134966 0.0806813 1.73969e-17)
(0.133193 0.0800166 3.37227e-17)
(0.078754 -0.0217469 1.71915e-17)
(0.118068 0.097985 4.26924e-18)
(0.0433651 -0.105027 -1.28661e-17)
(0.0569087 -0.186568 -1.70603e-17)
(0.11143 0.0541573 4.28115e-18)
(0.142588 0.118445 0)
(0.173224 0.167063 -4.24489e-18)
(0.0147694 -0.172167 -4.25979e-18)
(-0.0497141 0.0754318 -1.71922e-17)
(-0.0127904 -0.133502 3.42665e-17)
(-0.0088726 -0.0029804 -1.60261e-17)
(0.190844 0.182328 -1.27074e-17)
(0.170863 0.072058 -1.70408e-17)
(0.189557 0.160873 -1.27073e-17)
(-0.128865 0.0209088 4.27853e-18)
(0.107804 0.112115 1.24196e-17)
(0.131577 0.00328249 1.71568e-17)
(-0.13228 0.0302416 8.41413e-18)
(-0.107111 0.0248913 0)
(-0.0675121 -0.0188177 -9.17765e-18)
(0.000618074 0.0210221 -2.94725e-17)
(-0.00229514 0.0065887 3.50144e-17)
(-0.0857028 -0.0102125 3.99172e-18)
(0.132736 -0.110093 -1.70417e-17)
(0.182593 -0.0610918 4.2583e-18)
(0.00462836 -0.00866512 0)
(-0.110311 0.00539544 -3.53653e-17)
(-0.0250745 -0.011653 0)
(0.17801 0.120054 -2.12362e-17)
(-0.109283 0.0049187 1.71726e-17)
(0.243505 0.0352082 1.69398e-17)
(-0.0185414 -0.215679 -1.69574e-17)
(0.028449 0.116938 2.13467e-17)
(-0.0826671 0.0300124 -1.7195e-17)
(0.0784605 -0.0612525 0)
(-0.120328 -0.0498276 -3.42633e-17)
(0.137456 0.102115 -2.05246e-17)
(0.0452802 -0.137666 2.14061e-17)
(0.0300292 0.00684551 1.72747e-17)
(0.111211 0.0218882 -1.28423e-17)
(0.141059 0.0933534 0)
(0.171029 0.153163 4.24471e-18)
(0.124342 0.10804 -8.54178e-18)
(0.00116825 -0.228333 -4.23942e-18)
(0.135751 0.111633 1.27958e-17)
(0.190453 0.184072 0)
(0.0767614 0.0567272 1.89205e-17)
(0.236852 0.0113894 -2.12315e-17)
(0.190792 0.174808 3.81195e-17)
(0.206761 0.0507394 0)
(0.233072 0.0100565 8.45732e-18)
(0.153063 -0.0946545 0)
(0.126868 -0.070286 4.26661e-18)
(0.199507 -0.0707686 -2.12575e-17)
(0.0606517 0.0174211 -1.48337e-17)
(0.00296248 -0.218887 1.27416e-17)
(0.241685 0.0338419 0)
(0.206045 -0.0475157 -2.24219e-17)
(0.0963376 0.0471906 1.72063e-17)
(0.0956577 -0.159351 -4.26354e-18)
(0.10556 0.0559099 -1.8731e-17)
(0.127802 0.0677046 -1.70985e-17)
(-0.115464 -0.0445007 -4.33995e-18)
(0.178678 0.139614 0)
(0.00300196 -0.186286 0)
(0.071003 -0.126515 -4.2715e-18)
(0.0833035 -0.15934 0)
(0.0476471 -0.200507 2.12873e-17)
(0.0726996 -0.160507 0)
(0.0683619 -0.152177 4.26974e-18)
(0.175552 0.0548835 0)
(0.139852 0.0302947 1.2813e-17)
(-0.0463863 0.0399609 0)
(0.103022 -0.14386 1.70417e-17)
(0.17972 0.12095 4.2439e-18)
(0.072779 0.0467818 3.00799e-17)
(0.0898683 -0.138259 -2.13174e-17)
(-0.00244806 -0.216813 0)
(0.172344 0.0941128 0)
(0.000874286 0.0295017 1.69245e-17)
(0.229832 -0.0163176 2.6215e-17)
(0.209473 0.0343661 0)
(0.0776541 -0.170065 0)
(0.180662 0.160332 2.96029e-17)
(0.204402 0.183697 1.69077e-17)
(0.0225229 0.0278788 -4.38827e-18)
(0.159779 -0.0102313 0)
(0.041522 0.025308 1.72451e-17)
(0.106038 0.09268 8.55282e-18)
(0.162887 -0.00558651 -4.27646e-18)
(0.0178409 -0.0146477 0)
(0.16217 0.113282 4.24041e-18)
(-0.0154093 0.0121239 -7.75093e-18)
(0.169739 0.0186212 0)
(0.17436 0.0758027 0)
(0.09562 0.0771736 -8.5688e-18)
(0.0183686 -0.192853 4.25307e-18)
(0.109294 0.0752923 -8.55989e-18)
(-0.105452 -0.0259577 4.29333e-18)
(0.244849 -0.00764369 8.44684e-18)
(-0.0346555 0.0103484 8.08833e-18)
(0.164632 0.0752088 0)
(0.163269 0.0958374 8.51847e-18)
(0.107538 0.0606308 -4.18987e-22)
(0.0576326 0.0394163 4.30172e-18)
(0.119386 0.0140224 0)
(0.147594 0.0902138 4.26183e-17)
(0.116281 -0.14337 2.12947e-17)
(0.168061 0.0349028 -4.26831e-18)
(0.00247922 0.0227601 -1.28472e-17)
(0.179883 0.0986686 0)
(0.110289 -0.150894 -2.21413e-17)
(0.171028 -0.100177 2.99778e-17)
(0.0384779 -0.185625 -4.2535e-18)
(0.147159 -0.113822 4.25872e-18)
(-0.00419998 -0.15842 1.82047e-17)
(0.091467 0.0654612 -2.57084e-17)
(0.15353 -0.000446546 0)
(0.146797 0.011582 -2.14258e-17)
(0.0262758 0.0208956 0)
(0.107921 -0.0486516 -1.71118e-17)
(0.153178 0.0347654 3.84382e-17)
(0.159306 -0.000323264 4.85212e-22)
(-0.113456 -0.0817268 1.71346e-17)
(0.192141 0.16564 2.1171e-17)
(-0.137866 -0.0469566 0)
(0.103576 -0.0858275 -4.27206e-18)
(0.137242 -0.00555647 1.28102e-17)
(0.0649942 0.036823 0)
(0.00316937 -0.00300977 4.55842e-18)
(0.124322 -0.0208876 1.71596e-17)
(0.0141626 -0.225226 -1.27178e-17)
(-0.0740097 -0.0428949 0)
(0.170055 0.132543 0)
(0.129588 0.0500961 0)
(-0.0404444 -0.0162692 0)
(0.0364555 -0.202054 1.70139e-17)
(0.0814741 0.1001 2.17548e-17)
(-0.107224 -0.127824 -1.7198e-17)
(0.161492 0.00388422 -4.27502e-18)
(0.0647368 -0.0182968 -1.72291e-17)
(0.17336 -0.0173323 1.28034e-17)
(0.0174485 0.00605718 0)
(-0.130534 -0.0621062 4.27546e-18)
(0.0848062 0.00429967 3.87394e-17)
(0.162668 -0.0131789 0)
(0.148809 0.108 -2.13078e-17)
(0.100523 0.0159756 -4.29772e-18)
(0.0915165 -0.0229273 -1.28983e-17)
(0.15901 -0.00674238 0)
(0.082648 0.0750791 8.50255e-22)
(0.116788 0.0163093 -3.4295e-17)
(0.0417147 0.0403863 -4.38436e-18)
(-0.088369 -0.0845539 0)
(0.0991832 0.0411874 0)
(0.0432269 -0.170733 -1.41276e-17)
(-0.104632 -0.139554 -5.44604e-21)
(0.149753 0.0533791 -1.70819e-17)
(0.131156 0.0976149 -1.27972e-17)
(0.154088 -0.0142291 -1.71256e-17)
(0.0217769 -0.187546 0)
(-0.0108844 0.00960341 2.01982e-17)
(0.0789881 0.0662131 8.66107e-18)
(0.154853 -0.0163473 -1.29553e-21)
(0.0106025 0.0126985 -4.40091e-18)
(0.0484508 0.0107929 0)
(-0.0676616 -0.0573306 -3.00483e-17)
(-0.146977 -0.0549215 -3.45049e-17)
(0.0230682 -0.0126814 0)
(0.0654831 -0.0195921 1.72328e-17)
(0.136027 -0.0155059 1.71508e-17)
(0.00398686 -0.208746 0)
(0.109043 0.0102876 -1.71916e-17)
(-0.131461 -0.0909335 -1.70812e-17)
(-0.13948 -0.0641565 1.75965e-17)
(0.152193 0.00162781 1.28525e-17)
(0.0445234 -0.0135664 0)
(-0.0319335 -0.00132726 -1.70326e-17)
(0.102209 -0.0213459 -1.71932e-17)
(0.0590922 0.0485027 4.3841e-18)
(-0.117545 -0.101193 0)
(0.154069 -0.0108477 0)
(0.164303 0.00547694 -1.28315e-17)
(-0.124058 -0.101783 1.7096e-17)
(0.0727488 -0.0215781 -4.30751e-18)
(0.0522986 -0.0167127 0)
(-0.0273113 -0.00232321 0)
(0.165116 0.0706072 -2.97519e-17)
(0.196128 0.177215 -4.23315e-18)
(-0.0176132 -0.143962 4.57923e-18)
(0.143964 0.00355643 2.14047e-17)
(0.160609 0.13513 1.27482e-17)
(0.167123 0.145616 -2.97459e-17)
(0.128565 -0.0218316 -2.14587e-17)
(0.145961 -0.0153585 -1.71476e-17)
(0.151271 -0.00327229 2.14229e-17)
(0.145663 -0.0193947 3.85663e-17)
(0.19257 0.169049 1.27006e-17)
(0.17354 0.147834 -1.27388e-17)
(0.0701564 0.0028753 -4.39008e-18)
(0.054082 -0.190793 0)
(0.13129 -0.00778786 -3.42985e-17)
(0.204999 0.178155 -1.69107e-17)
(0.0300395 -0.0138363 -1.72838e-17)
(-0.124239 -0.0843462 1.71139e-17)
(0.139357 0.0176483 -1.7119e-17)
(0.135945 0.00206423 0)
(0.133888 0.0319253 0)
(0.0287038 -0.0827297 0)
(0.167755 0.100976 1.70033e-17)
(0.0256435 0.0256278 0)
(0.0879647 0.0125327 -1.29123e-17)
(0.0505333 -0.0163035 0)
(0.0758779 0.0147635 0)
(0.115844 0.046428 0)
(0.125237 0.030654 -4.28936e-18)
(0.0433682 -0.0156219 0)
(0.0100767 -0.204349 1.69999e-17)
(0.194105 0.158827 -4.23409e-18)
(0.143527 0.0156298 0)
(0.0815358 0.0431134 -2.17721e-17)
(-0.0921335 -0.120173 -1.72212e-17)
(0.10174 0.0255229 0)
(0.191512 0.137671 4.23441e-18)
(0.0613804 -0.0400124 0)
(0.0168482 -0.0612771 1.3095e-17)
(0.111046 0.0304048 0)
(0.0230451 0.0088859 0)
(-0.0756508 -0.128738 -1.72356e-17)
(0.132142 0.025375 0)
(0.144628 -0.000707481 -1.71451e-17)
(0.119075 0.0251697 4.2929e-18)
(-0.0932783 -0.0825282 0)
(0.151154 0.128354 1.27643e-17)
(0.127504 0.00844851 4.29194e-18)
(-0.0038549 0.0006577 0)
(0.067248 0.0319052 -1.17148e-17)
(0.220212 0.153467 -2.11435e-17)
(-0.113052 -0.122517 3.93331e-21)
(0.099966 0.0433428 -1.72005e-17)
(0.0112961 0.0119861 1.73337e-17)
(0.141895 0.0095995 -1.71478e-17)
(0.0348309 -0.000117711 0)
(0.0336623 0.0207168 -1.29839e-17)
(0.12928 0.0434186 0)
(0.183904 0.125966 -1.69997e-17)
(0.136682 -0.00596894 0)
(0.0742922 -0.0152694 4.30923e-18)
(0.101575 0.0585501 4.29901e-18)
(0.121358 -0.017381 0)
(0.136841 0.0177123 4.28966e-18)
(0.0560334 0.00291096 1.508e-17)
(0.134796 0.0140006 1.28632e-17)
(0.0191099 -0.0886033 0)
(0.058376 0.0109956 -1.29239e-17)
(-0.0835246 -0.0943715 0)
(0.0759256 0.0208751 0)
(0.0554883 0.00782289 -1.55368e-17)
(0.138406 0.0271817 0)
(-0.0451988 -0.0780576 0)
(0.00903253 -0.00612005 -4.51617e-18)
(0.0109176 -0.0129791 2.17771e-17)
(0.12323 0.0450234 -1.71674e-17)
(0.108104 -0.00826164 -1.71808e-17)
(0.0180366 -0.0676552 1.8027e-17)
(-0.00909855 0.0099116 1.75871e-17)
(0.1087 0.034031 0)
(0.127741 -0.00196554 -4.29195e-18)
(0.0886187 0.0333116 0)
(-0.0253506 0.0287531 -8.94921e-18)
(0.130327 0.0339414 6.40214e-22)
(0.142428 0.00401034 0)
(0.126246 0.0886526 -2.17268e-17)
(0.0900386 0.0272263 0)
(0.066942 0.0164026 -4.31673e-18)
(-0.0150392 0.0123477 1.37525e-17)
(-0.0412243 -0.109068 1.73065e-17)
(0.108196 0.0497375 1.71881e-17)
(0.0674445 -0.00688157 1.29279e-17)
(0.071602 0.0286707 -7.21202e-18)
(0.101911 0.00321852 3.43593e-17)
(0.1283 0.0288527 1.71636e-17)
(0.0565768 0.0227127 -4.31671e-18)
(0.0733495 0.0296603 0)
(0.105527 0.0768962 0)
(0.076624 0.0969397 1.73893e-17)
(0.0953945 -0.0156083 1.28971e-17)
(0.149978 0.112239 2.17028e-17)
(-0.0154869 -0.000810547 -4.31482e-18)
(0.136686 -0.0141291 0)
(-0.00100036 0.0319945 0)
(0.213726 0.173685 0)
(0.0229851 -0.0162778 -1.73443e-17)
(0.0176043 0.0398516 0)
(0.0728745 0.0973205 -1.76799e-17)
(-0.0316166 -0.044242 3.05375e-17)
(0.107463 -0.000443693 3.43758e-17)
(0.0932412 -0.000959889 -1.7223e-17)
(0.198141 0.147867 0)
(0.0880872 -0.0089998 -1.7222e-17)
(0.0798357 0.00186218 0)
(0.0979215 0.0278818 0)
(0.112505 0.0729717 0)
(0.0869334 0.0735138 1.30159e-17)
(0.0288348 0.00715869 0)
(0.0191924 -0.0797719 0)
(0.0464759 0.00123106 0)
(0.0690161 0.0545506 0)
(0.0687948 -0.0823069 -4.3429e-18)
(0.0303709 0.0427077 0)
(0.215871 0.16168 2.11273e-17)
(0.107156 0.0643304 -4.29818e-18)
(0.0482855 0.0193885 0)
(0.0736048 -0.0178292 -1.72396e-17)
(0.0752489 0.0138823 -4.30246e-18)
(0.000823529 0.030555 4.48022e-18)
(0.122811 0.0418157 0)
(0.0616115 0.0449225 -1.67812e-17)
(0.0902616 0.0732208 -1.72535e-17)
(0.0240182 -0.00508919 4.40583e-18)
(0.0823868 0.0648016 -1.29772e-17)
(0.0531941 -0.011193 2.20052e-17)
(0.0159056 0.00216538 -1.73606e-17)
(0.10226 0.0721083 0)
(-0.0294124 -0.0769814 0)
(0.0111693 -0.0348487 0)
(0.0763324 0.10339 0)
(0.0847246 0.0796047 -1.29925e-17)
(0.0506385 0.0676794 -4.34218e-18)
(0.0871918 0.0788995 1.72666e-17)
(-0.0036473 -0.0289476 1.03862e-17)
(0.066972 -0.0131809 -4.34855e-18)
(-0.0249682 0.0382093 1.80334e-17)
(0.108957 0.00658756 0)
(0.0701545 0.0677824 -1.3779e-17)
(0.111895 -0.0139025 4.29796e-18)
(0.198377 0.167944 0)
(0.123506 0.0499845 -1.71742e-17)
(0.114849 -0.00565302 4.29844e-18)
(0.0563608 0.0626254 -2.18775e-17)
(0.0406673 -0.00981657 0)
(0.0756403 0.0771171 -3.46234e-17)
(0.0736262 0.0917046 0)
(0.0755571 0.0869658 0)
(0.0173983 -0.0450205 4.49375e-18)
(0.0703609 0.0840041 0)
(0.0822136 0.0836933 -1.30236e-17)
(0.0815698 0.0721181 -4.33177e-18)
(0.0213166 0.0229944 -2.17559e-17)
(0.051652 -0.00698458 4.31563e-18)
(0.0427464 -0.0112222 0)
(0.0815956 -0.0841538 -3.45839e-17)
(-0.0332693 0.00660589 4.2213e-18)
(0.0955185 -0.0146646 1.29196e-17)
(0.00614603 -0.0563474 -1.30359e-17)
(0.116927 0.0645241 -1.71984e-17)
(0.0601154 0.00564264 0)
(0.189417 0.15116 1.69605e-17)
(0.117867 0.060071 3.86522e-17)
(-0.00822912 -0.00333757 -2.25972e-17)
(0.106564 0.00021856 1.71931e-17)
(0.0355519 -0.0721928 -1.74932e-17)
(0.0684913 0.0715979 -1.55601e-17)
(0.0799065 0.0775205 -4.34225e-18)
(0.0894757 -0.0196097 -1.72083e-17)
(0.145886 -0.00373817 0)
(-0.0291728 0.018799 0)
(-0.03282 -0.184022 -4.29687e-18)
(0.0179629 -0.079214 0)
(0.0960051 0.0141764 2.1514e-17)
(0.14075 0.113 0)
(0.132777 0.0135214 0)
(0.0204415 0.0479325 2.17154e-17)
(0.0767106 0.0891187 0)
(0.159732 0.133625 -1.70263e-17)
(0.0746928 0.0810988 -9.42269e-22)
(0.10894 0.018918 -1.7201e-17)
(0.0318 -0.0210743 1.74115e-17)
(0.0341655 -0.0865895 4.42284e-18)
(-0.0656066 0.0113673 1.56719e-17)
(0.112271 0.0982287 -2.12205e-17)
(-0.0227272 -0.0490865 0)
(0.0385864 -0.0754946 0)
(0.0510716 -0.0844861 5.07487e-23)
(0.0743119 -0.00802023 0)
(0.0499317 -0.0857637 -4.37895e-18)
(0.0213054 -0.0113836 1.72176e-17)
(0.0654019 0.0841531 -1.30279e-17)
(0.0645215 0.0649881 1.53995e-17)
(0.0298251 -0.0534063 -1.7795e-17)
(0.0786686 0.0896427 0)
(0.0311411 -0.0101855 0)
(0.0652665 -0.00329561 -4.39027e-18)
(0.0803189 0.0870731 0)
(0.0283975 0.0542114 -1.74753e-17)
(0.0381024 -0.084908 -4.43222e-18)
(0.01765 -0.0366097 1.30365e-17)
(0.0502811 -0.0462153 4.35624e-18)
(0.0780764 0.0816677 0)
(0.00919627 0.000402111 -2.2095e-17)
(0.0640405 0.0768805 0)
(0.0385223 0.00072662 4.33152e-18)
(0.0730962 0.0863684 1.73991e-17)
(0.0402056 -0.014094 0)
(0.0660264 0.0642975 0)
(0.0547314 0.0562242 8.01255e-18)
(0.0935261 0.00430701 -1.71917e-17)
(0.0453374 -0.00255256 2.17977e-17)
(0.0651715 0.0795022 0)
(0.0332477 -0.036355 -1.7418e-17)
(0.0554412 0.0731188 1.73724e-17)
(0.0639711 0.0689934 1.73127e-17)
(0.0634288 0.0901139 3.95155e-18)
(0.0618885 0.0780727 -3.99977e-18)
(0.076447 0.0850979 -1.83951e-17)
(0.0617677 -0.0174883 1.31208e-17)
(0.0602224 0.0836147 -3.90964e-18)
(0.0586926 0.0753078 -1.73976e-17)
(0.0749013 0.087885 -1.79118e-17)
(-0.0293306 0.0515315 -1.8811e-17)
(0.0480641 0.057612 2.18523e-17)
(0.0437564 -0.0869853 1.76028e-17)
(0.0182607 -0.0502361 -1.79258e-17)
(0.0474681 -0.0782039 4.36966e-18)
(0.0666834 0.0794707 1.67702e-17)
(0.0774348 0.0923417 -1.7375e-17)
(0.0416665 -0.0540139 -1.37608e-17)
(0.050395 0.0645102 0)
(0.0716658 0.10461 0)
(0.0501137 0.0664711 -1.74278e-17)
(0.053411 -0.0307714 -4.36527e-18)
(0.0464469 -0.0694839 -4.36424e-18)
(0.064967 -0.0314369 1.75093e-17)
(0.0815268 0.0915631 -1.74725e-17)
(0.0338547 -0.11537 0)
(-0.0631456 0.0092938 8.82027e-18)
(0.0827849 0.0975927 -1.7417e-17)
(0.0543125 -0.0689449 -4.87015e-22)
(0.0438201 -0.0847589 0)
(0.0815721 0.0964733 1.73887e-17)
(-0.00318489 -0.0190164 -1.01073e-18)
(0.0557511 0.0688167 -4.3671e-18)
(0.0591787 -0.015328 0)
(-0.0784571 -0.174565 4.29455e-18)
(0.00830378 -0.0650304 1.8853e-17)
(0.0330787 -0.0304017 -1.75114e-17)
(0.0519141 -0.0816915 4.37246e-18)
(0.0433819 -0.0690504 0)
(0.034334 -0.0622714 -4.45733e-18)
(-0.0418106 -0.0100954 0)
(-0.0454846 0.0133835 0)
(0.0081537 -0.0399722 0)
(0.0524477 0.0451965 2.37378e-17)
(0.0250973 -0.0296918 0)
(-0.0269145 -0.136214 0)
(0.0407616 -0.0093539 -1.50983e-17)
(0.0552195 0.135174 -6.53525e-22)
(0.0585401 -0.0575594 0)
(0.0424031 -0.0817605 -1.75977e-17)
(0.0219479 -0.0823679 0)
(0.0815254 0.0948402 -1.74466e-17)
(-0.0371684 -0.0141458 -1.76922e-17)
(0.0413219 -0.0858215 4.41139e-18)
(0.0635153 -0.0863441 4.34797e-18)
(0.0403221 -0.0803984 0)
(0.0128401 -0.0301603 -4.53452e-18)
(0.0461204 -0.0858006 0)
(0.0338746 -0.0397846 0)
(-0.0168924 0.0140544 -8.2161e-18)
(0.0362185 -0.0467524 -4.37589e-18)
(0.0696503 0.0753824 1.30995e-17)
(-0.0617138 0.00558136 -1.75316e-17)
(0.0813305 0.159532 -1.80841e-17)
(0.0353136 0.0034166 6.83142e-19)
(0.00151267 -0.0786249 0)
(0.0437905 -0.00535233 3.72622e-18)
(0.0427242 -0.0836069 0)
(0.0181187 -0.0120617 1.20079e-17)
(-0.0172293 -0.00740845 3.66678e-17)
(0.0288691 -0.0613175 1.75279e-17)
(0.060262 0.106207 -1.85284e-17)
(0.0914991 0.0913864 2.16403e-17)
(0.0753802 0.0820567 4.37259e-18)
(0.0884062 0.105483 0)
(0.0365711 -0.0603189 2.1953e-17)
(0.0137613 -0.0415376 -1.35612e-17)
(0.0873533 0.0935799 -2.18784e-17)
(0.0745058 0.073646 -4.37688e-18)
(0.0234879 -0.0331196 0)
(0.0682553 0.0795269 3.48724e-17)
(0.0296063 -0.0366304 1.74724e-17)
(0.0468775 -0.0965316 1.73259e-17)
(0.0382291 0.0610275 4.34634e-18)
(-0.0352187 0.00431203 0)
(0.0433793 -0.081475 1.74929e-17)
(0.0826566 0.0943841 0)
(0.0810615 0.0849829 -4.38185e-18)
(0.0902951 0.130892 0)
(0.026656 -0.0463297 0)
(0.0817613 0.078223 -1.31871e-17)
(-0.0537447 -0.00757018 -2.20189e-17)
(0.0166463 -0.0925784 6.11192e-19)
(0.00219608 -0.0742668 1.74613e-17)
(-0.0140195 0.0290975 -1.74901e-17)
(0.0169029 -0.0538853 -1.80664e-17)
(0.0796541 0.090979 2.41972e-22)
(0.0725984 0.083587 4.36909e-18)
(0.00925727 0.0418992 1.75144e-17)
(0.0801798 0.092069 4.10343e-22)
(0.087623 0.147924 -1.80046e-17)
(0.101056 0.0795594 -1.72836e-17)
(0.0169677 -0.107089 0)
(0.0164626 0.000742279 0)
(-0.0573152 0.00513502 4.39233e-18)
(0.0772788 0.0449264 4.42692e-18)
(0.0884915 0.0904217 -4.426e-18)
(-0.0271084 0.020451 0)
(-0.0240378 -0.00114596 0)
(0.0870488 0.0932483 4.41007e-18)
(0.0999006 0.0607 -1.7232e-17)
(0.0203133 -0.0445057 0)
(0.0915206 0.10903 0)
(0.0297359 -0.0168003 0)
(0.0836908 0.09801 2.18656e-17)
(0.00624931 -0.122427 -1.70332e-17)
(0.0844261 0.094523 1.31214e-17)
(0.0599424 -0.0749471 -1.30744e-17)
(0.0864051 0.0543661 1.26551e-17)
(0.0365645 -0.0351655 -1.86303e-17)
(0.0569645 -0.0816328 -4.36005e-18)
(0.0869007 0.0946786 7.08878e-22)
(-0.0602162 0.00656456 -1.55652e-17)
(0.09106 0.107932 0)
(0.0290147 -0.0486073 -1.30872e-17)
(0.0588921 -0.0846793 4.35287e-18)
(0.0558786 -0.113814 4.29594e-18)
(0.080298 0.181631 -1.80593e-17)
(0.0882896 0.137136 4.40754e-18)
(-0.0227309 0.0386363 4.84831e-18)
(0.0828435 0.0902505 -8.506e-22)
(0.110413 0.127046 0)
(0.145933 0.164302 1.26879e-17)
(0.0829228 0.0954926 0)
(0.0813514 0.0941854 -1.74221e-17)
(0.00101206 -0.0572856 0)
(0.0729694 -0.0871208 0)
(0.0312706 -0.0437003 1.87985e-17)
(0.0910992 0.127234 0)
(-0.0323456 0.0206428 -1.75083e-17)
(0.0708429 -0.0602609 -1.74152e-17)
(0.086348 0.10498 0)
(0.0348472 0.114646 -2.13486e-17)
(-0.0148557 0.0174283 -4.40485e-18)
(0.101826 0.0830554 1.29541e-17)
(-0.00195158 0.0722404 -1.28692e-17)
(0.0204306 -0.0623687 1.78365e-17)
(-0.00413793 0.0320632 1.75506e-17)
(0.0851048 0.0960752 -4.38511e-18)
(0.0965055 0.0811619 -6.19636e-22)
(0.0330499 0.0539744 0)
(0.111637 0.0697582 4.31516e-18)
(0.00365268 -0.014901 2.75205e-23)
(0.0400954 0.00268322 -4.31615e-18)
(0.0745721 0.071988 1.71051e-17)
(0.0849259 0.0928714 4.37408e-18)
(-0.0460994 0.00826088 0)
(0.0830133 -0.0768245 -5.66256e-22)
(0.00686911 0.0416124 1.30937e-17)
(0.0830947 0.0946013 -1.73768e-17)
(0.0833973 0.0874614 -4.33874e-18)
(0.0316628 -0.0192523 2.12853e-17)
(-0.0358272 0.00633064 0)
(0.000563211 -0.044533 0)
(0.00176072 -0.0572339 0)
(-0.0369465 0.0158822 4.3091e-18)
(-0.0658673 -0.0547164 0)
(-0.0543767 -0.000706117 1.82337e-17)
(0.0408365 0.0626409 -1.745e-17)
(0.106405 0.0672789 1.78952e-17)
(-0.0176145 -0.149686 4.27451e-18)
(0.00654847 -0.0774802 0)
(0.071964 0.0346132 3.16931e-17)
(0.0882244 0.0907998 4.34985e-18)
(0.0924451 0.0932299 1.7316e-17)
(0.0914303 0.0885661 -1.29943e-17)
(2.6667e-05 0.0258293 -1.32099e-17)
(-0.0788222 -0.115976 0)
(0.0880499 0.11625 0)
(0.0745214 -0.069162 3.90734e-17)
(-1.83519e-05 -0.0283877 0)
(0.10264 0.0856009 -1.7294e-17)
(-0.0905238 -0.158369 -4.30449e-18)
(0.0830025 0.0934091 0)
(0.0879744 0.0935762 3.47376e-17)
(0.0435938 -0.0706568 0)
(0.0209048 0.0497075 2.17846e-17)
(0.0201072 -0.105196 0)
(0.0217708 0.0427856 0)
(0.0310404 -0.072369 0)
(0.0845677 -0.113854 0)
(-0.0156169 0.00729968 1.01387e-17)
(-0.0466969 0.013417 0)
(0.0947551 0.0913274 -2.16789e-17)
(-0.0220439 -0.105517 0)
(0.0798475 -0.0534645 1.74322e-17)
(0.088782 -0.110705 1.72821e-17)
(0.089764 0.119768 1.74928e-17)
(0.0302001 -0.0575212 4.39782e-18)
(0.0385 -0.0754421 0)
(-0.00638082 0.0451659 2.943e-17)
(0.0873721 0.130761 -2.19963e-17)
(0.0428302 -0.0489268 0)
(0.104053 0.0689278 0)
(0.106285 0.0812889 -1.72949e-17)
(0.0238959 -0.129816 0)
(0.136365 -0.135292 2.13568e-17)
(0.0203285 -0.0203986 -3.32545e-17)
(0.076166 -0.0466389 -1.74331e-17)
(0.0558127 -0.0950628 -1.30195e-17)
(0.0371117 0.114243 9.46367e-18)
(0.0337744 -0.0583898 -1.31458e-17)
(0.0268418 -0.0650047 0)
(0.000628046 -0.0290825 0)
(0.0535494 -0.0600404 -4.34032e-18)
(-0.0635441 -0.190411 4.2755e-18)
(0.0466746 -0.0746904 -4.37074e-18)
(0.0895325 -0.0760791 0)
(-0.00646617 -0.130534 0)
(0.0407031 -0.0703624 2.18941e-17)
(0.0363059 -0.0606202 -2.19378e-17)
(0.0746462 -0.132521 -4.2956e-18)
(0.145159 0.158943 4.23759e-18)
(0.0936752 0.0843985 2.16371e-17)
(0.0963758 0.0869851 0)
(0.110253 0.0757653 1.29611e-17)
(0.0404544 -0.0607072 4.44607e-18)
(-0.0109498 0.0872109 1.71721e-17)
(0.00146037 -0.0516443 0)
(0.0407865 0.0267151 8.72729e-18)
(-0.037849 -0.0116933 0)
(0.0776834 0.0457064 -4.27765e-18)
(-0.0563859 -0.170955 4.27315e-18)
(0.00140553 -0.0743145 4.0279e-17)
(0.0992602 0.0890495 4.33127e-18)
(0.0903631 -0.0685544 0)
(0.0878609 0.0651302 1.29935e-17)
(0.0664736 0.0460058 -4.20151e-18)
(-0.0733332 -0.0188974 -4.29429e-18)
(0.0810335 0.0551545 4.33798e-18)
(0.0643448 0.0507061 0)
(0.0265735 -0.0233463 -3.37478e-17)
(0.0372527 -0.0526479 0)
(0.0854767 -0.0544949 0)
(-0.0536297 -0.186186 2.14719e-17)
(0.101848 0.0482941 0)
(0.0129786 -0.113655 -4.27477e-18)
(0.0995367 0.072244 0)
(0.0642599 0.0533245 0)
(0.0387277 -0.0847 -1.74092e-17)
(0.0655373 0.0604362 -2.42563e-17)
(0.000768311 -0.0370501 0)
(-0.0547447 0.0112654 1.34681e-18)
(0.0402501 -0.0575643 0)
(0.113218 0.0139334 1.69507e-17)
(0.0216402 -0.107199 0)
(-0.0885108 -0.137813 0)
(0.0308203 -0.0444669 -4.53123e-18)
(-0.00866245 -0.0860965 1.73184e-17)
(0.00399232 0.0121156 -3.4323e-17)
(-0.0511227 -0.204768 -2.13296e-17)
(-0.0763377 -0.155556 3.43317e-17)
(0.0684596 0.152044 -1.7975e-17)
(0.00112389 -0.0379292 1.78335e-17)
(0.0449711 -0.0699334 -4.36148e-18)
(-0.00773907 -0.157442 -1.72018e-17)
(0.0113635 -0.0822335 4.35252e-18)
(0.0478063 -0.108772 0)
(0.039296 -0.0739775 1.74271e-17)
(0.0848067 -0.0964357 4.32626e-18)
(0.0795608 -0.0395547 -3.48819e-17)
(0.0914086 -0.0945951 0)
(0.0153742 -0.0152073 0)
(0.0945118 -0.0832631 0)
(0.16689 -0.11379 -1.70341e-17)
(0.0356616 -0.0505534 -4.3791e-18)
(0.16487 0.0398818 0)
(0.115504 0.0433496 0)
(0.0532493 -0.0868587 -4.3391e-18)
(0.00381837 -0.0360132 3.07573e-17)
(0.0671593 -0.0911224 -4.31446e-18)
(0.00295341 -0.0767326 -2.06458e-17)
(0.0515258 0.0411708 -1.8457e-17)
(0.00184424 0.0323104 1.67298e-17)
(0.195402 -0.0166215 9.03612e-18)
(0.0274743 -0.0149384 1.74168e-17)
(0.0473361 -0.0769707 4.3383e-18)
(0.0507714 0.0611182 0)
(0.0704657 0.0624994 0)
(0.0343523 0.0347447 5.10712e-18)
(-0.0244926 -0.097481 -1.79221e-17)
(-0.0769547 -0.162342 -4.27887e-18)
(0.0231462 -0.0891848 1.73421e-17)
(-0.0565243 -0.159822 -2.14751e-17)
(0.0248909 0.0144941 4.46423e-18)
(0.0258588 0.170247 0)
(0.079875 0.158175 1.75386e-17)
(0.036747 -0.00194257 0)
(0.0622981 0.212897 1.39486e-17)
(0.0530555 0.0134637 -1.83381e-17)
(0.019944 -0.0962949 -1.26728e-17)
(0.0022102 -0.0459505 0)
(0.0122282 -0.0832633 1.90936e-17)
(0.0136345 -0.0330171 3.70532e-17)
(-0.00251248 -0.0251107 -1.96721e-17)
(-0.00343103 -0.013622 -1.58903e-17)
(-0.0179343 -0.023945 0)
(0.0611394 0.0174409 0)
(0.0576492 0.0636 0)
(0.0572385 0.0676639 2.01727e-17)
(-0.0286672 -0.107004 -1.66138e-17)
(0.0399623 0.0476101 0)
(0.0811702 0.133453 4.7608e-18)
(0.0512522 0.0929182 5.06092e-18)
(-0.0571902 -0.018139 -1.32594e-17)
(0.00307349 -0.0522889 0)
(0.0279869 0.0356098 0)
(0.154032 0.0511814 0)
(-0.0323106 -0.0263309 0)
(0.0347722 0.149622 0)
(0.0235217 0.0451192 -2.92483e-17)
(0.0577874 0.207752 0)
(0.0732086 0.0656801 0)
(0.00288312 -0.143201 9.25479e-18)
(0.0264116 0.186432 0)
(0.0922814 0.0826156 -1.35273e-17)
(0.0704984 0.117832 1.89593e-17)
(-0.00332821 -0.0613624 -1.29964e-17)
(-0.168753 0.0393744 -1.33457e-17)
(0.0210298 0.0391656 8.68423e-18)
(0.0644353 0.0638521 0)
(0.0202529 0.100224 0)
(-0.00549584 -0.00255121 1.97869e-17)
(0.0392957 -0.00480593 -1.24064e-22)
(0.00342176 -0.0711862 -3.07792e-17)
(0.00326459 -0.0110672 0)
(0.0441007 0.0300507 -2.04277e-17)
(0.00279338 -0.0620509 1.05383e-17)
(-0.168322 0.0148914 0)
(0.0165052 -0.0532797 -3.65312e-17)
(-0.0431524 -0.0208414 8.85624e-18)
(-0.0598797 -0.017953 1.84304e-17)
(0.176333 -0.11019 1.79335e-17)
(-0.00744727 -0.00965223 1.70701e-17)
(0.00033404 -0.00456506 0)
(-0.0685044 -0.0114692 1.5192e-17)
(0.207349 -0.0986089 1.46167e-17)
(-0.0340499 -0.0196418 -4.54696e-18)
(-0.0160303 -0.0147924 0)
(0.00499301 -0.000316526 0)
(-0.02506 -0.0172979 3.66258e-17)
(0.0875013 -0.0897033 -1.82135e-17)
(-0.0631457 -0.0142316 -2.42331e-17)
(0.202359 -0.0754211 0)
(-0.0364737 -0.0156317 -1.7583e-17)
(-0.0430332 -0.0152922 0)
(0.103626 -0.0746851 3.43474e-17)
(-0.0159464 -0.0120303 -1.82043e-17)
(-0.00601579 -0.00624355 0)
(-0.0473878 -0.0129039 2.92818e-17)
(0.0720488 -0.0650156 1.69502e-17)
(0.147961 -0.0664875 0)
(-0.0266494 -0.0144608 -1.36349e-17)
(-0.0473701 -0.0123729 -1.33425e-19)
(-0.0471055 0.00816137 1.87378e-18)
(-0.151459 0.0481469 -2.7587e-17)
(0.00713552 -0.0583954 1.80302e-17)
(0.0316424 0.0627501 2.94298e-17)
(0.030063 0.0527421 -1.95831e-17)
(-0.0361083 -0.00181704 1.80046e-17)
(0.0383274 0.00419638 -4.53417e-18)
(0.00645003 -0.0597229 -1.78792e-17)
(0.0111541 -0.0515135 3.72672e-17)
(0.00973388 -0.046603 -2.03185e-17)
(0.00257732 -0.0711405 -2.08472e-17)
(-0.157416 -0.0157282 9.34217e-18)
(-0.056799 -0.00953382 -5.67668e-18)
(-0.00420812 -0.0281664 1.99047e-17)
(0.0354773 -0.0624831 2.44502e-18)
(0.0672154 0.181298 0)
(0.0130968 -0.0600931 -1.90404e-17)
(-0.00489749 -0.00639923 -7.54825e-18)
(0.0403415 0.00888806 1.65458e-17)
(-0.0290112 0.0519265 -2.3848e-17)
(0.0173951 0.0305855 2.16384e-17)
(-0.0518983 0.0263499 1.72116e-17)
(0.00425731 -0.00436757 1.81157e-17)
(0.0774018 0.173908 0)
(0.00216448 -0.0627353 2.4507e-18)
(0.00967858 -0.0755885 1.92998e-17)
(0.0977911 -0.145243 3.78935e-17)
(0.0554183 0.0193408 7.69441e-18)
(0.0183801 0.00648763 0)
(0.0652929 0.0930949 -1.99949e-17)
(0.00384259 -0.0187536 -2.4079e-18)
(-0.0342431 -0.0830905 0)
(0.00527901 -0.0714711 -5.80701e-17)
(0.00125304 -0.078531 0)
(-0.174275 0.0350292 0)
(0.00233465 -0.0099664 2.00391e-17)
(0.0181589 -0.0105589 -9.41767e-18)
(0.00889976 0.0813212 -2.14672e-17)
(0.0454471 0.0881525 1.52315e-17)
(0.00153571 -0.00767829 -1.70904e-17)
(0.0765025 0.164153 0)
(0.0103498 -0.00509632 0)
(0.0700033 0.102197 0)
(-0.00244463 -0.0101246 1.18893e-18)
(-0.0234231 -0.0380766 -3.69019e-17)
(-0.0522451 -0.0201369 9.17811e-18)
(0.135508 -0.107075 -1.76717e-17)
(0.00888366 0.0612445 2.19682e-17)
(0.0606104 0.0906365 -5.91204e-19)
(0.0106035 -0.0790491 -3.44299e-17)
(0.055357 -0.100103 1.90373e-17)
(0.0682386 0.161855 0)
(0.00630454 -0.0240759 0)
(0.00613639 -0.0545475 -1.34741e-17)
(0.00689808 -0.0748264 3.85617e-17)
(0.0447235 0.00634866 0)
(0.0581651 0.0990269 1.14419e-17)
(0.0180961 -0.00590432 -9.87512e-18)
(0.0556723 0.0263447 2.18943e-17)
(-0.148778 -0.0135374 0)
(0.165755 -0.0370135 -2.26506e-17)
(0.00534341 0.0166875 9.71708e-18)
(0.00748249 7.47628e-05 9.55443e-18)
(0.0120417 -0.0808905 2.04106e-17)
(0.0476796 0.114407 -1.84699e-17)
(0.0507473 0.0497105 0)
(-0.0149282 0.0274645 0)
(-0.0165434 0.0319372 0)
(0.0430327 0.052285 1.22977e-17)
(0.0012673 -0.067178 2.32085e-17)
(0.0375016 -0.144648 -1.62424e-21)
(-0.033316 0.00481192 1.49044e-17)
(-0.0497791 0.0378502 -1.72863e-17)
(-0.00610057 0.0347628 -1.77872e-17)
(-0.0123224 0.0367209 0)
(-0.0187602 0.0149113 0)
(0.097023 0.0815381 0)
(0.0636812 0.0300979 -1.0693e-17)
(-0.037 0.0564989 1.84049e-17)
(0.0326471 -0.0132067 4.17393e-17)
(0.0486551 0.0480431 0)
(0.231861 -0.0324153 -1.74471e-17)
(-0.00326051 0.024201 -9.18279e-18)
(0.0280798 -0.00755 -2.03801e-17)
(0.0155113 0.0116803 -9.37989e-18)
(0.0420299 0.047264 0)
(0.0239988 -0.0668139 -1.107e-17)
(0.0502991 0.175326 1.40931e-17)
(0.00450998 -0.0584099 -1.86194e-17)
(-0.055975 -0.0097174 2.8449e-17)
(-0.0246122 0.00336027 -1.99257e-17)
(-0.0462805 -0.0054541 -2.62321e-17)
(-0.00353608 -0.0100044 0)
(-0.000143516 -0.0048777 1.0534e-17)
(0.00223361 -0.051656 -1.10063e-17)
(0.0168963 0.100307 -9.99649e-18)
(0.0654596 0.0702896 1.9763e-17)
(-0.063615 -0.00491406 -2.4417e-17)
(0.0356166 -0.00176082 0)
(0.0643176 0.075013 -1.04538e-17)
(-0.0329452 0.0226899 0)
(0.0440383 0.0986316 -1.99979e-17)
(0.0246801 0.0113396 -1.14562e-17)
(0.000760998 -0.0371299 -1.18386e-17)
(0.00754703 0.00314623 0)
(-0.0413862 0.0135213 2.62417e-18)
(0.000400403 -0.0104302 0)
(0.00687824 0.113455 0)
(0.0252656 -0.0129964 -1.20044e-17)
(-0.0648627 -0.0145997 0)
(-0.000473343 -0.00444751 -1.09462e-17)
(0.0263087 0.0381597 0)
(0.0356946 0.0977864 1.9299e-17)
(0.00581209 -0.0772176 -2.07843e-17)
(-0.0107724 0.0215565 -2.08888e-17)
(-0.023025 0.0204805 -2.14701e-17)
(-0.0002647 -0.0106357 0)
(-0.0143388 0.0242002 0)
(0.131802 -0.0203816 -2.73629e-17)
(0.00937955 0.0595599 -2.32341e-17)
(-0.0148877 0.0278233 -1.14214e-17)
(0.0311183 0.0291647 1.06838e-17)
(0.00837172 -0.0687395 1.21721e-18)
(0.0295555 -0.0242733 2.02242e-17)
(0.0314183 0.0256829 1.0106e-17)
(-0.000758282 0.0112405 2.6912e-17)
(0.000793749 0.0128414 9.73337e-18)
(0.0445731 0.222221 -4.17419e-17)
(0.00975246 -0.0579879 -2.38228e-17)
(-0.0436749 -0.010836 0)
(-0.037409 0.0219767 1.2806e-17)
(0.000504288 -0.00412116 -1.12033e-17)
(0.0336695 -0.00471818 4.54482e-18)
(0.0342151 0.0823326 0)
(0.0123874 0.0187014 1.04031e-17)
(0.0309904 0.069433 -2.1217e-17)
(0.0353797 0.0398303 0)
(0.0287503 0.0178619 -1.09951e-22)
(0.0176543 0.0165842 0)
(0.0234781 0.0266769 -1.33455e-18)
(0.0129541 0.0126729 -2.10727e-17)
(0.0182529 0.0199522 5.41411e-18)
(0.00281601 0.0141192 3.45025e-17)
(-0.0279164 0.00966632 -1.07977e-17)
(0.00669078 0.0279872 -2.78428e-17)
(-0.0603776 0.0513278 -4.51627e-17)
(0.048989 0.0690326 3.3456e-17)
(-0.0389106 -0.0316815 2.23216e-17)
(0.0216973 0.00604817 -1.13095e-17)
(0.0420971 6.95633e-05 2.44159e-17)
(0.00718901 0.118618 0)
(0.0476676 0.0368753 8.82981e-23)
(0.103018 -0.0220988 1.89224e-17)
(0.0114925 0.00660278 -1.84043e-17)
(-0.153826 -0.0292634 1.70315e-17)
(0.0070948 -0.078567 -2.62364e-17)
(0.0047759 -0.00432759 -8.7724e-18)
(-0.0543417 0.00111798 -2.94818e-17)
(-0.0380716 -0.0535102 -1.07614e-17)
(0.0305686 0.0164898 5.07436e-18)
(0.00227744 -0.0176642 -9.0934e-18)
(0.0407493 0.0373661 0)
(0.00115492 -0.0672243 0)
(-0.0432799 0.0516992 2.81886e-17)
(-0.0381534 0.019544 5.05416e-18)
(-0.0115599 0.0231911 0)
(0.00116913 -0.08 0)
(0.0707744 0.0806697 0)
(0.00116115 -0.113268 1.18211e-17)
(-0.0579126 -0.0167102 1.19848e-17)
(-0.00997597 0.0200701 -6.43697e-18)
(-0.0330032 0.0418605 1.00129e-17)
(0.0352939 -0.0102993 0)
(-0.00912386 0.0248084 -1.78874e-17)
(-0.0597106 -0.00602984 -6.75383e-18)
(0.0226831 -0.0846909 0)
(0.0196579 0.128579 2.06453e-17)
(0.0739997 0.00299477 -3.6677e-17)
(0.01405 -0.0525196 2.25739e-17)
(0.0400661 0.207517 0)
(0.0358567 0.0207252 2.27687e-17)
(-0.0238238 -0.0155957 -2.11925e-17)
(-0.00810994 0.0363823 7.38491e-18)
(-0.0546701 -0.00301292 -5.2041e-18)
(0.0508594 0.0450292 -2.44551e-17)
(0.0537067 0.0282636 -2.86585e-17)
(0.159693 -0.121514 -2.20589e-17)
(0.00384507 -0.0762152 1.16078e-17)
(0.0174103 -0.00207844 -2.30517e-17)
(-0.0575855 -0.0124694 3.30396e-17)
(-0.0407127 -0.00300435 2.33808e-17)
(0.0141318 -0.0117229 4.63451e-18)
(0.0503472 0.0639579 0)
(0.00504275 -0.0146526 0)
(0.00687569 0.0182348 2.02834e-17)
(-0.145501 0.0444559 0)
(0.062253 0.164941 -5.85872e-18)
(0.000750145 -0.00166377 9.09666e-18)
(0.0117435 -0.0164803 2.51836e-17)
(0.0199951 0.0610935 1.06995e-17)
(0.0115709 -0.0781706 -1.90668e-17)
(-0.00693026 -0.012681 -2.14339e-17)
(0.133794 -0.134866 -4.33845e-17)
(0.0636733 0.0714108 -1.87135e-17)
(0.0457036 0.126061 1.9361e-17)
(0.0296291 -0.0163211 9.90141e-18)
(0.0584371 0.232239 3.73579e-17)
(0.0929746 0.0139415 -2.14362e-17)
(0.152457 -0.118609 -1.09467e-17)
(0.0637837 0.0979234 -1.05422e-17)
(0.00081687 -0.0105181 2.76366e-17)
(0.0182808 -0.0192358 2.20588e-17)
(0.0567684 0.0732318 -1.01467e-17)
(0.0190975 -0.0983233 3.02823e-18)
(0.0449702 0.00927931 0)
(0.0583371 0.175545 2.71899e-18)
(0.0279372 0.0461851 1.21804e-17)
(0.00613375 0.133339 0)
(-0.00862274 0.0190265 -1.15337e-17)
(-0.0317574 -0.0119867 1.09351e-17)
(0.0305642 -0.0307596 -2.21842e-17)
(0.00540528 0.0251288 -2.48325e-17)
(-0.155982 0.0195614 3.33034e-19)
(-0.000872714 0.0299691 1.67163e-17)
(-0.000596667 0.0263597 -1.01395e-17)
(0.000521369 -0.0442543 1.2693e-17)
(0.0230639 -0.0583035 2.73189e-17)
(-0.0080061 -0.0110603 -5.90525e-18)
(0.0149661 0.0199741 0)
(-0.0438529 0.0607785 -3.79024e-17)
(-0.0676185 -0.00945859 -4.56047e-17)
(0.04041 0.0428044 -1.56463e-17)
(0.0101058 -0.081059 -1.03093e-17)
(0.0315872 0.0505894 3.59543e-17)
(0.0198636 0.201105 -1.2289e-17)
(0.221496 -0.0578513 -1.3439e-17)
(0.0126852 0.0415091 -3.34435e-17)
(0.000406218 -0.0228644 0)
(0.0521409 0.159527 5.86836e-18)
(-0.00291437 0.0699921 -2.04144e-17)
(0.043487 0.161949 -1.22613e-17)
(0.0261035 0.00470382 2.3621e-17)
(0.018812 -0.0797014 8.55211e-18)
(0.0251359 0.0310162 1.1459e-17)
(0.00308626 -0.0793703 0)
(0.0099539 -0.0750147 9.62862e-18)
(-0.0249028 0.0305287 0)
(-0.0400779 -0.0142459 0)
(0.00826842 -0.00467539 -1.00316e-17)
(0.0120295 -0.0768521 -1.79159e-22)
(-0.0205494 0.0272797 -1.43212e-17)
(0.0190619 0.0144054 6.15945e-18)
(-0.0214104 -0.0929163 0)
(0.0317725 -0.0294949 2.10597e-17)
(-0.0569305 0.0137254 1.98869e-17)
(0.00107557 -0.0116715 1.17439e-17)
(-0.00809142 0.0544842 3.14326e-17)
(0.021038 -0.0230714 1.27178e-17)
(0.00806539 0.00681461 -4.82298e-18)
(0.00383349 -0.00921084 -1.26702e-17)
(-0.00924838 -0.00252231 -3.01126e-17)
(-0.0347769 0.0365609 2.66803e-17)
(-0.0649918 -0.0162967 -1.29232e-17)
(0.00616998 -0.0339842 1.80864e-18)
(-0.0431856 -0.000938686 6.72511e-18)
(0.0169524 0.0393161 0)
(0.0567876 0.0527112 2.52216e-17)
(0.000139374 -0.02251 0)
(0.0694032 0.0775451 1.1407e-17)
(0.0280355 0.00159949 -3.73724e-17)
(0.0869309 0.0277703 1.30955e-17)
(-0.00465564 0.00412045 1.70692e-18)
(0.0042317 0.00161056 0)
(0.0501004 0.0601274 2.29597e-17)
(-0.0216587 -0.0720143 0)
(-0.0305201 -0.0154168 0)
(-0.0433055 0.000245421 0)
(0.00147658 -0.0221564 2.20618e-17)
(0.0152731 -0.0713112 -2.85089e-17)
(0.02962 0.161514 6.72262e-18)
(0.000941018 -0.0259789 -3.02909e-17)
(-0.0479367 -0.0241462 1.30225e-17)
(0.00458419 0.0313633 -2.5317e-17)
(0.011008 -0.00799478 -2.49623e-17)
(0.0372633 0.0596088 -1.44854e-17)
(-0.0549703 0.000515123 -2.50486e-17)
(-0.0602026 -0.0143907 0)
(0.00681716 -0.0760528 -2.85904e-17)
(-0.0651329 -0.0212151 -4.2637e-22)
(0.0219989 -0.0584061 -3.20803e-24)
(0.0062913 -0.0801272 0)
(-0.0594585 -0.0153067 -7.73866e-18)
(0.00688902 -0.0806626 -3.74467e-17)
(0.0389297 0.0558003 0)
(0.0197306 -0.075426 1.75371e-17)
)
;

boundaryField
{
    back
    {
        type            empty;
    }
    front
    {
        type            empty;
    }
    top
    {
        type            codedFixedValue;
        value           nonuniform List<vector> 
15
(
(0 -0.0785778 0)
(0 -0.0743111 0)
(0 -0.0572444 0)
(0 -0.0444444 0)
(0 -0.0572444 0)
(0 -0.0288 0)
(0 -0.0288 0)
(0 -0.0743111 0)
(0 -0.0785778 0)
(0 -0.0672 0)
(0 -0.0103111 0)
(0 -0.0103111 0)
(0 -0.0672 0)
(0 -0.08 0)
(0 -0.0444444 0)
)
;
        name            ParabolicTimeDependentU_max;
        code            #{
		const vectorField& Cf = patch().Cf();
		vectorField& field = *this;

		const scalar r = 18.0*1e-3;
		const scalar Umax = 0.4;
		const scalar Umin = 0.02;

		scalar 	Uvar = 0.08;
		scalar 	t = this->db().time().value();
		scalar	tau = fmod(t,1);
		
		if (tau > 0 && tau <= 0.35)
		{
			Uvar = 0.08+Umax*(1-(pow(tau-0.175,2)/(0.175*0.175)));
		}
		if (tau > 0.35 && tau <= 0.6)
		{
			Uvar = 0.08+Umin*(-1+(pow(tau-0.475,2)/(0.125*0.125)));
		}
		if (tau > 0.6 && tau <= 1)
		{
			Uvar = 0.08;
		}
		
		forAll(Cf, faceI)
		{
			const scalar x = Cf[faceI][0];
			const scalar y = Cf[faceI][1];
			field[faceI] = vector(0, Uvar*(-1+(pow(x+(0.02+r),2))/(r*r)), 0);
		}
	#};
    }
    outer_arc
    {
        type            noSlip;
    }
    bottom
    {
        type            zeroGradient;
    }
    inner_arc
    {
        type            noSlip;
    }
}


// ************************************************************************* //
