/*--------------------------------*- C++ -*----------------------------------*\
  =========                 |
  \\      /  F ield         | OpenFOAM: The Open Source CFD Toolbox
   \\    /   O peration     | Website:  https://openfoam.org
    \\  /    A nd           | Version:  9
     \\/     M anipulation  |
\*---------------------------------------------------------------------------*/
FoamFile
{
    format      ascii;
    class       volVectorField;
    location    "0.97";
    object      U;
}
// * * * * * * * * * * * * * * * * * * * * * * * * * * * * * * * * * * * * * //

dimensions      [0 1 -1 0 0 0 0];

internalField   nonuniform List<vector> 
1655
(
(-0.00969888 -0.0146721 -3.60621e-18)
(0.000884823 0.000187344 2.37844e-17)
(-0.100332 0.124482 1.91275e-17)
(0.0612445 -0.0183558 -1.1463e-17)
(0.0519322 0.0644808 0)
(-0.0114688 -0.0218172 7.2435e-18)
(-0.124824 0.102009 0)
(0.0241 0.0841033 -1.28642e-17)
(0.0575439 0.135244 0)
(0.0539382 0.0580646 -6.27105e-18)
(0.0561142 -0.053589 2.87134e-17)
(0.0497863 -0.0599816 -2.82883e-17)
(0.0155088 0.0484692 -2.76949e-22)
(0.00297259 -0.0286285 -1.49451e-17)
(-0.00740142 0.0730103 1.47669e-17)
(0.00217234 -0.00737368 0)
(-0.0499584 -0.00430975 2.58099e-17)
(0.000548412 -0.0388018 7.73157e-18)
(-0.0291877 -0.000963637 -2.88801e-17)
(0.00189746 -0.0220714 -8.30109e-18)
(0.00359665 -0.0327379 3.37884e-18)
(0.0559317 0.148872 0)
(0.0355569 0.0750365 -1.5511e-17)
(0.0305862 0.0668909 7.20019e-18)
(0.00616988 -0.0441457 -4.53436e-18)
(-0.0312884 -0.00560932 -3.06696e-17)
(-0.00129116 -0.00415618 -1.33882e-17)
(0.0435664 0.137015 -1.54887e-17)
(0.0359456 0.130509 2.09259e-17)
(0.00265637 -0.0281807 -1.49395e-17)
(-0.174945 0.0479422 3.70387e-17)
(-0.0562886 0.164206 -3.95087e-18)
(0.0069827 -0.071688 -5.48843e-18)
(0.00974389 0.127136 0)
(-0.00410963 -0.0351211 0)
(0.0406374 0.106655 0)
(0.00167955 -0.0222797 -1.94896e-17)
(-0.00273477 0.00554328 0)
(0.00530996 -0.0696452 -7.51081e-18)
(-0.00592637 0.00333212 -2.56777e-17)
(-5.54929e-05 -0.0204516 1.44964e-17)
(0.0374699 0.0741208 1.25186e-17)
(0.00507622 -0.0629028 -7.85227e-18)
(-0.013229 0.0159151 2.29016e-17)
(-0.00387183 0.00640775 0)
(0.0899892 -0.0264855 0)
(0.0983041 -0.0223585 3.56487e-17)
(-0.00429982 0.00763565 0)
(0.0421814 0.00702845 1.39943e-17)
(0.00515983 -0.0597314 1.91203e-18)
(-0.0108103 -0.019841 2.15268e-17)
(-0.0853728 0.136199 -1.42427e-17)
(0.0096645 0.0925354 -1.57987e-17)
(0.055993 0.133478 1.38519e-17)
(0.0306634 0.0379898 -1.79948e-17)
(0.0144349 0.000479383 0)
(-0.00458586 0.00216661 -7.02314e-18)
(0.0464932 -0.0423277 0)
(0.104139 -0.0424651 0)
(0.0241872 0.0185948 1.52232e-17)
(-0.173028 0.0561573 -3.70132e-17)
(-0.0323966 -0.0151077 0)
(-0.00435665 -0.0293601 0)
(0.0330227 0.0986776 -3.55928e-18)
(0.0373829 0.0452674 0)
(-0.149078 0.0629384 0)
(0.152185 0.0328085 3.30744e-17)
(0.0726274 -0.0475822 -1.64641e-17)
(-0.00527217 -0.0314975 0)
(0.0332852 0.0645515 -1.43279e-17)
(0.0552704 -0.0392963 1.8311e-17)
(-0.130932 0.0779788 -8.68658e-19)
(0.00652409 -0.0421113 -9.29262e-19)
(-0.0180606 0.0590722 1.35484e-17)
(-0.0320501 0.0577573 -1.72589e-17)
(0.0117029 4.14481e-07 8.14869e-18)
(0.0312636 0.117013 -4.7466e-18)
(-0.00672777 -0.0198812 0)
(-0.00105125 -0.0103607 0)
(0.00301152 -0.0288593 0)
(0.0522458 0.0371897 1.83584e-17)
(0.00587056 0.00332743 -8.29365e-18)
(0.0288027 0.0316571 1.83834e-17)
(-0.00718068 0.0243618 9.22783e-18)
(0.00566985 -0.0459797 0)
(-0.0188879 0.00817275 0)
(-0.0580204 0.0813865 -1.04171e-17)
(0.00492599 -0.0362302 0)
(-0.00297928 0.0257054 -7.21138e-18)
(0.0138605 -0.00944815 0)
(0.00943288 -0.00863899 0)
(-0.0903722 0.140261 9.01219e-18)
(-0.0232077 0.00624462 1.76779e-17)
(0.0239919 0.00180959 0)
(0.00363378 -0.0132459 0)
(-0.0273121 0.000184825 2.94312e-17)
(0.126508 0.0285003 -2.8098e-17)
(0.0899532 -0.0385808 0)
(-0.0543214 0.180866 -8.45048e-18)
(0.00931916 -0.0791447 1.81246e-17)
(-0.081549 0.119873 -5.66831e-17)
(0.0813068 0.00999442 -1.85842e-17)
(0.041633 0.0165831 -1.82678e-17)
(0.079686 0.0183236 1.95185e-17)
(0.0137336 -0.0157566 0)
(-0.0276889 -0.0133188 -1.12956e-18)
(0.0493742 0.112278 -1.57226e-17)
(0.00120412 -0.0207742 0)
(0.00646937 -0.0788247 0)
(0.0235623 -0.00534576 -1.61224e-17)
(0.00353397 -0.0794253 1.26348e-17)
(0.0241041 -0.037466 1.46407e-17)
(0.0298717 -0.00570246 9.73852e-18)
(0.00735762 -0.0534799 1.66364e-17)
(0.0479253 0.109206 1.49253e-17)
(-0.0115608 0.00166537 -9.46809e-18)
(0.0474868 0.108498 -1.59822e-17)
(0.104868 -0.0364259 0)
(-0.00599635 0.030392 1.42723e-17)
(0.0123029 -0.0116794 -3.20361e-17)
(0.0340976 0.0107882 -2.74794e-17)
(0.0207346 0.0563551 2.80424e-17)
(-0.118007 0.0695523 -2.20504e-17)
(0.182553 -0.00290817 2.05311e-17)
(0.120696 0.0302684 7.2088e-18)
(0.0337525 0.0840639 0)
(0.00376393 -0.0520675 -1.80644e-17)
(0.00549038 -0.0184283 1.62833e-17)
(0.00250272 -0.00110117 -2.26297e-18)
(0.00436307 -0.0629859 -2.16447e-18)
(0.0286889 -0.0195556 4.1377e-18)
(0.00348138 -0.0803142 2.22973e-17)
(0.0380836 0.101371 1.37981e-17)
(0.0333004 0.080276 1.45037e-17)
(-0.000167295 -0.00719397 0)
(-0.00119586 0.0164052 0)
(0.0480949 0.0721681 -8.44118e-18)
(0.00684507 0.0528916 1.43371e-17)
(-0.0019749 -0.0012362 7.67668e-18)
(0.149715 0.0175433 -7.49146e-18)
(0.0107297 0.0174998 9.93782e-18)
(-0.00521229 0.00584117 1.37385e-17)
(-0.00497161 0.00488556 0)
(0.0463751 0.0260352 0)
(-0.114965 0.0142149 -8.48401e-18)
(0.0109152 0.030674 0)
(0.0490513 0.0369639 -2.95472e-17)
(0.042458 0.0270625 2.37082e-17)
(0.0481143 0.0386869 1.53077e-17)
(-0.227707 0.0334597 0)
(-0.211482 0.0312167 1.44298e-17)
(-0.193345 0.028674 -7.78261e-18)
(-0.0536489 0.0375951 1.52273e-17)
(-0.143914 0.0355875 1.32053e-17)
(-0.03608 0.0176352 0)
(0.00268953 -0.0493347 2.91418e-17)
(0.0237896 0.031222 1.86198e-18)
(0.0875949 0.0452137 7.80635e-18)
(0.049823 0.111339 0)
(0.0579421 0.0165217 -1.98216e-17)
(0.0671939 0.0417177 2.23403e-17)
(0.0498771 -0.0369478 0)
(0.0584629 0.122981 -3.28107e-22)
(0.0833394 0.0521794 0)
(0.059272 0.0418578 0)
(0.0891551 -0.0450877 -7.6171e-18)
(0.0502908 0.133797 0)
(0.0445381 0.101711 -3.00845e-17)
(0.088036 0.0138648 4.57637e-18)
(-0.00627754 0.00195569 0)
(-0.0883614 -0.0291405 0)
(0.0407531 0.0647242 0)
(0.0489953 0.0374323 9.19501e-18)
(0.0547478 0.116699 1.58925e-17)
(0.00477662 -0.0393029 9.713e-19)
(0.0526693 0.114322 1.58318e-17)
(0.0347919 -0.0106112 4.15761e-18)
(-0.0107852 0.0163404 0)
(0.0115776 -0.0653476 -1.72708e-17)
(0.00172261 -0.0222835 1.35729e-17)
(0.00478116 0.000508103 1.9785e-17)
(0.0325134 0.049931 1.24162e-17)
(-0.021403 -0.0225406 -2.63361e-17)
(0.170372 -0.00350906 -4.48919e-18)
(-0.0078788 0.00143453 -8.70899e-18)
(0.0165299 -0.0720273 0)
(0.00457935 0.00584843 0)
(0.0135149 -0.0702278 0)
(-0.00279111 -0.0248733 0)
(0.0314232 0.0578062 -1.20642e-17)
(-0.00606356 0.00681081 -1.56755e-17)
(-0.0278542 -0.0093008 0)
(-0.00141673 -0.0041746 -1.61897e-17)
(-0.082345 0.110405 2.00451e-17)
(0.0220815 -0.0775295 0)
(0.000548018 -0.011232 -9.82262e-18)
(0.000770116 -0.0115932 0)
(0.0187319 -0.0758406 0)
(-0.0126481 0.0360131 1.86992e-17)
(0.0210354 0.043662 0)
(0.142567 -0.0256693 1.02595e-17)
(0.1386 -0.0195736 -4.6042e-18)
(-0.0849519 0.0990475 1.68477e-17)
(-0.138661 0.0727524 3.75392e-17)
(0.0357953 -0.0173648 -1.43621e-17)
(0.00589316 -0.03807 1.1425e-17)
(0.0150792 -0.0710995 0)
(-0.0128481 -0.00890453 0)
(0.00588828 -0.0675399 5.12698e-17)
(0.00260021 0.111068 0)
(0.00277409 0.135148 2.69946e-17)
(-0.0484534 0.110479 -7.44822e-18)
(-0.00240726 0.00948437 0)
(0.0401372 0.095253 1.57499e-17)
(0.00331928 -0.0258225 -1.61389e-18)
(0.157341 0.00716028 3.4909e-17)
(0.0546507 0.0830352 -8.77782e-18)
(0.0225104 -0.00164057 0)
(0.000319519 0.068017 1.54327e-17)
(0.0197497 0.0533453 0)
(-0.00336068 0.0100555 0)
(0.0064759 -0.0403052 -3.30178e-17)
(0.00945921 -0.0695884 2.32206e-17)
(0.0289099 0.0787927 1.60806e-17)
(0.0119837 -0.0723403 -1.67628e-17)
(0.0279156 -0.0816903 1.61213e-17)
(0.0286556 -0.0810612 -1.60649e-17)
(0.0156648 -0.0133468 0)
(0.00371762 -0.00232375 1.96891e-17)
(0.0186756 -0.0449363 1.57223e-17)
(0.0386625 -0.0583478 0)
(0.0116235 -0.123668 -1.95695e-17)
(0.0333202 -0.148878 1.95222e-17)
(-0.0167247 -0.0149693 -3.10763e-17)
(0.0178735 -0.0738438 -1.65571e-17)
(0.0349166 -0.0617812 1.61758e-17)
(0.0244093 -0.0802176 0)
(-0.0151338 -0.00154905 0)
(0.0259832 -0.0779711 2.00181e-17)
(0.0274654 -0.175751 1.5648e-17)
(-0.0105841 0.00748795 -1.5099e-17)
(-0.00782903 0.00650536 2.87006e-17)
(0.0420671 -0.159522 -1.96047e-17)
(-0.000358526 -0.00861429 1.37197e-17)
(0.0221829 0.0689092 4.02334e-18)
(0.00226921 -0.0252254 -2.03504e-17)
(-0.183043 0.0202872 1.19434e-17)
(0.0570589 0.120802 0)
(0.0225863 -0.0758124 -4.01383e-18)
(0.0291441 0.0711833 0)
(-0.0163462 0.0175607 -1.30891e-17)
(0.00231604 -0.0211435 3.26028e-18)
(0.0557413 -0.0163292 -1.5841e-17)
(-0.0289235 0.140089 -1.12818e-17)
(0.0214501 -0.0725281 1.62762e-17)
(0.016955 0.0982633 -1.93306e-17)
(0.0134821 -0.0781368 -1.67124e-17)
(0.0242551 0.0763423 -4.00708e-18)
(-0.00423527 0.0403445 2.14245e-17)
(0.00961368 -0.0643993 1.53244e-17)
(0.0720627 -0.0613371 1.19078e-17)
(0.0117191 -0.0614198 1.65244e-17)
(0.0321249 -0.0828736 1.60009e-17)
(-0.0363706 0.0730671 1.55696e-17)
(0.0357706 -0.0105105 1.59108e-17)
(0.0482369 0.111561 1.59211e-17)
(0.0122259 -0.0622627 0)
(0.00291097 -0.038531 -2.25565e-17)
(0.011593 -0.0756849 8.75552e-18)
(0.00421621 -0.0399782 0)
(0.0106407 0.0708633 -1.6945e-17)
(-0.0202466 -0.0236227 1.22196e-17)
(-0.00713495 0.00916617 8.41446e-18)
(0.0144214 -0.0636732 0)
(-0.0246057 -0.00183278 2.19739e-22)
(-0.0280275 -0.0164333 -1.22933e-17)
(-0.177955 0.0117641 0)
(0.0197597 0.0664945 2.00327e-17)
(0.00827989 -0.00694004 -2.03864e-17)
(0.0770514 -0.0940099 3.90742e-18)
(0.0163802 0.0168297 1.65004e-17)
(0.0495685 0.113917 3.99173e-18)
(-0.038339 -0.00644237 1.63039e-17)
(0.00547027 0.0588097 1.43104e-17)
(-0.014435 0.046756 -2.69996e-17)
(-0.0274223 -0.0156157 -1.63629e-17)
(0.00396831 0.0113085 1.62763e-17)
(0.00962701 -0.0796263 1.45488e-17)
(0.0152452 -0.0660133 0)
(-0.0114669 -0.0314234 0)
(-0.0152309 -0.0201767 1.60052e-17)
(0.000642531 -0.0181411 1.56273e-17)
(0.00898795 -0.0511945 3.37961e-17)
(0.0458437 0.0810217 0)
(-0.012898 0.0125744 -1.62494e-17)
(0.0252238 -0.0799674 4.07594e-18)
(0.0141528 0.0528399 0)
(0.0164316 0.0243902 -2.74276e-17)
(-0.000791873 -0.00452997 -1.59168e-17)
(0.0100143 -0.0718882 -4.02899e-17)
(0.0146899 -0.0801403 -1.69394e-17)
(0.00890057 -0.002829 0)
(-0.00623372 -0.0128009 2.45957e-17)
(0.0307859 -0.0816836 -4.04916e-18)
(0.0325421 -0.0823663 -3.19855e-17)
(0.0087373 -0.000433628 -1.73513e-17)
(0.0200162 -0.0807838 -4.10463e-18)
(0.0199453 -0.071503 4.00826e-18)
(-0.019222 0.0215012 -4.0398e-18)
(0.0360697 -0.0844397 -1.59314e-17)
(-0.0435348 -0.00107416 0)
(-0.139696 -0.00464779 8.52371e-18)
(0.0168239 -0.0691932 -4.03544e-18)
(0.0791081 -0.0781056 -3.9689e-18)
(0.0494665 0.112496 0)
(-0.0110573 0.0238436 0)
(-0.00119782 -0.00280038 -1.59054e-17)
(0.025076 0.0305537 -1.62555e-17)
(0.0362539 -0.0841617 2.5011e-22)
(0.0150667 -0.0798122 1.77241e-17)
(0.0168199 0.0260329 0)
(0.00754485 -0.0432205 -1.70159e-17)
(0.0127846 -0.0794415 2.23907e-18)
(0.0289285 -0.0799706 -4.06469e-18)
(0.018113 -0.0802161 -1.64852e-17)
(0.0743931 -0.0272615 2.27967e-17)
(0.0379915 -0.0171266 7.82045e-18)
(0.0491741 0.114212 -2.01054e-17)
(0.0146088 -0.0763916 0)
(0.0951843 -0.0289611 -1.57637e-17)
(0.0218693 -0.0675525 0)
(0.00229095 0.0253134 1.62364e-17)
(0.00111715 -0.00861015 7.24731e-18)
(0.0198189 -0.0689743 -1.61479e-17)
(-0.0316959 0.0116327 1.61748e-17)
(0.0261033 -0.0764491 -1.204e-17)
(0.0817096 -0.018787 1.18618e-17)
(0.0119122 -0.0557721 -1.69112e-17)
(0.0346058 -0.084463 0)
(-0.0292559 -0.000706704 0)
(0.0134537 -0.0804709 1.7471e-17)
(0.0357289 -0.0837421 1.60862e-17)
(-0.0345752 0.00428453 0)
(0.00722906 -0.0705506 -1.95423e-17)
(0.00942374 0.028799 0)
(0.0342799 -0.0821364 -2.82472e-17)
(0.00446859 -0.0375232 0)
(0.0236241 -0.0811292 4.0871e-18)
(0.0184026 -0.0804874 0)
(0.0139879 -0.0601326 0)
(0.0134747 0.0344402 0)
(0.042501 -0.0189148 1.57438e-17)
(0.0267169 -0.103165 0)
(0.0193971 -0.0786742 1.64422e-17)
(0.0521157 0.0893405 0)
(0.0400253 -0.0864009 0)
(0.0336113 -0.0839989 0)
(0.0378755 -0.0857472 -2.77803e-22)
(0.00458148 0.0420242 -1.60502e-17)
(0.032477 -0.0799406 1.99513e-17)
(0.00846141 0.0306706 -1.37365e-17)
(0.0185066 -0.0637055 0)
(0.0557227 0.10214 -4.30524e-18)
(0.0700762 -0.102214 1.57176e-17)
(0.00513316 -0.00528431 1.65817e-17)
(-0.00179713 0.0195822 -1.39409e-17)
(0.0128573 -0.0730774 4.23135e-18)
(0.0123729 0.0306423 -1.57876e-17)
(0.00976453 0.0421903 0)
(0.0419196 -0.0773958 0)
(-0.00430528 0.00467576 0)
(0.0171371 -0.0770099 1.64553e-17)
(-0.00152623 0.00472943 0)
(0.0419699 -0.087504 0)
(0.0150925 0.0289536 0)
(-0.00955159 0.0298356 4.02495e-18)
(0.160539 -0.0532144 1.1747e-17)
(0.0421911 0.100053 -3.23222e-22)
(0.0423328 -0.0665288 4.0044e-18)
(0.0301885 -0.0829108 -1.61415e-17)
(0.0376591 -0.0469202 -4.11462e-18)
(0.0771586 -0.103752 0)
(0.0465988 0.106044 -1.65222e-17)
(0.0677829 -0.0983602 -1.96224e-17)
(0.0252773 -0.0816592 -4.05915e-18)
(0.0511659 0.0925699 0)
(0.0427447 -0.0881086 0)
(0.00754602 0.0512281 -5.52447e-22)
(-0.0443573 0.00234373 0)
(0.029577 -0.0790265 -4.00183e-18)
(-0.000895979 -0.0117424 1.51281e-17)
(0.0613831 -0.0249412 -1.57459e-17)
(0.151062 -0.0455052 -1.5687e-17)
(0.0443803 0.0857181 0)
(0.0388711 -0.0844889 0)
(0.0464719 -0.0892918 -1.58219e-17)
(0.0401188 -0.0865311 1.58441e-17)
(-0.0330728 -0.00569726 0)
(0.0571627 0.112436 0)
(0.0972295 -0.0417198 0)
(0.0386572 -0.086203 -1.59307e-17)
(0.0236147 -0.0379877 3.36305e-17)
(0.0795253 -0.108294 3.91549e-18)
(0.0507569 0.115152 -1.99161e-17)
(0.129833 -0.0447407 -3.92105e-18)
(0.0241874 -0.07533 -1.6324e-17)
(0.037689 0.0750106 1.61943e-17)
(0.0722523 -0.0291068 -1.97474e-17)
(-0.00131833 0.00218719 0)
(0.153614 -0.0510413 0)
(0.0189196 0.0233444 0)
(0.075603 -0.112514 3.91465e-18)
(0.0610197 -0.0970774 3.9431e-18)
(0.13806 -0.0480815 0)
(0.028062 -0.0744035 0)
(0.070308 -0.114147 -1.5664e-17)
(0.0365043 0.0812837 0)
(0.02141 -0.161878 0)
(0.0591417 -0.0942756 -1.18496e-17)
(0.047459 -0.0903 1.58058e-17)
(0.0704504 -0.0390086 1.57709e-17)
(0.0737545 -0.109344 -3.91616e-18)
(0.0777209 0.0942317 3.96129e-18)
(0.0444637 -0.0889168 0)
(0.054161 -0.0907972 1.58069e-17)
(-0.154517 -0.0275811 -9.9607e-18)
(0.0401847 -0.176373 0)
(0.0400144 -0.085833 1.19993e-17)
(0.0230607 -0.071843 1.61055e-17)
(0.0439903 0.165037 1.95037e-17)
(0.0233173 -0.0808908 0)
(0.0689268 0.103161 7.84665e-22)
(0.0520385 -0.0913915 0)
(0.045935 0.040578 -5.16837e-18)
(0.0686393 -0.111904 1.17508e-17)
(0.0895426 -0.120813 -1.17258e-17)
(0.043883 -0.0771193 1.60088e-17)
(0.0435305 -0.02099 6.79503e-18)
(0.01419 0.0131466 0)
(0.0785169 -0.11828 0)
(-0.00418016 0.00732274 1.38617e-17)
(0.0514695 -0.0973617 0)
(0.0936327 -0.0335286 1.9688e-17)
(0.0446043 -0.0896878 0)
(0.0566419 -0.0968715 0)
(0.0848164 -0.118336 -1.95588e-17)
(0.0595951 0.104618 1.56997e-17)
(0.122238 -0.0387872 0)
(0.0508062 0.129856 2.75931e-23)
(0.0671394 -0.0244501 1.57535e-17)
(0.0394993 0.189133 -3.89677e-18)
(0.158765 -0.136829 -1.55367e-17)
(0.0288729 0.228812 -3.87505e-18)
(0.0648053 -0.102718 3.92372e-18)
(0.0393449 0.217892 -3.10507e-17)
(0.0594414 -0.10435 1.96208e-17)
(0.0961412 -0.0325531 0)
(0.0502166 -0.0939185 0)
(0.0461445 0.13872 0)
(0.0821061 0.0862405 0)
(0.0858735 -0.0979415 -3.91524e-18)
(0.0511401 -0.0991326 -3.92946e-18)
(0.0810187 -0.10019 3.91838e-18)
(0.154841 -0.11823 -1.55509e-17)
(0.0581404 -0.0380401 -1.57759e-17)
(0.0435974 0.0988279 3.18099e-17)
(0.0573715 -0.0993961 -3.92875e-18)
(0.0498743 -0.092306 0)
(0.0510906 -0.102114 3.96043e-18)
(0.089685 -0.1057 0)
(0.0894898 -0.101932 -1.56666e-17)
(0.0417737 -0.0625601 1.19787e-17)
(0.0660861 -0.10587 3.92288e-18)
(0.101799 -0.0370135 3.93129e-18)
(0.185177 -0.132076 1.55016e-17)
(0.0926228 -0.109793 -3.91323e-18)
(0.0842604 -0.103033 -2.73991e-17)
(0.0934021 -0.121906 -1.17211e-17)
(0.042541 -0.115797 1.18401e-17)
(0.0419783 0.138782 -7.51891e-18)
(0.0365141 -0.0832247 -1.991e-17)
(0.156629 -0.0471729 0)
(0.0519207 -0.10389 -3.92268e-18)
(0.0233021 0.221758 3.88006e-18)
(0.0906989 -0.117706 -3.90864e-18)
(0.0597664 -0.106655 -1.1769e-17)
(0.0524615 0.132062 -1.5554e-17)
(0.0148787 0.185032 0)
(0.142667 -0.0454741 0)
(0.0480664 -0.0871637 -3.97676e-18)
(0.185677 -0.116115 -3.49001e-17)
(0.0645132 0.105856 -1.56964e-17)
(0.0616617 -0.110335 3.91838e-18)
(0.10173 0.191365 -3.88591e-18)
(0.135557 -0.0909941 -1.56039e-17)
(0.0932113 -0.119624 3.90904e-18)
(-0.136848 -0.0259752 -2.21881e-19)
(0.0223873 0.164903 0)
(0.0923225 -0.121815 1.17245e-17)
(0.0904024 0.212754 1.94295e-17)
(0.189529 -0.0800561 0)
(0.0863241 -0.109222 1.56546e-17)
(0.0550296 0.117336 7.89639e-18)
(0.194507 -0.105897 1.94017e-17)
(-0.114954 -0.0706118 0)
(0.167078 -0.0867732 1.16814e-17)
(0.00599346 0.220638 -1.55612e-17)
(0.184667 -0.0900863 -3.88926e-18)
(0.138953 -0.1031 -1.85373e-21)
(0.0313237 0.180509 -1.16897e-17)
(0.121319 0.0330248 1.18426e-17)
(0.14259 -0.0838671 -1.95027e-17)
(0.0253028 0.0889131 -3.93184e-18)
(0.0930233 -0.119751 -3.9086e-18)
(0.00244117 0.207817 0)
(0.120689 0.180722 1.55819e-17)
(0.16803 -0.111781 0)
(0.110122 -0.113778 1.17126e-17)
(-0.136536 -0.0131859 1.40778e-17)
(-0.137137 0.0288739 0)
(0.0772569 -0.0908221 -1.5647e-17)
(0.082408 -0.177549 0)
(0.0849037 -0.0879622 3.14927e-17)
(0.183398 -0.116955 0)
(-0.150238 0.0172619 -1.50408e-17)
(0.064702 -0.131679 1.95863e-17)
(0.155965 -0.0716677 -1.1766e-17)
(0.159546 -0.0939074 1.07862e-21)
(0.111944 -0.108505 3.90363e-18)
(0.0696205 0.0454822 -1.95762e-17)
(0.17517 -0.0662661 1.56825e-17)
(0.0522103 0.134874 1.56398e-17)
(-0.0376488 0.0321324 -8.75865e-18)
(0.0703962 -0.00377699 1.48489e-17)
(-0.0294764 -0.0215081 9.8644e-19)
(0.00177514 0.00117519 1.88099e-18)
(0.00164433 0.00113516 1.42304e-22)
(-0.0171223 -0.00112323 -3.21383e-17)
(0.0379562 0.00663217 0)
(0.0486094 -0.0174836 -1.38545e-17)
(-0.0219505 -0.00590272 -2.32401e-17)
(-0.102096 0.0845744 -4.07306e-17)
(-0.0309488 -0.0158171 -1.5755e-17)
(0.0572167 -0.0119094 0)
(-0.0169325 0.0268159 2.30799e-17)
(-0.0191642 -0.0197637 1.58704e-17)
(-0.0430749 0.0227293 1.71657e-17)
(0.0589967 0.00804161 0)
(0.0935858 -0.117144 1.17258e-17)
(0.0188309 0.0129507 -2.45081e-17)
(0.00982725 -0.00876093 0)
(0.118231 -0.0944659 -3.90564e-18)
(-0.0624093 0.00362544 0)
(0.136442 -0.0724545 -1.17176e-17)
(0.119652 -0.10192 3.9039e-18)
(-0.116026 -0.0570088 0)
(0.0208943 0.0148798 0)
(0.0844515 -0.113764 3.91135e-18)
(0.130156 0.154741 -1.5582e-17)
(0.0288853 0.195067 -3.89522e-18)
(0.168418 -0.143 1.1634e-17)
(0.120625 0.127089 -2.73272e-17)
(0.0543672 -0.117892 3.94689e-18)
(0.0204426 0.164696 -1.15727e-17)
(0.0352788 -0.0294993 0)
(-0.107259 0.0258255 -1.54679e-22)
(0.140593 -0.140703 1.94279e-17)
(0.0534172 -0.093153 -3.93983e-18)
(0.00349723 0.228622 5.16235e-21)
(0.0525598 0.0881929 -1.16684e-17)
(0.072879 -0.0841374 -3.96481e-18)
(0.0319032 0.24141 3.09767e-17)
(0.0365891 0.021522 1.44187e-17)
(0.02082 0.0835489 3.53858e-17)
(0.0497822 0.156038 -1.93679e-17)
(0.128521 -0.120627 -1.16911e-17)
(0.124515 -0.0865363 1.95279e-17)
(0.107193 -0.0329863 -3.1493e-17)
(-0.10338 -0.0308756 1.56868e-17)
(0.0857549 -0.110049 -1.95661e-17)
(0.139941 -0.0658063 1.56694e-17)
(0.158522 -0.065162 4.30307e-22)
(0.109176 -0.0404485 0)
(-0.0912417 0.050306 2.65583e-17)
(0.113131 0.153769 1.17218e-17)
(0.175168 -0.0578664 1.5867e-17)
(-0.0183367 0.211564 3.06782e-17)
(0.104583 -0.177495 1.55672e-17)
(0.184243 0.0628868 3.89084e-18)
(0.0885599 -0.163891 -1.17066e-17)
(0.0870638 -0.113329 -1.5647e-17)
(0.111432 -0.150814 3.89385e-18)
(0.111228 -0.101371 0)
(0.109268 -0.0383691 -3.91489e-18)
(0.0750454 -0.129108 -3.9114e-18)
(-0.0929837 -0.00924464 -1.57021e-17)
(0.0708084 -0.0736188 3.14225e-17)
(0.0364998 0.0285055 -1.46224e-17)
(0.105122 0.033021 -1.17402e-17)
(0.017358 0.231424 -1.55037e-17)
(0.0981373 0.105235 -1.17097e-17)
(-0.15664 0.0245455 3.89873e-18)
(-0.0372706 0.169596 1.13141e-17)
(0.0433071 0.149798 1.56521e-17)
(-0.153218 0.0267125 7.67736e-18)
(-0.112068 0.0164882 0)
(-0.0187163 0.00356883 -8.44706e-18)
(0.0257094 0.0198527 -2.68932e-17)
(-0.00341289 0.00439071 3.20089e-17)
(-0.0683879 0.0158338 3.6595e-18)
(0.107845 -0.108837 -1.56252e-17)
(0.110197 -0.0946546 3.9091e-18)
(-0.00498808 0.00308566 0)
(-0.123678 0.0200575 -3.22757e-17)
(0.0328637 0.0241172 0)
(0.0886051 0.168759 -1.94415e-17)
(-0.0863873 -0.0774184 1.56995e-17)
(0.124097 -0.0697987 1.5639e-17)
(0.0649504 -0.113765 -1.56667e-17)
(-0.0537286 0.0445764 1.95463e-17)
(-0.0840753 -0.0623499 -1.56882e-17)
(0.109341 -0.169679 0)
(-0.0677867 -0.118191 -3.13911e-17)
(-0.014494 0.196281 -1.86764e-17)
(0.0891052 -0.137475 1.9571e-17)
(0.0952993 0.105973 1.56862e-17)
(0.12435 -0.170157 -1.16745e-17)
(0.127726 -0.132253 0)
(0.125856 -0.0770324 3.90299e-18)
(0.195643 0.0261985 -7.7777e-18)
(0.0818061 -0.119555 -3.91134e-18)
(0.170798 0.0810554 1.16663e-17)
(0.12206 -0.0100478 0)
(0.157654 -0.0405653 1.72016e-17)
(0.119852 -0.0776753 -1.95478e-17)
(0.115548 0.0632135 3.51254e-17)
(0.130339 -0.0552652 0)
(0.102003 -0.0578057 7.81218e-18)
(0.104478 -0.101919 0)
(0.114891 -0.123044 3.89783e-18)
(0.0899283 -0.0816491 -1.95828e-17)
(-0.000761224 0.15364 -1.34805e-17)
(0.0825167 -0.115844 1.17357e-17)
(0.115566 -0.0596162 0)
(0.10399 -0.0848963 -2.0621e-17)
(0.0356295 -0.0359366 1.58165e-17)
(0.097758 -0.113503 -3.90856e-18)
(0.159547 -0.0474585 -1.70761e-17)
(0.112745 0.18862 -1.55543e-17)
(-0.0782891 -0.0403975 -3.97909e-18)
(0.105939 0.132896 0)
(0.071268 -0.0982293 0)
(0.0963501 -0.130499 -3.90276e-18)
(0.101801 -0.11787 0)
(0.0967779 -0.120756 1.9537e-17)
(0.0529991 -0.0833297 0)
(0.0966706 -0.120259 3.90902e-18)
(0.0460383 0.237727 0)
(0.140778 -0.164058 1.16376e-17)
(-0.0463496 -0.0790839 0)
(0.102024 -0.114339 1.56252e-17)
(0.0618911 0.18199 3.8817e-18)
(0.148549 0.129972 2.72622e-17)
(0.101659 -0.117654 -1.95224e-17)
(0.0745042 -0.117844 0)
(0.0251125 0.217919 0)
(0.159277 0.0413197 1.52979e-17)
(0.109261 -0.0773276 2.41699e-17)
(0.117389 -0.05316 0)
(0.0748109 -0.10178 0)
(0.0658899 0.118846 2.72521e-17)
(0.154108 -0.0213508 1.56159e-17)
(0.155512 0.0751068 -3.96553e-18)
(0.0515103 0.0998223 0)
(0.139071 0.116928 1.56124e-17)
(0.196529 0.0149949 7.78457e-18)
(0.0447018 0.170172 -3.90035e-18)
(0.0073104 0.0452052 0)
(0.00879548 0.194753 3.86989e-18)
(0.132408 0.0514638 -7.02363e-18)
(0.0456987 0.22015 0)
(0.0571315 0.228755 0)
(0.173648 0.0794286 -7.7775e-18)
(0.0808287 -0.120243 3.91266e-18)
(0.146493 0.134857 -7.78363e-18)
(-0.0648535 -0.10534 3.9259e-18)
(0.0994404 -0.0658307 7.7934e-18)
(0.063478 -0.0244809 7.36985e-18)
(0.0771228 0.215792 0)
(0.0934181 0.189712 7.7679e-18)
(0.128847 0.166515 -4.28483e-21)
(0.152831 0.107194 3.89574e-18)
(0.0251269 0.0110281 0)
(0.11574 0.171814 3.88745e-17)
(0.0902014 -0.105781 1.95608e-17)
(0.0530042 0.238032 -3.87506e-18)
(0.154416 0.0596627 -1.16127e-17)
(0.047609 0.210633 0)
(0.0787377 -0.0995142 -2.03435e-17)
(0.084262 -0.0878723 2.76157e-17)
(0.0885771 -0.12075 -3.9084e-18)
(0.094874 -0.10012 3.91251e-18)
(0.0541944 -0.0745403 1.67371e-17)
(0.158872 0.113303 -2.33497e-17)
(0.0722291 0.069491 0)
(0.0854595 0.0365671 -1.96698e-17)
(0.141726 0.0921975 0)
(0.117551 -0.157068 -1.55537e-17)
(0.065499 0.229493 3.48727e-17)
(0.0464421 0.148694 -4.12898e-22)
(-0.046106 -0.139373 1.56517e-17)
(0.186952 -0.00619437 1.9471e-17)
(-0.095078 -0.0965813 0)
(0.111424 -0.133085 -3.90262e-18)
(0.138507 -0.157439 1.16645e-17)
(0.147723 -0.0396897 0)
(0.075712 0.067593 4.1421e-18)
(0.0375405 0.120123 1.5677e-17)
(0.0882157 -0.12189 -1.17238e-17)
(-0.0389159 -0.029355 0)
(0.133381 0.115874 0)
(0.0952596 0.209907 0)
(-0.0447943 0.00795225 0)
(0.0928153 -0.121278 1.56342e-17)
(0.0531413 0.11431 1.98716e-17)
(-0.0239063 -0.138377 -1.57415e-17)
(0.0487189 0.197275 -3.88955e-18)
(0.035313 0.100541 -1.57105e-17)
(0.128317 -0.108866 1.16947e-17)
(0.0975851 0.0812455 0)
(-0.0803651 -0.07165 3.92823e-18)
(-0.0149501 0.0110516 3.56134e-17)
(0.0462338 0.120114 0)
(0.133599 0.138055 -1.94667e-17)
(-0.0027644 -0.000740465 -3.96378e-18)
(0.0283907 0.0938961 -1.17897e-17)
(0.0603822 0.092169 0)
(0.186583 0.0309664 -2.25345e-21)
(0.0746671 0.205586 -3.10724e-17)
(0.164335 0.0624429 -3.96789e-18)
(-0.0175048 -0.157351 0)
(0.023939 -0.0319058 0)
(0.0515444 -0.0849708 -1.29742e-17)
(-0.0152166 -0.114271 -3.23085e-21)
(0.0792445 0.227682 -1.55118e-17)
(0.154295 0.118164 -1.16688e-17)
(0.0431525 0.143808 -1.56361e-17)
(0.0730949 -0.10272 0)
(0.115243 0.0535302 1.83026e-17)
(0.17743 0.0621102 7.86244e-18)
(0.0416797 0.123784 -1.86629e-22)
(0.116643 0.0794227 -3.98841e-18)
(0.116537 0.0220172 0)
(-0.0281462 -0.025443 -2.75776e-17)
(-0.106437 -0.0780623 -3.16255e-17)
(0.00399355 0.0367939 0)
(0.0176794 0.0677832 1.57616e-17)
(0.0429405 0.144176 1.56385e-17)
(0.091033 -0.115627 0)
(0.00967389 0.0124262 -1.58361e-17)
(-0.0685854 -0.116387 -1.56557e-17)
(-0.0893489 -0.104638 1.61581e-17)
(0.0707017 0.0593573 1.1799e-17)
(0.00685841 0.0448653 0)
(0.100413 0.00356965 -1.54762e-17)
(0.0369467 0.116491 -1.56784e-17)
(0.166285 0.0771497 3.96997e-18)
(-0.0466844 -0.141992 0)
(0.0488466 0.0877673 0)
(0.0397132 0.179137 -1.16851e-17)
(-0.0511449 -0.104468 1.57231e-17)
(0.0272906 0.0874389 -3.92993e-18)
(0.0169119 0.0608496 0)
(0.110521 0.0151776 0)
(0.160541 -0.154429 -2.71509e-17)
(0.162529 0.00579669 -3.89806e-18)
(0.0534905 -0.0674371 4.21306e-18)
(0.0546775 0.195759 1.94516e-17)
(0.174281 0.0587875 1.16705e-17)
(0.188449 0.0179927 -2.72268e-17)
(0.0328403 0.105535 -1.96195e-17)
(0.0394082 0.0911123 -1.57193e-17)
(0.0580305 0.067872 1.96816e-17)
(0.0376853 0.106832 3.53155e-17)
(0.146366 0.0485111 1.1694e-17)
(0.150845 0.0757088 -1.16746e-17)
(-0.0146266 0.0130528 -4.02915e-18)
(0.0963652 -0.121013 0)
(0.0495102 0.165568 -3.12177e-17)
(0.168401 -0.0611508 -1.55606e-17)
(0.0203007 0.0638264 -1.57564e-17)
(-0.0622593 -0.0737956 1.57251e-17)
(0.064765 0.217083 -1.55312e-17)
(0.0821813 0.0674812 0)
(0.0902405 -0.0077763 0)
(0.0230533 -0.0782616 0)
(0.153467 -0.136043 1.55293e-17)
(0.131937 -0.0353511 0)
(-0.0090539 0.0014174 -1.18818e-17)
(0.0351119 0.0936774 0)
(-0.0182124 -0.00801173 0)
(0.0583604 -0.0326178 0)
(0.0573758 -0.0109586 -3.94585e-18)
(0.0230478 0.0708754 0)
(0.0880135 -0.114751 1.56466e-17)
(0.15636 -0.0854303 -3.88941e-18)
(0.0812414 0.0250723 0)
(0.0267146 -0.0309003 -1.99796e-17)
(-0.0084623 -0.0623243 -1.5855e-17)
(0.00724241 -0.0147185 0)
(0.168992 -0.117071 3.88179e-18)
(0.0563074 -0.0602993 0)
(0.0212957 -0.0650387 1.19777e-17)
(0.0232551 -0.0168353 0)
(0.128169 0.00904003 0)
(0.00319662 -0.0594624 -1.58893e-17)
(0.0685357 0.000561052 0)
(0.0523697 0.0553613 -1.57574e-17)
(0.0355884 -0.00678185 3.95354e-18)
(-0.0287626 -0.0512918 0)
(0.20127 0.00612609 1.16779e-17)
(0.036736 0.0253807 3.94878e-18)
(0.120542 0.0234665 0)
(0.0128922 -0.0297944 -1.07591e-17)
(0.202096 -0.0925802 -1.94105e-17)
(-0.0314129 -0.0945304 1.49289e-21)
(0.147944 -0.0349929 -1.56771e-17)
(0.127742 -0.00987246 1.57085e-17)
(0.0642082 0.0343773 -1.57581e-17)
(0.0756776 0.108939 0)
(0.139044 -0.0247607 -1.17876e-17)
(0.105878 -0.025194 0)
(0.201218 -0.0688073 -1.55727e-17)
(0.0381665 0.0600552 0)
(0.0462811 0.126764 3.91533e-18)
(0.158363 -0.048972 3.91556e-18)
(0.0227872 0.0766744 0)
(0.100246 0.0237109 3.92961e-18)
(-0.0204821 -0.0014391 1.38243e-17)
(0.0552899 0.0204103 1.18286e-17)
(-0.0111602 -0.0264273 0)
(0.0946735 0.154488 -1.17042e-17)
(-0.0177917 -0.0458434 0)
(-0.00900487 -0.0179896 0)
(-0.0186105 -0.00703356 -1.42443e-17)
(0.0974075 0.0031938 0)
(0.00327313 -0.0269216 0)
(0.0557349 0.0750624 -4.10156e-18)
(0.0496121 -0.0300154 1.98575e-17)
(0.133176 -0.0284355 -1.57002e-17)
(0.053115 0.160879 -1.56104e-17)
(0.0168647 -0.0631833 1.64924e-17)
(0.110752 -0.0142793 1.59819e-17)
(0.133932 -0.0157599 0)
(0.0284521 0.0442191 -3.94757e-18)
(0.00896305 -0.0290779 0)
(0.0137368 0.0181537 -8.19587e-18)
(0.116357 -0.00943191 1.89038e-22)
(0.0838032 0.057823 0)
(0.187462 -0.0487705 -1.9821e-17)
(-0.00305375 -0.0200752 0)
(0.122445 0.01141 -3.92711e-18)
(0.0986148 -0.0218643 1.24741e-17)
(0.0130393 -0.0497438 1.59024e-17)
(0.15101 -0.0415919 1.56752e-17)
(0.0566818 0.141267 1.17412e-17)
(0.00147918 -0.027678 -6.62029e-18)
(0.0641885 0.179124 3.11858e-17)
(0.11801 6.57976e-05 1.57236e-17)
(0.133744 -0.0129898 -3.92702e-18)
(0.142266 -0.0233077 0)
(0.155994 -0.0408994 0)
(0.0537508 0.11239 1.58795e-17)
(0.0447338 0.13344 1.17446e-17)
(0.201093 -0.0554734 1.97979e-17)
(0.0405518 -0.0105717 -3.93781e-18)
(0.0325846 0.0775549 0)
(0.0226865 0.00044968 0)
(0.190937 -0.0673551 0)
(0.00897229 -0.018737 -1.58773e-17)
(0.0876923 -0.0309003 0)
(0.0496227 0.107311 -1.61532e-17)
(-0.0040309 -0.0106164 2.80096e-17)
(0.0745093 0.0908554 3.1385e-17)
(-0.00458094 0.0282167 -1.58184e-17)
(0.20801 -0.0763662 0)
(-0.00351967 0.0389688 -1.58073e-17)
(0.0708982 0.166394 0)
(0.129825 -0.00688307 0)
(0.141088 -0.0410142 0)
(0.10152 0.00806142 1.19078e-17)
(0.0038002 0.0420676 0)
(0.0178423 -0.0776388 0)
(0.0736465 0.131708 0)
(0.070746 0.00596565 0)
(0.0468826 -0.0881088 -3.97752e-18)
(0.012891 0.0479538 0)
(0.19756 -0.097948 1.93924e-17)
(0.158677 -0.0506053 -3.91635e-18)
(0.0118603 0.0520964 0)
(0.00950605 0.059261 -1.57677e-17)
(0.0864597 0.175724 -3.90124e-18)
(0.0165151 -0.00620727 4.10297e-18)
(0.0706894 -0.0264888 0)
(0.0546786 0.00121707 -1.53876e-17)
(0.155349 -0.0416951 -1.57151e-17)
(0.0552842 0.09681 4.00897e-18)
(0.0838077 -0.000916859 -1.18966e-17)
(0.00116969 0.0377795 2.01314e-17)
(0.0395197 -0.0237217 -1.58307e-17)
(0.159207 -0.0449251 0)
(0.0108297 -0.0434567 0)
(0.00852484 -0.0216871 0)
(0.0493339 0.110277 0)
(0.106517 0.0382277 -1.18705e-17)
(0.0769485 0.000952424 -3.96709e-18)
(0.143658 -0.0255025 1.57559e-17)
(-0.000497826 -0.0107751 9.50907e-18)
(0.000114902 0.0425457 -3.98595e-18)
(0.0149853 0.00687508 1.65418e-17)
(0.0929449 0.0535437 0)
(0.0856399 0.0554359 -1.2584e-17)
(0.0130746 0.0602477 3.94379e-18)
(0.197702 -0.0448486 0)
(0.129024 -0.035387 -1.57071e-17)
(0.0144338 0.0455447 3.94703e-18)
(0.025194 0.0726661 -1.99884e-17)
(0.0441328 -0.0417661 0)
(0.119968 -0.0143197 -3.16266e-17)
(0.0558244 0.108409 0)
(0.083479 0.0422224 0)
(0.0343392 -0.0374567 4.10657e-18)
(0.0609423 0.0638717 0)
(0.0978982 0.0676877 -1.18951e-17)
(0.0971887 0.0244852 -3.96305e-18)
(0.021214 -0.0162421 -1.99252e-17)
(0.0586152 0.127202 3.91429e-18)
(0.0431128 0.106716 0)
(0.0519641 -0.089072 -3.16992e-17)
(0.074799 -0.0194582 3.84958e-18)
(0.00556072 0.0567576 1.1832e-17)
(0.0152171 -0.0493628 -1.19189e-17)
(0.134225 -0.0455933 -1.57111e-17)
(0.102396 0.0489983 0)
(0.207672 -0.0485929 1.55663e-17)
(0.14169 -0.0438407 3.53098e-17)
(0.089571 0.0767114 -2.04728e-17)
(0.00338194 0.028312 1.58167e-17)
(0.0443629 -0.0707033 -1.59904e-17)
(0.0785954 0.0775773 -1.42098e-17)
(0.0988711 0.0532968 -3.96725e-18)
(0.0115821 0.0665057 -1.5767e-17)
(0.0684321 0.0929354 0)
(0.00505041 0.00293267 0)
(0.0420926 -0.0947476 -3.97167e-18)
(0.0138497 -0.0775774 0)
(0.109247 0.0273424 1.9649e-17)
(0.204899 -0.0314008 0)
(0.100054 0.0331892 0)
(0.0624249 -0.0126125 1.98457e-17)
(0.0751005 0.0607025 0)
(0.2077 -0.0291928 -1.55673e-17)
(0.105641 0.00360758 -3.55959e-22)
(0.113067 0.0181567 -1.57103e-17)
(0.00804194 -0.0291235 1.59321e-17)
(0.0288613 -0.0824032 4.04596e-18)
(-0.0257769 0.0090639 1.43668e-17)
(0.199676 -0.0154262 -1.93245e-17)
(0.00190649 -0.0186214 0)
(0.0258206 -0.0653774 0)
(0.032999 -0.0807394 2.3951e-22)
(-0.00482456 0.0362243 0)
(0.0409015 -0.0830264 -4.00753e-18)
(0.0274918 0.0735636 1.56924e-17)
(0.0524534 0.099604 -1.1895e-17)
(0.0773652 0.065712 1.40665e-17)
(0.0141676 -0.0525241 -1.62861e-17)
(0.0713476 0.10373 0)
(0.0432325 0.094129 0)
(-0.0138442 0.0201272 -4.02769e-18)
(0.0843698 0.0893541 0)
(0.0334071 0.0239126 -1.60026e-17)
(0.0305168 -0.0773788 -4.05638e-18)
(0.0134975 -0.0434929 1.192e-17)
(0.0390707 -0.0687617 3.98128e-18)
(0.0895094 0.0780505 0)
(0.112944 0.0449834 -1.99889e-17)
(0.0850505 0.0107562 0)
(0.0987581 0.0600583 3.93539e-18)
(0.0558275 0.0788817 1.59194e-17)
(0.0159323 -0.0336441 0)
(0.128936 -0.0361934 0)
(0.064183 0.0611465 7.31942e-18)
(0.0895159 0.0636387 -1.56982e-17)
(0.0336811 -0.037579 1.99115e-17)
(0.0747541 0.0284404 0)
(0.0163964 -0.0522624 -1.59209e-17)
(0.0582564 0.0325364 1.58987e-17)
(0.113096 -0.0220071 1.57942e-17)
(0.0449965 0.0957897 3.61058e-18)
(0.0537406 0.0935305 -3.65214e-18)
(0.0763516 0.0956525 -1.68086e-17)
(0.0393043 -0.0521377 1.20028e-17)
(0.0459932 0.091099 -3.57187e-18)
(0.0512895 0.049423 -1.5918e-17)
(0.0647921 0.105304 -1.63475e-17)
(-0.00323403 0.0192075 -1.72612e-17)
(0.0245235 0.0613569 1.99755e-17)
(0.0362392 -0.0800459 1.61131e-17)
(0.0378453 -0.0479615 -1.63757e-17)
(0.0453294 -0.0813774 3.99578e-18)
(0.0605538 0.0993056 1.53053e-17)
(0.0610679 0.110674 -1.58662e-17)
(0.0301651 -0.0454759 -1.2602e-17)
(0.0892917 -0.0128964 0)
(0.0462622 0.103833 0)
(0.0377953 0.0500291 -1.59563e-17)
(0.031778 -0.0575321 -3.9931e-18)
(0.0447878 -0.0798072 -3.98912e-18)
(0.0375826 -0.0614513 1.60186e-17)
(0.045956 0.106158 -1.5969e-17)
(0.0444236 -0.0925127 0)
(-0.0143476 0.00427501 8.10297e-18)
(0.0557833 0.113117 -1.59118e-17)
(0.0465959 -0.0830291 -1.38175e-22)
(0.0361309 -0.0729258 0)
(0.0605475 0.11109 1.58847e-17)
(0.013407 -0.0119768 -9.23956e-19)
(0.0343431 0.0642596 -3.99375e-18)
(0.0309646 -0.0487743 0)
(0.0154981 -0.104505 3.9578e-18)
(0.00897236 -0.0639388 1.72432e-17)
(0.0134236 -0.0462006 -1.60144e-17)
(0.0433607 -0.0836712 4.00081e-18)
(0.0305283 -0.0548207 0)
(0.0180345 -0.0570364 -4.07953e-18)
(-0.0499732 0.00803108 0)
(0.00100678 0.00206842 0)
(0.0296273 -0.037805 0)
(0.0585909 0.0247674 2.17065e-17)
(0.0216667 -0.0408745 0)
(0.0272422 -0.0761914 0)
(-0.00836598 0.0202698 -1.38327e-17)
(0.036048 0.0950584 -2.98613e-22)
(0.0448109 -0.0788908 0)
(0.0334542 -0.0682459 -1.61148e-17)
(0.0198033 -0.0798216 0)
(0.050708 0.107756 -1.5941e-17)
(-0.0368897 0.00979336 -1.61588e-17)
(0.0343258 -0.0771299 4.03811e-18)
(0.0439577 -0.0876886 3.98101e-18)
(0.0290489 -0.0695934 0)
(0.0196383 -0.0364618 -4.14434e-18)
(0.0395356 -0.0804914 0)
(0.0151043 -0.0538445 0)
(-0.0300367 0.0338019 -7.49912e-18)
(0.0353936 -0.0632033 -3.99895e-18)
(0.0362254 0.086973 1.19755e-17)
(-0.0214341 0.00442492 -1.60769e-17)
(0.058217 0.113466 -1.66148e-17)
(0.0262338 0.021797 6.24759e-19)
(0.00130559 -0.0786223 0)
(-0.0103994 0.016941 3.41264e-18)
(0.0400509 -0.0725645 0)
(0.00145813 0.0028273 1.09977e-17)
(0.105895 0.0560912 3.32167e-17)
(0.0396778 -0.0646376 1.60119e-17)
(0.0388783 0.088605 -1.69639e-17)
(0.117107 0.0476002 1.97682e-17)
(0.0376683 0.0954306 3.99692e-18)
(0.0463697 0.108808 0)
(0.042231 -0.0722663 2.00537e-17)
(0.0315303 -0.0459668 -1.23829e-17)
(0.0972856 0.0762362 -1.99922e-17)
(0.0338483 0.0907112 -4.00211e-18)
(0.00836884 -0.0392767 0)
(0.0450547 0.0787586 3.18982e-17)
(0.0118661 -0.0481209 1.59761e-17)
(0.0395134 -0.0870753 1.5865e-17)
(0.0588009 0.00651235 3.97588e-18)
(-0.0466427 0.0187792 0)
(0.0293506 -0.0778054 1.60099e-17)
(0.0721628 0.102985 0)
(0.0375634 0.0979676 -4.00634e-18)
(0.0539499 0.10431 0)
(0.0133618 -0.0540528 0)
(0.0365354 0.092789 -1.20669e-17)
(-0.0455564 0.00710887 -2.01396e-17)
(0.00240415 -0.0399714 5.59019e-19)
(0.00157998 -0.0742798 1.59676e-17)
(0.0263428 -0.000169848 -1.59814e-17)
(0.0124248 -0.0531747 -1.65242e-17)
(0.0523026 0.101415 1.07045e-21)
(0.0434035 0.0899757 3.99458e-18)
(0.0248118 0.0161222 1.60146e-17)
(0.0644491 0.0915428 1.30331e-21)
(0.0556069 0.112039 -1.65273e-17)
(0.118637 -0.0160306 -1.5816e-17)
(0.000179505 -0.0363209 0)
(2.84155e-05 -0.0116888 0)
(-0.0281087 0.00985215 4.02589e-18)
(0.0358177 -0.0267665 4.06599e-18)
(0.0422464 0.0949195 -4.05339e-18)
(-0.00085349 0.0115422 0)
(-0.0401975 0.0159199 0)
(0.0413026 0.0995875 4.03512e-18)
(0.0671039 -0.034137 -1.58232e-17)
(0.0102138 -0.0485636 0)
(0.0486733 0.0985259 0)
(0.0114455 -0.0297674 0)
(0.0464667 0.110583 1.99825e-17)
(0.0803787 -0.0771094 -1.55909e-17)
(0.0788702 0.0956106 1.19972e-17)
(0.0464029 -0.0855106 -1.19633e-17)
(0.0560289 -0.0279624 1.16019e-17)
(0.0146463 -0.0388826 -1.70661e-17)
(0.0445083 -0.0856679 -3.98945e-18)
(0.0966092 0.0675782 1.60509e-21)
(-0.0444295 0.0116944 -1.42417e-17)
(0.0468934 0.101873 0)
(0.0630576 -0.0523469 -1.194e-17)
(0.0428467 -0.0866053 3.98544e-18)
(0.0771958 -0.0865457 3.93149e-18)
(0.0598383 0.123966 -1.66039e-17)
(0.0530653 0.112087 4.03922e-18)
(-0.019932 0.0340571 4.43518e-18)
(0.101162 0.0359861 -1.18956e-21)
(0.0581502 -0.0551915 0)
(0.0559504 0.0144656 1.17238e-17)
(0.0649726 0.10721 0)
(0.0601365 0.101033 -1.59249e-17)
(0.00104328 -0.0572591 0)
(0.0483599 -0.0892417 0)
(0.0123277 -0.0443981 1.71989e-17)
(0.0520918 0.105859 0)
(0.0306755 -0.0126339 -1.60057e-17)
(0.0482598 -0.0817829 -1.59291e-17)
(0.0462347 0.111179 0)
(-0.0384868 0.00524695 -1.96463e-17)
(-0.00980464 0.0227422 -4.02598e-18)
(0.152684 -0.0249701 1.18353e-17)
(-0.0334794 -0.0560864 -1.17672e-17)
(0.0158963 -0.0601437 1.63126e-17)
(0.00817744 0.0165185 1.60651e-17)
(0.0445006 0.10813 -4.00935e-18)
(0.116838 0.00183357 -1.33671e-21)
(0.027541 0.0376964 0)
(0.1058 -0.0379544 3.95505e-18)
(0.00073228 0.0156902 -8.3144e-23)
(0.0656228 -0.159844 -3.9086e-18)
(0.0620189 -0.114391 1.55999e-17)
(0.0882317 0.0880962 3.99703e-18)
(-0.0190407 0.0100935 0)
(0.0526884 -0.0873998 -2.9612e-22)
(0.0329781 0.00410027 1.1986e-17)
(0.0753974 0.088188 -1.58929e-17)
(0.113027 0.0155289 -3.96576e-18)
(0.0117928 -0.0299849 1.94784e-17)
(-0.0222414 0.0156414 0)
(0.000748169 -0.0444541 0)
(0.00107982 -0.0572513 0)
(-0.0240986 -0.107917 3.91456e-18)
(-0.0101588 -0.147563 0)
(-0.0494737 0.0122109 1.66802e-17)
(0.049837 0.0213335 -1.5956e-17)
(-0.0293995 0.201736 1.62083e-17)
(0.0580571 -0.158597 3.91553e-18)
(0.0649715 -0.18179 0)
(-0.0221359 0.176988 2.8719e-17)
(0.107168 0.0645977 3.97397e-18)
(0.122392 0.0385245 1.58171e-17)
(0.13396 0.00501328 -1.18676e-17)
(0.00369887 0.0269344 -1.20666e-17)
(0.00287008 -0.164696 0)
(0.048423 0.111083 0)
(0.0499297 -0.0855778 3.57796e-17)
(0.000429222 -0.0284833 0)
(0.145518 -0.0167464 -1.58003e-17)
(0.000360828 -0.0958095 -3.96352e-18)
(0.0826454 0.0743577 0)
(0.106676 0.0493037 3.17472e-17)
(0.0258554 -0.058524 0)
(0.0518535 -0.000663128 1.99028e-17)
(0.00331 -0.0391682 0)
(0.0146733 0.0363031 0)
(0.0225106 -0.0697516 0)
(0.067392 -0.0914098 0)
(-0.0122132 0.0121248 9.26577e-18)
(0.00601662 -0.00381966 0)
(0.13294 0.0164456 -1.98026e-17)
(0.0218472 -0.068056 0)
(0.057291 -0.0724516 1.59582e-17)
(0.0618417 -0.0928492 1.58521e-17)
(0.0498419 0.109693 1.60139e-17)
(0.0176526 -0.0612924 4.02144e-18)
(0.0258952 -0.0731142 0)
(-0.00253246 0.0706992 2.68474e-17)
(0.0510481 0.1117 -2.01573e-17)
(0.0200446 -0.0444591 0)
(0.0925729 -0.0336463 0)
(0.132195 -0.0226227 -1.58359e-17)
(0.0855917 -0.0879621 0)
(0.0631149 -0.084553 1.97001e-17)
(0.00400449 -0.0293193 -3.04062e-17)
(0.0462437 -0.0747133 -1.59589e-17)
(0.0404852 -0.0866655 -1.19217e-17)
(0.0226266 0.0694215 8.6904e-18)
(0.0249693 -0.0697919 -1.20133e-17)
(0.0189606 -0.0639285 0)
(0.000554997 -0.0290884 0)
(0.0653026 -0.0665954 -3.96801e-18)
(0.0287476 -0.093699 3.95269e-18)
(0.0286462 -0.075315 -4.00105e-18)
(0.0618986 -0.0817091 0)
(0.0356651 -0.0871655 0)
(0.0250074 -0.0714691 2.00332e-17)
(0.0210398 -0.0658279 -2.00676e-17)
(0.0711459 -0.0958506 -3.93934e-18)
(0.0730574 -0.0279984 3.91078e-18)
(0.145407 -0.016509 1.97569e-17)
(0.128415 0.013038 0)
(0.130268 -0.0372618 1.18456e-17)
(0.021495 -0.0531751 4.07386e-18)
(-0.0535578 -0.0197612 1.57122e-17)
(0.00175135 -0.0514797 0)
(0.0252701 -0.00548819 7.99277e-18)
(0.0273149 -0.00152479 0)
(0.0808864 -0.142976 -3.89371e-18)
(0.0316021 -0.138758 3.92729e-18)
(0.00127259 -0.0743089 3.68344e-17)
(0.140221 0.00435259 3.95794e-18)
(0.0549522 -0.0840711 0)
(0.0829803 -0.0150474 1.19034e-17)
(0.0513611 -0.0103372 -3.85033e-18)
(-0.0315367 -0.122562 -3.91323e-18)
(0.0616207 -0.0182869 3.98324e-18)
(0.0402999 0.0580518 0)
(0.00669319 -0.0343535 -3.08649e-17)
(0.0195341 -0.0627193 0)
(0.0516712 -0.0779196 0)
(0.0314527 -0.083276 1.98265e-17)
(-0.0181864 0.197339 0)
(0.0754888 -0.170725 -3.89803e-18)
(0.0965206 -0.021673 0)
(0.070296 0.0192699 0)
(0.0344943 -0.0824455 -1.59198e-17)
(0.0788095 0.0428506 -2.21711e-17)
(0.00132271 -0.0372126 0)
(0.00781063 -0.0072269 1.23699e-18)
(0.0231102 -0.0678126 0)
(0.119086 -0.0405521 1.5472e-17)
(0.0384838 -0.0879395 0)
(-0.00251862 -0.155268 0)
(0.0320047 -0.0374911 -4.14467e-18)
(0.0678395 -0.0546527 1.58409e-17)
(-0.000829297 0.0395349 -3.13167e-17)
(0.0395189 -0.100022 -1.97191e-17)
(0.0119899 -0.0683452 3.16593e-17)
(0.0457233 0.110427 -1.65003e-17)
(0.0026376 -0.0373314 1.63085e-17)
(0.0273462 -0.073924 -3.99143e-18)
(0.0437332 -0.0949088 -1.58109e-17)
(0.0260698 -0.0729038 3.98119e-18)
(0.0452885 -0.0913744 0)
(0.0295645 -0.0771459 1.59436e-17)
(0.0674969 -0.0862381 3.96554e-18)
(0.0499877 -0.0681059 -3.19314e-17)
(0.0587895 -0.0899581 0)
(0.0265636 -0.0232464 0)
(0.0591874 -0.0868409 0)
(0.0663321 -0.0790101 -1.57188e-17)
(0.0209899 -0.0636978 -4.00428e-18)
(0.131002 -0.050827 0)
(0.145126 -0.0482752 0)
(0.0357502 -0.0829554 -3.9744e-18)
(0.00225811 -0.036588 2.81194e-17)
(0.0706605 -0.0793572 -3.94834e-18)
(0.00261105 -0.076676 -1.88804e-17)
(0.142514 -0.0324696 -1.67748e-17)
(0.0010291 0.00581561 1.53418e-17)
(0.0730718 -0.0396021 8.34714e-18)
(0.00637069 -0.0252077 1.59373e-17)
(0.0314781 -0.0783799 3.97035e-18)
(0.165172 -0.0212096 0)
(0.0835916 0.0295848 0)
(0.0400459 0.0371062 4.66732e-18)
(0.050572 -0.0440831 -1.64373e-17)
(0.0146524 -0.134087 -3.93256e-18)
(0.0320654 -0.0813871 1.58793e-17)
(0.0241826 -0.0761057 -1.98285e-17)
(0.0148257 -0.0141621 4.08234e-18)
(0.0196257 0.111235 0)
(0.0579818 0.111529 1.6113e-17)
(0.0110666 -0.0214757 0)
(0.0495233 0.149078 1.28172e-17)
(0.124773 -0.0286448 -1.66949e-17)
(-0.000245669 -0.0342352 -1.16714e-17)
(0.00387387 -0.044948 0)
(0.00241571 -0.0284333 1.75516e-17)
(0.00383702 -0.004762 3.39716e-17)
(-0.00072868 -0.00173975 -1.80179e-17)
(0.00250154 0.0412481 -1.44924e-17)
(0.04333 -0.0155564 0)
(-0.015787 -0.0195173 0)
(0.0603339 0.0762172 0)
(0.0555024 0.0817244 1.84209e-17)
(0.0198079 -0.0277609 -1.52806e-17)
(0.0420583 0.0549462 0)
(0.056115 0.0994857 4.36931e-18)
(0.033232 0.0739144 4.63545e-18)
(0.0486949 0.023966 -1.21476e-17)
(0.00362843 -0.0518113 0)
(0.0274274 0.0401838 0)
(0.145706 -0.0539123 0)
(-0.021392 -0.00698588 0)
(0.0223635 0.0921976 0)
(0.16487 0.00783029 -2.64378e-17)
(0.044822 0.144256 0)
(0.168672 -0.0314421 0)
(0.0274012 -0.0575622 8.52786e-18)
(0.0201877 0.122518 0)
(0.189778 -0.0168831 -1.23308e-17)
(0.0517917 0.0883428 1.73914e-17)
(0.0624196 -0.044633 -1.18709e-17)
(-0.195745 0.035363 -1.21745e-17)
(0.164354 0.0280682 7.86549e-18)
(0.18037 0.0218125 0)
(0.0127016 0.0606371 0)
(-0.0180117 0.0176992 1.80647e-17)
(0.0232176 0.0236606 1.21968e-22)
(0.00238911 -0.0711423 -2.81456e-17)
(0.0265332 0.0628233 0)
(0.0330968 0.0417571 -1.86953e-17)
(0.00164348 -0.0619801 9.63705e-18)
(-0.167809 -0.00421854 0)
(0.00390366 -0.0150275 -3.34123e-17)
(-0.0292929 -0.00111551 8.11098e-18)
(0.00628684 0.0149707 1.69181e-17)
(-0.0182726 -0.00650727 1.65957e-17)
(-0.0448221 -0.026296 1.55688e-17)
(-0.0381617 -0.0277138 0)
(0.0521134 0.014138 1.3927e-17)
(0.00883252 -0.019993 1.35435e-17)
(-0.0393256 -0.00917948 -4.15931e-18)
(-0.0462623 -0.021726 0)
(-0.0294244 -0.0257176 0)
(-0.0445634 -0.017235 3.34547e-17)
(-0.0504816 0.0260699 -1.67293e-17)
(0.0334046 0.0217642 -2.22119e-17)
(0.02288 -0.0216423 0)
(-0.0125908 -0.000602756 -1.61247e-17)
(0.00151918 0.00707066 0)
(-0.0286883 0.00508566 3.17003e-17)
(-0.0318292 -0.0189412 -1.6605e-17)
(-0.0249852 -0.0212761 0)
(0.0372174 0.0139218 2.68381e-17)
(-0.0341973 0.013332 1.55748e-17)
(0.00683463 -0.00841319 0)
(-0.0286713 -0.0119355 -1.24612e-17)
(0.0999482 0.0318035 -1.21398e-19)
(0.0757008 0.0111647 1.71118e-18)
(-0.184107 0.0398087 -2.50755e-17)
(0.00955288 -0.0551814 1.64928e-17)
(0.0197056 0.0466243 2.69459e-17)
(0.0220148 0.044024 -1.79084e-17)
(0.0383806 0.0077874 1.64755e-17)
(0.017855 -0.0266696 -4.15434e-18)
(0.00727953 -0.0586956 -1.63514e-17)
(0.00978282 -0.0490139 3.40861e-17)
(0.00496859 -0.0481493 -1.85759e-17)
(0.00239146 -0.0710782 -1.90646e-17)
(-0.136095 -0.0528804 8.54143e-18)
(0.0444258 -0.0108641 -5.20236e-18)
(-0.0531827 0.0472225 1.81469e-17)
(-0.0580888 0.0393045 2.23634e-18)
(0.0488833 0.127087 0)
(0.00752764 -0.0602081 -1.74123e-17)
(0.0134087 -0.0087887 -6.89972e-18)
(0.119142 -0.023377 1.49992e-17)
(-0.00467466 0.0262799 -2.18692e-17)
(0.0128346 0.0241106 1.97958e-17)
(-0.0234391 0.0394254 1.57454e-17)
(0.0222032 -0.0142727 1.65411e-17)
(0.0546436 0.124014 0)
(0.00215842 -0.0626571 2.24115e-18)
(0.0090446 -0.0749958 1.76501e-17)
(0.0373884 -0.0713243 3.49088e-17)
(-0.00563986 -0.0238469 7.04991e-18)
(-0.000493199 -0.00466478 0)
(0.0478671 0.0773315 -1.83378e-17)
(-0.0416285 0.0286624 -2.19223e-18)
(0.0246541 -0.0266141 0)
(0.00498229 -0.0712786 -5.31046e-17)
(0.000900372 -0.0785097 0)
(-0.185308 0.0194818 0)
(0.00128123 -0.0126631 1.83201e-17)
(-0.00831022 0.0208782 -8.60798e-18)
(0.000826236 0.0884741 -1.96206e-17)
(0.0287696 0.0640881 1.39574e-17)
(0.00104758 -0.00729208 -1.56282e-17)
(0.05218 0.11924 0)
(-0.000161726 -0.00437051 0)
(0.05085 0.082546 0)
(0.00496873 -0.00504957 1.08783e-18)
(-0.0357053 0.0275471 -3.3697e-17)
(-0.0143829 0.00781599 8.42217e-18)
(-0.0379342 0.0114796 -1.62936e-17)
(0.000943327 0.0782831 2.00527e-17)
(0.042704 0.0890932 -5.41229e-19)
(0.00820396 -0.0785476 -3.14879e-17)
(-0.0324639 -0.00127279 1.75035e-17)
(0.0471173 0.115963 0)
(0.00353682 0.00131201 0)
(0.00890634 -0.0503376 -1.23272e-17)
(0.00637704 -0.0745217 3.52654e-17)
(-0.0224721 -0.013876 0)
(0.0379547 0.0858222 1.04798e-17)
(0.0210697 -0.0198068 -9.02109e-18)
(0.00732069 -0.0216954 2.00799e-17)
(-0.128345 -0.028627 0)
(0.0410454 -0.0217639 -2.08737e-17)
(0.013806 -0.00894632 8.89185e-18)
(0.00238039 -0.00933461 8.72878e-18)
(0.0103145 -0.0800659 1.86665e-17)
(0.0298933 0.0769764 -1.69405e-17)
(0.0610848 0.0485749 0)
(-0.00439607 0.0103472 0)
(-0.00159412 0.00950521 0)
(0.0421011 0.0584669 1.12337e-17)
(0.000807413 -0.0671751 2.12232e-17)
(0.0235453 -0.0527549 7.3152e-22)
(-0.0452911 0.0480583 1.35982e-17)
(-0.0305964 0.0437093 -1.58289e-17)
(0.00420705 -0.000735352 -1.62998e-17)
(0.00128525 0.00646374 0)
(-0.0307132 0.116463 0)
(0.18407 -0.0369388 0)
(0.132051 -0.0338504 -9.73373e-18)
(-0.00299237 0.00655858 1.6909e-17)
(0.0226846 0.0111772 3.82132e-17)
(0.0364876 0.0502141 0)
(0.0847932 -0.0616242 -1.6131e-17)
(0.0108718 -0.00515721 -8.40697e-18)
(0.0136131 -0.0242168 -1.86402e-17)
(0.0108887 -0.0171731 -8.58263e-18)
(0.171296 0.0354258 0)
(0.00877513 -0.0282829 -1.01249e-17)
(0.0360739 0.118337 1.297e-17)
(0.00504915 -0.0579094 -1.70284e-17)
(0.0475886 -0.0107276 2.60544e-17)
(0.0951251 0.0377946 -1.81366e-17)
(0.0773935 0.000945939 -2.39419e-17)
(0.0379085 0.0648987 0)
(0.000652477 -0.00461603 9.63266e-18)
(0.0012378 -0.0518401 -1.0064e-17)
(0.0113367 0.0857471 -9.15427e-18)
(0.0723528 0.0825748 1.80429e-17)
(0.055211 0.00437996 -2.23748e-17)
(-0.0179601 0.000406588 0)
(0.0630645 0.0926427 -9.53793e-18)
(-0.0386205 0.0318385 0)
(0.0272506 0.0684492 -1.83245e-17)
(-0.0036408 -0.0176484 -1.04882e-17)
(0.000531929 -0.0373178 -1.08254e-17)
(-0.0171893 -0.0218829 0)
(-0.0447477 0.0227161 2.39771e-18)
(0.000548835 -0.0107052 0)
(0.00636128 0.102515 0)
(0.00698614 -0.0275165 -1.09848e-17)
(0.0530343 0.0611735 0)
(-0.000476037 -0.00436043 -1.00097e-17)
(0.0247115 0.0406488 0)
(0.0208267 0.0586852 1.76899e-17)
(0.00518741 -0.0770307 -1.9007e-17)
(0.132853 -0.000808737 -1.89503e-17)
(0.134721 0.0121441 -1.94747e-17)
(-0.000201266 -0.0106732 0)
(-0.00579503 0.00727471 0)
(0.0581665 -0.0264721 -2.5137e-17)
(-0.00411081 0.0702465 -2.12496e-17)
(-0.00332126 0.00443341 -1.04722e-17)
(0.0335225 0.0231553 9.77198e-18)
(0.00838553 -0.0680556 1.11317e-18)
(0.0152639 0.0082284 1.85443e-17)
(0.03213 0.0152982 9.24305e-18)
(-0.0211577 0.0360721 2.45511e-17)
(0.00381509 -0.00895947 8.9052e-18)
(0.0352171 0.152745 -3.8519e-17)
(0.0113681 -0.0534255 -2.17958e-17)
(0.102078 0.0421447 0)
(-0.0319649 0.0278131 1.17171e-17)
(4.93122e-05 -0.00445826 -1.02442e-17)
(-0.019948 0.00300334 4.16338e-18)
(0.0199354 0.0512656 0)
(0.0141343 0.0217836 9.50628e-18)
(0.0180731 0.0457341 -1.94289e-17)
(0.0388892 0.0437072 0)
(0.00765484 -0.00936763 -4.66657e-22)
(0.021072 0.0152721 0)
(0.0273187 0.032204 -1.21931e-18)
(0.0117106 0.00399661 -1.92867e-17)
(0.0234662 0.0233254 4.94828e-18)
(0.0971895 -0.000721564 3.13491e-17)
(0.0885419 0.00827367 -9.83697e-18)
(-0.00735804 0.0548227 -2.54092e-17)
(-0.0178388 0.0318477 -4.14148e-17)
(0.0386107 0.0706613 3.05957e-17)
(-0.0253799 0.0248253 2.04312e-17)
(0.101542 -0.0090164 -1.02794e-17)
(0.0924843 -0.0157954 2.22468e-17)
(0.00425383 0.0736706 0)
(0.0351793 0.0457535 -1.68903e-23)
(0.0265355 -0.0140951 1.74124e-17)
(-0.00528601 -0.0134521 -1.68106e-17)
(-0.125176 -0.0590812 1.56093e-17)
(0.00546059 -0.0783478 -2.39948e-17)
(0.0010082 -0.0143674 -8.02033e-18)
(0.053886 0.00391432 -2.69751e-17)
(-0.000458359 0.00678375 -9.88974e-18)
(0.12826 -0.0177374 4.60783e-18)
(0.0243516 -0.0173892 -8.3056e-18)
(0.0460346 0.0313852 0)
(0.00110271 -0.0672131 0)
(-0.00527948 0.0283497 2.58682e-17)
(-0.0287172 0.0297973 4.61896e-18)
(-0.0027085 0.00510735 0)
(0.000959246 -0.0799941 0)
(0.0471517 0.0733923 0)
(-0.000905493 -0.0222087 1.08923e-17)
(0.0416786 0.0107196 1.09732e-17)
(-0.0464144 0.138213 -5.79272e-18)
(0.000140466 0.00523445 9.19907e-18)
(0.0233957 0.0147618 0)
(0.00277223 0.000299966 -1.64002e-17)
(0.0196487 -0.0116217 -6.20195e-18)
(0.000760582 -0.0275362 0)
(0.0121676 0.110308 1.8914e-17)
(0.115599 -0.0329725 -3.33845e-17)
(0.00766938 -0.0534004 2.06374e-17)
(0.0316001 0.141432 0)
(0.0100762 -0.0130505 2.08532e-17)
(-0.0256399 0.00432702 -1.93719e-17)
(-0.00846769 0.00585862 6.76812e-18)
(0.0392576 -0.0183379 -4.76206e-18)
(0.0586134 0.0329778 -2.23629e-17)
(0.0173991 -0.0184196 -2.63008e-17)
(0.024139 -0.0467915 -2.05272e-17)
(0.00276555 -0.0762099 1.06152e-17)
(0.00499222 -0.0218302 -2.1086e-17)
(0.0627306 0.00662953 3.02026e-17)
(0.0288985 0.00185603 2.14217e-17)
(-0.00878145 0.0241879 4.23984e-18)
(0.0452937 0.0720155 0)
(0.00655864 -0.0152554 0)
(0.0101938 -0.0133118 1.85544e-17)
(-0.176794 0.0173856 0)
(0.0436785 0.114974 -5.38635e-18)
(-0.0125894 -0.0163344 8.30586e-18)
(0.00333258 -0.0266628 2.30056e-17)
(0.0116096 0.0335576 9.80781e-18)
(0.0105535 -0.0773958 -1.74378e-17)
(-0.0347039 -0.0111606 -1.95495e-17)
(0.0431163 -0.0703618 -4.00746e-17)
(0.0451797 0.067456 -1.71461e-17)
(0.0289975 0.0838901 1.77618e-17)
(0.020568 -0.0276091 9.05606e-18)
(0.0469292 0.162346 3.44754e-17)
(0.119969 -0.0388159 -1.94871e-17)
(-0.00290699 -0.0228896 -1.01426e-17)
(0.0430217 0.0936792 -9.63762e-18)
(0.000715185 -0.0110941 2.5272e-17)
(0.00648199 -0.00709871 2.02031e-17)
(0.0466248 0.0812646 -9.26824e-18)
(-0.0221114 0.0011807 2.78893e-18)
(-0.0165246 -0.0181004 0)
(0.0421757 0.121802 2.49869e-18)
(0.0231664 0.0431846 1.11409e-17)
(0.00418306 0.0874996 0)
(-0.00274114 0.00302752 -1.05641e-17)
(0.083895 0.0746833 9.94436e-18)
(0.017918 -0.00510272 -2.02847e-17)
(-0.000649762 0.000615929 -2.27478e-17)
(-0.159153 -0.0181994 3.04443e-19)
(0.14568 -0.00665995 1.51445e-17)
(0.00442359 -0.00873957 -9.28684e-18)
(0.000300683 -0.0443326 1.16069e-17)
(0.00519767 -0.0176974 2.50997e-17)
(0.0136014 0.0467445 -5.38885e-18)
(0.0145103 0.0216325 0)
(-0.00575702 0.0139525 -3.48405e-17)
(0.00541887 0.0841553 -4.16392e-17)
(-0.0404723 0.161846 -1.41648e-17)
(0.00834176 -0.0804579 -9.4277e-18)
(0.151234 -0.0164079 3.27304e-17)
(0.0158103 0.136795 -1.13379e-17)
(0.0794108 -0.0672231 -1.24032e-17)
(0.151523 -0.00643118 -3.02047e-17)
(0.00111726 -0.0221693 0)
(0.0359207 0.107245 5.39654e-18)
(-0.00183441 0.0885749 -1.8637e-17)
(0.0299496 0.106042 -1.12654e-17)
(-0.0218948 -0.0193599 2.15856e-17)
(0.00576847 -0.0344298 7.86085e-18)
(0.0280523 0.0366756 1.0468e-17)
(0.00259037 -0.079321 0)
(0.00703748 -0.0747305 8.80718e-18)
(-0.0344472 0.0385411 0)
(0.00138806 0.0243383 0)
(-0.0311568 -0.0195414 -9.15494e-18)
(0.0088999 -0.0762185 -1.59915e-22)
(-0.0279746 0.0443475 -1.30841e-17)
(0.00322213 -0.00688704 5.65083e-18)
(0.00129626 -0.0166651 0)
(0.0175232 0.00112074 1.93085e-17)
(-0.0433151 0.0162361 1.82012e-17)
(0.00104231 -0.0116787 1.07391e-17)
(-0.0141634 0.055154 2.87415e-17)
(0.00650411 -0.0319107 1.16243e-17)
(0.011804 0.0121793 -4.40722e-18)
(-0.00208447 0.0061112 -1.15922e-17)
(0.0757111 0.0459138 -2.73459e-17)
(-0.00632808 0.0137558 2.44935e-17)
(0.0739952 0.0266811 -1.18082e-17)
(0.00426244 -0.0355092 1.65408e-18)
(0.0672221 -0.0108556 6.12278e-18)
(0.0100983 0.023165 0)
(0.0682525 0.0438818 2.30369e-17)
(0.000124813 -0.0225814 0)
(0.0711963 0.093987 1.04215e-17)
(0.0538892 -0.00914824 -3.40463e-17)
(0.131644 -0.0402226 1.19353e-17)
(0.0465625 -0.00143718 1.55654e-18)
(0.00377843 0.000466439 0)
(-0.0589031 0.164998 2.07579e-17)
(-0.0275743 0.0121669 0)
(0.0132282 0.0367779 0)
(-0.0353674 0.041378 0)
(0.0014798 -0.0223244 2.01739e-17)
(-0.0393793 0.0240085 -2.61194e-17)
(0.0198889 0.10139 6.18281e-18)
(0.000451965 -0.0266253 -2.76953e-17)
(0.00559991 0.00476921 1.19605e-17)
(-0.0126015 0.0494944 -2.31002e-17)
(0.00167699 -0.021252 -2.28127e-17)
(0.0306415 0.0581911 -1.3244e-17)
(-0.0229248 0.0326381 -2.29309e-17)
(0.0494007 -0.00154075 0)
(0.00503213 -0.0760603 -2.61459e-17)
(0.0634706 0.0375019 -3.65293e-23)
(0.00858888 -0.0212259 1.19631e-22)
(0.00530574 -0.0798956 0)
(0.0652106 0.0204034 -7.07352e-18)
(0.00567847 -0.0803131 -3.42444e-17)
(0.0341028 0.0591233 0)
(0.00598907 -0.0306254 1.61373e-17)
)
;

boundaryField
{
    back
    {
        type            empty;
    }
    front
    {
        type            empty;
    }
    top
    {
        type            codedFixedValue;
        value           nonuniform List<vector> 
15
(
(0 -0.0785778 0)
(0 -0.0743111 0)
(0 -0.0572444 0)
(0 -0.0444444 0)
(0 -0.0572444 0)
(0 -0.0288 0)
(0 -0.0288 0)
(0 -0.0743111 0)
(0 -0.0785778 0)
(0 -0.0672 0)
(0 -0.0103111 0)
(0 -0.0103111 0)
(0 -0.0672 0)
(0 -0.08 0)
(0 -0.0444444 0)
)
;
        name            ParabolicTimeDependentU_max;
        code            #{
		const vectorField& Cf = patch().Cf();
		vectorField& field = *this;

		const scalar r = 18.0*1e-3;
		const scalar Umax = 0.4;
		const scalar Umin = 0.02;

		scalar 	Uvar = 0.08;
		scalar 	t = this->db().time().value();
		scalar	tau = fmod(t,1);
		
		if (tau > 0 && tau <= 0.35)
		{
			Uvar = 0.08+Umax*(1-(pow(tau-0.175,2)/(0.175*0.175)));
		}
		if (tau > 0.35 && tau <= 0.6)
		{
			Uvar = 0.08+Umin*(-1+(pow(tau-0.475,2)/(0.125*0.125)));
		}
		if (tau > 0.6 && tau <= 1)
		{
			Uvar = 0.08;
		}
		
		forAll(Cf, faceI)
		{
			const scalar x = Cf[faceI][0];
			const scalar y = Cf[faceI][1];
			field[faceI] = vector(0, Uvar*(-1+(pow(x+(0.02+r),2))/(r*r)), 0);
		}
	#};
    }
    outer_arc
    {
        type            noSlip;
    }
    bottom
    {
        type            zeroGradient;
    }
    inner_arc
    {
        type            noSlip;
    }
}


// ************************************************************************* //
