/*--------------------------------*- C++ -*----------------------------------*\
  =========                 |
  \\      /  F ield         | OpenFOAM: The Open Source CFD Toolbox
   \\    /   O peration     | Website:  https://openfoam.org
    \\  /    A nd           | Version:  9
     \\/     M anipulation  |
\*---------------------------------------------------------------------------*/
FoamFile
{
    format      ascii;
    class       surfaceScalarField;
    location    "2.34";
    object      phi;
}
// * * * * * * * * * * * * * * * * * * * * * * * * * * * * * * * * * * * * * //

dimensions      [0 3 -1 0 0 0 0];

internalField   nonuniform List<scalar> 
2420
(
2.77987e-07
-2.87729e-07
9.74231e-09
3.56867e-07
-3.56867e-07
3.89704e-07
-1.71035e-07
-2.18669e-07
-1.83834e-08
1.83834e-08
-7.31246e-07
2.71563e-07
4.59683e-07
2.07131e-07
-2.17307e-07
1.01761e-08
3.23397e-07
6.6307e-08
-8.56545e-07
8.26651e-08
7.7388e-07
1.72659e-06
-1.92993e-06
2.03338e-07
-5.60185e-07
-1.71061e-07
-4.79874e-07
1.89167e-07
2.90708e-07
-2.5499e-07
-2.24885e-07
-8.56545e-07
-1.95112e-07
3.39603e-08
1.61151e-07
7.71632e-08
1.34187e-06
-1.41904e-06
7.35739e-07
-1.15067e-06
4.14929e-07
2.0233e-06
-5.45651e-07
-1.47765e-06
-8.14561e-07
1.66754e-07
6.47807e-07
-2.56085e-07
2.69754e-07
-1.36683e-08
-5.01444e-08
-1.44967e-07
-4.17468e-07
2.0948e-08
3.9652e-07
-2.16129e-08
-6.63129e-07
8.72904e-07
-2.09775e-07
-8.14927e-07
1.51797e-07
9.61728e-08
1.81814e-07
1.09342e-06
9.2988e-07
-2.62111e-07
9.97851e-07
-6.58401e-07
-1.18926e-06
1.84766e-06
-1.49241e-06
8.34006e-07
1.06526e-07
-3.48357e-07
2.41831e-07
-9.75876e-07
-1.82851e-07
1.15873e-06
-8.75645e-08
3.57074e-07
-2.6951e-07
-7.75612e-07
7.56791e-07
1.88213e-08
-1.47793e-07
3.02533e-07
-1.54741e-07
-5.80825e-07
-2.33736e-07
-8.7081e-08
-6.07118e-08
6.1715e-08
1.45416e-07
3.09269e-07
4.75977e-08
-1.36169e-07
-6.39443e-07
-3.965e-08
-3.17217e-07
-7.99409e-07
3.8194e-07
7.58389e-07
1.06156e-07
-8.64545e-07
4.76234e-07
-6.12404e-07
-3.09451e-07
3.17685e-07
-8.23462e-09
7.68038e-08
2.40494e-08
-1.00853e-07
-6.14325e-08
4.30491e-08
-9.38009e-08
1.12184e-07
1.63879e-07
-8.70755e-08
-2.41531e-07
4.22692e-07
-1.8116e-07
-2.1389e-07
6.90124e-07
-1.43176e-07
-7.4131e-08
-2.586e-07
1.34251e-06
-1.26535e-06
-1.2197e-06
-7.10227e-07
1.34875e-06
-1.26632e-07
-1.22211e-06
5.23432e-08
6.6905e-07
-7.21394e-07
1.24656e-07
8.03864e-07
-9.2852e-07
1.92189e-07
-3.02192e-09
-3.22337e-07
4.35266e-07
-1.12929e-07
-1.31706e-06
1.3694e-06
7.62458e-08
-1.05212e-06
1.8908e-07
-1.84233e-07
-4.84692e-09
-1.48357e-07
-1.39372e-07
-1.16674e-06
1.24941e-06
-5.32915e-07
3.16525e-07
2.1639e-07
-4.85286e-07
3.02435e-07
3.9551e-07
-5.22405e-07
1.26895e-07
-1.82919e-07
2.78628e-07
-9.57095e-08
-1.33407e-07
-4.47418e-07
-5.65376e-08
9.26976e-09
-1.61889e-07
-2.95419e-07
-3.41314e-07
6.36733e-07
2.72611e-07
1.06926e-06
5.39407e-07
2.01443e-07
-7.4085e-07
-5.88848e-08
1.43601e-09
5.74488e-08
-1.43381e-06
-5.86021e-08
-5.62131e-07
4.28724e-07
-6.74753e-07
5.35841e-07
-4.29314e-07
-2.75462e-07
-2.57453e-07
-7.83096e-08
1.94248e-08
1.28892e-06
5.98213e-08
-9.17773e-08
-2.17674e-07
6.91707e-07
-1.94527e-07
-4.97181e-07
4.53099e-07
-5.91323e-07
1.38224e-07
7.37526e-07
-1.98119e-07
1.09968e-07
-4.05387e-07
2.00466e-07
5.03913e-09
-2.05505e-07
1.71173e-08
-3.96509e-07
3.79392e-07
-1.68549e-07
1.85667e-07
-8.35661e-08
-1.35103e-07
-5.92278e-08
-1.96858e-07
4.49257e-08
-2.86457e-07
2.567e-08
3.4215e-07
-3.6782e-07
1.35764e-07
1.3399e-07
4.17758e-07
-2.22481e-08
-3.6094e-07
3.8603e-08
1.51468e-07
2.05606e-07
-8.14631e-07
4.87234e-07
3.27398e-07
1.93969e-07
-2.77535e-07
2.85555e-07
-2.81508e-07
-4.04761e-09
2.25105e-07
1.97586e-07
3.04301e-07
-1.87457e-08
-1.03124e-06
-8.20347e-08
1.11327e-06
8.95088e-08
9.95712e-08
-1.34127e-06
3.08701e-07
1.03257e-06
-2.8416e-07
-6.4197e-08
-4.66223e-07
-3.48408e-07
7.72885e-07
-1.03834e-07
-7.84544e-08
-5.03268e-07
5.81722e-07
2.08452e-08
-2.75835e-07
6.08545e-07
1.6434e-07
6.54164e-07
3.75439e-08
1.2439e-06
-2.33299e-07
-1.0106e-06
2.84549e-07
-1.07957e-06
-2.61699e-07
3.73834e-07
7.93817e-08
1.21085e-07
2.34768e-09
-1.03358e-06
-9.4187e-08
7.02732e-07
4.5986e-08
-8.67398e-07
8.21412e-07
-5.43198e-08
-9.31495e-07
9.85815e-07
-7.33043e-08
-7.17302e-07
7.90606e-07
2.66187e-07
1.51572e-07
-1.17434e-06
3.09699e-07
8.64643e-07
-6.44959e-07
4.31069e-07
-4.47516e-08
7.04217e-08
-9.39789e-07
-2.10879e-07
5.96117e-07
-6.23375e-07
2.72572e-08
4.36036e-07
-1.84467e-07
-2.51569e-07
-5.64689e-07
4.86235e-07
-1.46379e-06
2.97045e-07
-7.33729e-07
-4.40612e-07
3.51103e-07
-3.51103e-07
-9.9274e-08
4.09103e-08
5.83637e-08
-5.0433e-07
-2.6479e-07
7.6912e-07
1.34251e-06
8.03864e-07
-3.77499e-07
-1.44906e-07
-1.31706e-06
-1.19063e-06
9.2852e-07
1.19063e-06
-1.11803e-06
-7.26025e-08
1.41962e-07
1.09773e-06
-1.2397e-06
-2.0172e-07
1.47765e-06
-1.27593e-06
-1.09773e-06
1.14372e-06
-2.02528e-07
1.2397e-06
-1.03717e-06
1.27521e-06
-1.3694e-06
2.38046e-07
-1.27521e-06
1.03717e-06
-1.36709e-06
1.42832e-06
-6.12339e-08
1.36709e-06
-1.29084e-06
-1.42832e-06
1.27593e-06
1.52395e-07
-1.14372e-06
1.34516e-06
-1.34516e-06
1.29084e-06
-6.17949e-07
2.66268e-08
-1.91466e-07
-4.53493e-07
-5.39597e-08
3.70485e-07
-5.37192e-07
6.86403e-07
-1.49211e-07
1.64333e-07
2.88386e-08
-7.3972e-07
-2.04367e-07
-5.31979e-07
7.36346e-07
-1.5543e-06
3.34597e-07
5.53078e-07
1.33326e-07
6.95039e-07
-1.10386e-07
-2.50554e-07
-1.89949e-06
9.11238e-07
-1.14454e-06
-1.5321e-08
4.15873e-07
-9.78004e-07
6.35231e-07
-1.18088e-06
-1.26522e-06
-1.17545e-07
1.38277e-06
-4.71919e-07
7.09965e-07
-1.39861e-06
2.50833e-07
1.14777e-06
-1.08991e-06
1.25538e-07
3.10498e-07
-4.93979e-07
9.09851e-07
6.28458e-07
1.53484e-07
-7.81942e-07
3.77674e-09
-5.39212e-08
-1.1179e-06
-1.30747e-06
4.22463e-08
9.40352e-09
-1.52579e-07
-5.97429e-07
5.24124e-07
9.46529e-08
-8.1412e-08
-1.32409e-08
-9.52294e-07
5.61802e-07
3.90491e-07
-1.04544e-07
2.62348e-08
-3.23836e-07
1.56387e-07
-1.16971e-06
1.01332e-06
-1.27219e-06
-3.52822e-08
-4.71777e-10
2.45211e-08
-4.75598e-08
-1.36673e-07
1.01313e-06
-1.16664e-06
1.53507e-07
-2.03478e-07
-5.5122e-08
-1.04054e-06
4.58894e-07
5.8165e-07
6.69433e-08
1.16952e-06
-4.78742e-07
-8.7633e-08
9.26721e-08
-1.21547e-06
-5.67136e-08
1.17217e-07
-4.97915e-07
3.80698e-07
-2.03791e-07
3.21008e-07
1.42426e-07
2.73041e-07
-4.15467e-07
4.26577e-07
-4.05629e-07
-8.16931e-07
6.62326e-07
1.54605e-07
-8.89514e-07
-2.77126e-07
-1.23472e-07
7.19589e-07
3.83095e-07
-8.05614e-08
2.85246e-07
-9.48136e-07
6.62891e-07
4.18077e-07
-6.21554e-07
-1.38924e-07
1.22094e-06
1.70417e-07
-1.6664e-07
1.52523e-07
-5.30022e-07
1.72358e-07
-2.59439e-07
-4.93491e-07
2.89125e-07
6.95415e-07
1.99364e-07
-8.94779e-07
4.88096e-08
-1.26428e-06
5.93349e-08
5.06488e-07
6.13036e-07
1.43755e-07
-1.23424e-06
1.18507e-06
4.91629e-08
-2.03896e-07
7.59165e-07
-1.10952e-06
3.5035e-07
-3.93884e-07
1.15305e-06
3.28093e-07
-8.53282e-07
7.38405e-07
1.14877e-07
-8.07176e-07
-4.61056e-08
-8.23877e-07
7.77061e-07
4.68151e-08
-8.06941e-07
8.92003e-07
-8.50617e-08
-9.99899e-07
1.92958e-07
4.88062e-07
-5.93381e-08
9.02657e-07
-2.40331e-07
-7.2243e-07
-1.01446e-07
-6.50621e-07
2.13914e-07
-1.10343e-06
-1.08637e-06
6.92488e-07
-7.60843e-07
1.11283e-06
-3.51983e-07
-9.79679e-07
1.11376e-07
-1.67229e-08
4.65962e-07
-1.22681e-06
2.22428e-07
-5.73531e-07
-1.12274e-06
-1.115e-07
2.06886e-07
-6.12273e-07
1.18773e-06
-5.69719e-07
-6.18008e-07
-1.15818e-06
-3.96117e-07
-5.04722e-07
1.23388e-06
1.90361e-07
1.27325e-07
6.65499e-07
-9.84103e-07
3.18604e-07
7.03322e-07
1.64965e-07
7.37692e-07
-2.52722e-07
5.04117e-07
4.22356e-07
-9.26473e-07
-1.23929e-06
1.16557e-07
-1.13713e-06
6.43148e-07
7.30539e-07
-5.86784e-07
3.52229e-07
-1.01771e-06
6.65486e-07
8.43701e-07
-6.90217e-07
8.74759e-07
2.78291e-07
-4.2219e-07
9.66993e-07
-3.01494e-07
1.10392e-06
-1.01822e-06
-8.56989e-08
6.50159e-07
8.03805e-08
1.8045e-07
-3.71916e-07
5.81817e-07
-7.85712e-07
4.12349e-07
3.87167e-08
-4.51066e-07
-1.26535e-06
-2.1866e-07
7.06722e-07
1.10904e-07
5.97822e-07
2.45879e-07
4.7443e-07
-5.33768e-07
-6.1141e-07
3.9275e-07
8.18917e-07
3.6881e-07
-1.71564e-07
-1.06773e-06
-1.07174e-06
1.12978e-06
-5.80402e-08
1.38673e-06
-4.04891e-07
-9.81844e-07
-9.77853e-08
1.29535e-06
-1.19757e-06
1.01615e-06
-1.023e-06
6.84802e-09
-5.07735e-07
-1.03675e-07
2.68061e-07
1.07445e-06
1.24042e-06
-9.72359e-07
9.73852e-07
-5.81102e-07
1.25428e-06
-1.10078e-06
8.36934e-07
-4.63798e-07
-3.73136e-07
8.04764e-07
4.72985e-07
6.96726e-07
-2.30332e-07
1.34358e-09
5.71782e-07
-5.73126e-07
1.19063e-06
-1.30817e-06
-1.01083e-06
1.22475e-06
1.05321e-06
-3.17684e-07
-7.3553e-07
7.7388e-07
-1.56374e-07
-5.73531e-07
8.64142e-07
-2.24943e-07
-6.39199e-07
-5.20783e-07
9.3858e-07
-4.17797e-07
8.3277e-08
-3.83512e-08
8.3277e-08
-8.21846e-07
1.11615e-06
-2.94305e-07
1.16999e-06
-2.95232e-07
-6.21225e-07
1.02162e-06
-4.004e-07
-9.88314e-07
4.83592e-07
1.19279e-06
-2.53456e-07
-9.39331e-07
9.94115e-07
1.75876e-07
-4.10991e-07
8.89445e-07
-4.78454e-07
-1.14752e-06
9.45797e-07
-8.50108e-07
1.20234e-06
9.33153e-08
1.81957e-07
1.3376e-06
1.17044e-06
-1.76321e-07
-4.5676e-07
9.60876e-07
-4.46309e-07
4.47653e-07
3.16151e-07
2.31367e-07
3.17355e-07
8.16521e-08
-4.30491e-08
8.16521e-08
-2.06642e-09
-5.40306e-07
9.62662e-07
1.16529e-06
-8.32891e-07
-3.32398e-07
-7.1042e-07
8.75385e-07
1.2397e-07
3.27903e-07
-3.27903e-07
9.95248e-07
-5.11656e-07
7.95086e-07
-1.04854e-06
1.10217e-06
-4.09682e-07
8.2868e-07
3.3661e-07
6.52163e-07
-9.10639e-07
1.18893e-06
-3.08343e-07
-8.74556e-07
-9.18021e-07
-2.43121e-07
1.16114e-06
-3.33047e-08
-8.29963e-07
2.27861e-08
1.07445e-06
1.9813e-07
7.03941e-07
5.60477e-07
8.36361e-07
-5.90483e-07
4.9645e-07
-4.9645e-07
-4.40798e-07
7.13839e-07
6.20402e-08
-6.57636e-07
9.74992e-07
1.17331e-06
-1.35671e-06
1.83398e-07
5.84974e-08
1.11194e-06
-1.15376e-06
1.02402e-06
1.64911e-07
-2.28319e-07
1.24142e-06
-1.0131e-06
1.08543e-06
-9.2499e-07
-1.60444e-07
-2.42607e-07
9.43434e-08
-2.53416e-07
1.42673e-06
9.80504e-07
-1.44771e-06
4.6721e-07
-3.90749e-07
3.90749e-07
-1.22229e-06
-3.69732e-07
3.69732e-07
-1.14031e-06
1.01679e-06
-1.13657e-07
-9.03129e-07
4.0345e-07
-4.0345e-07
-8.97967e-07
-3.75709e-07
3.75709e-07
1.13427e-06
-1.19989e-06
6.56207e-08
2.74473e-07
-2.74473e-07
-1.16765e-06
1.25727e-06
-3.76538e-07
-8.80735e-07
9.59238e-07
8.59787e-07
-8.27252e-08
-8.03411e-07
6.13444e-07
-5.66629e-07
1.47121e-06
-4.90702e-07
9.04873e-07
-9.90572e-07
-1.0551e-06
-3.92609e-07
-3.93776e-07
1.09772e-06
-1.66084e-07
1.19277e-06
1.06986e-06
-5.14666e-07
8.06938e-07
3.23098e-07
-7.39927e-07
2.99129e-07
3.64805e-07
8.92469e-07
-1.21817e-06
-8.99976e-08
1.01805e-06
1.43093e-07
1.23489e-06
-4.21214e-08
1.15225e-06
-4.03156e-08
-1.41159e-06
-7.13501e-07
-3.4163e-07
1.05513e-06
5.27258e-07
-5.43191e-07
1.59331e-08
5.78178e-07
8.93028e-07
-9.52309e-07
-7.06933e-08
3.50445e-07
7.09105e-07
-1.05955e-06
9.77154e-07
-2.39462e-07
-1.25345e-06
-4.81893e-07
-2.58034e-07
3.09269e-07
8.37301e-07
-1.21384e-06
-1.41427e-07
1.41427e-07
-1.5118e-06
6.65123e-07
8.46675e-07
-1.39508e-06
3.39977e-07
1.18775e-06
8.10455e-07
1.66699e-07
-1.51415e-06
7.68396e-07
7.45755e-07
-1.9573e-08
-7.89757e-07
-2.10142e-07
-1.12017e-06
-2.74908e-07
7.03327e-08
1.16456e-06
3.06129e-07
-1.01963e-06
-9.3362e-07
8.62563e-08
-2.05362e-07
1.19106e-07
1.22259e-06
1.60564e-07
-1.28396e-06
1.12339e-06
1.76205e-07
4.96664e-07
-6.72869e-07
3.23069e-07
1.18296e-06
5.85566e-07
-5.90718e-07
1.27076e-06
-6.80038e-07
-1.0444e-06
3.85432e-07
-6.60795e-07
2.75364e-07
1.32512e-06
2.85805e-07
4.46312e-08
-3.30436e-07
-8.49028e-07
-7.49271e-07
-7.15178e-07
1.46445e-06
5.03993e-08
9.66388e-07
-1.95858e-07
-2.19609e-07
-2.6683e-08
2.6683e-08
-7.60146e-07
1.52854e-06
1.37462e-06
-4.02887e-07
-9.71729e-07
3.08268e-07
-7.90161e-07
1.11691e-06
1.05676e-07
-1.07158e-06
1.41156e-06
-1.50942e-06
-1.20464e-06
4.91141e-07
7.13495e-07
3.54854e-07
-7.09589e-07
-4.95047e-07
-6.84974e-07
-1.22343e-06
6.32715e-07
2.21501e-07
1.16978e-06
-1.39128e-06
6.1195e-07
5.4577e-07
-1.15772e-06
-1.00867e-06
1.47588e-06
-6.11483e-07
-9.20244e-07
-5.42263e-07
1.46251e-06
1.14671e-06
-3.73571e-07
-7.73143e-07
-1.32186e-06
2.50278e-07
5.61167e-07
4.71688e-07
-8.96033e-07
1.35451e-06
-4.58473e-07
4.54372e-07
-1.0633e-06
1.2848e-06
-5.64618e-07
8.70747e-07
-2.39664e-07
-2.0495e-07
1.40775e-06
-6.13479e-07
-7.94267e-07
7.93902e-07
5.60603e-07
1.28184e-06
-4.8794e-07
8.21565e-07
3.82212e-08
1.01737e-06
1.22207e-06
1.20798e-07
-1.34286e-06
6.788e-07
6.03042e-07
1.16097e-06
-4.82172e-07
-6.43679e-07
-7.26234e-07
1.36991e-06
6.01673e-07
7.24081e-07
-1.32575e-06
1.86642e-07
-4.52715e-07
2.66074e-07
1.04512e-06
-3.71771e-07
-8.42068e-07
7.38057e-07
6.69689e-07
-4.67721e-07
1.01349e-06
-6.78754e-07
-6.06981e-07
1.28573e-06
-4.74154e-07
3.64292e-07
3.18767e-07
-6.83058e-07
-7.37872e-07
-3.21678e-07
2.17861e-08
-1.13213e-06
1.11034e-06
-5.94571e-08
1.28152e-06
-9.95773e-07
5.86545e-07
4.09228e-07
1.48381e-06
4.59213e-07
-1.22048e-06
7.61268e-07
-2.44426e-07
1.12854e-06
-8.84112e-07
-1.39393e-06
-4.46959e-07
1.429e-07
3.04059e-07
-8.84237e-08
8.2077e-07
-8.32287e-07
1.2915e-06
-1.07623e-06
4.70084e-08
1.02922e-06
5.53992e-07
7.76469e-08
-1.24313e-06
1.16548e-06
-2.11747e-07
6.71685e-08
1.44578e-07
9.9858e-07
1.14232e-07
-1.11281e-06
4.31721e-07
-8.99442e-07
-1.30773e-06
-5.27145e-07
8.45912e-07
2.74089e-07
7.04722e-07
-9.78811e-07
9.50337e-07
1.78201e-07
-6.12433e-07
-5.33731e-07
1.14616e-06
5.59501e-07
-2.51338e-07
-3.58921e-07
-8.6156e-07
1.12233e-06
1.62475e-07
4.0645e-07
1.02719e-06
-1.43364e-06
-3.41821e-07
-1.05138e-07
4.32054e-07
-1.29619e-07
2.80598e-08
1.04694e-06
-1.075e-06
2.81814e-07
9.71635e-07
-1.25345e-06
6.33908e-07
-1.12185e-06
9.02332e-08
-1.42096e-06
5.42096e-07
8.78862e-07
-7.78028e-07
8.9226e-07
1.30789e-06
-9.01441e-07
1.12932e-06
-1.96551e-07
-9.32771e-07
-8.15964e-07
8.62973e-07
-3.71758e-07
-6.24015e-07
-2.09981e-07
2.09981e-07
-1.08751e-07
1.08751e-07
1.61645e-07
-1.61645e-07
-3.17217e-07
-3.83512e-08
1.36819e-07
-1.36819e-07
-1.10447e-07
1.10447e-07
1.49413e-07
-1.49413e-07
-2.17011e-07
-1.65765e-07
1.65765e-07
-9.38009e-08
-2.82695e-07
2.82695e-07
1.42065e-07
-1.42065e-07
-1.81297e-07
1.81297e-07
-6.88302e-08
6.88302e-08
-6.88389e-07
1.22139e-06
-5.32999e-07
-1.35568e-07
1.35568e-07
1.18996e-07
-1.18996e-07
-3.18411e-07
1.12067e-06
-8.02263e-07
9.06176e-07
-7.27974e-07
9.8948e-07
-6.88472e-08
1.12432e-06
-5.64818e-07
7.4844e-07
-1.10736e-06
4.86347e-07
-1.73084e-07
2.93126e-07
6.1653e-07
-9.09656e-07
-8.19286e-07
-3.51816e-07
1.01471e-06
2.89037e-07
6.81339e-07
-9.70375e-07
6.13393e-08
-1.90958e-07
-1.10485e-06
-2.86435e-07
-4.43203e-07
-4.56239e-07
8.766e-07
-9.84648e-07
5.02476e-07
-6.27214e-07
-5.30506e-07
-1.08146e-06
4.69027e-07
8.25567e-07
-1.17738e-06
-1.42309e-06
3.18248e-07
2.36562e-07
-5.41544e-07
-2.48617e-07
9.95499e-08
-2.04688e-07
1.45363e-06
1.28148e-07
7.62956e-08
8.05084e-07
-1.55671e-07
1.04157e-06
2.81454e-08
8.34827e-07
-8.08293e-07
3.6509e-07
-1.0633e-06
1.34512e-06
-1.18966e-06
2.43514e-07
9.46143e-07
1.41602e-06
-1.00158e-06
-4.14444e-07
4.35929e-07
-1.11632e-06
1.26795e-06
-1.51633e-07
-1.1622e-06
1.19026e-06
-1.20348e-06
1.11517e-06
8.8309e-08
1.47444e-06
-9.32342e-07
-9.14086e-08
-3.5074e-07
-1.24118e-06
1.04462e-06
-1.08345e-06
-1.27693e-06
9.76147e-07
3.00783e-07
4.33812e-07
3.79271e-07
-1.28071e-06
-1.0846e-06
2.82333e-07
-1.11803e-06
-1.30606e-06
3.96965e-07
9.09097e-07
1.81e-07
-2.49848e-07
-8.94949e-07
1.66975e-07
6.64526e-07
-5.77862e-07
-2.36876e-08
3.52719e-07
3.24536e-07
-3.00561e-07
-2.39749e-08
-3.7448e-07
4.72859e-07
-2.47116e-07
8.63646e-07
2.28797e-07
1.05753e-07
-1.32186e-08
-1.53821e-07
-1.03584e-06
8.50907e-07
6.77634e-07
1.2917e-06
-1.04819e-06
-1.26004e-07
-6.2683e-07
4.02277e-08
5.86603e-07
-6.58387e-07
-2.32306e-07
-5.54751e-07
6.82899e-07
5.00706e-07
-6.11092e-07
-7.05325e-07
-3.959e-07
5.42391e-07
-7.92148e-07
2.49758e-07
-2.43164e-07
-6.62741e-07
6.6768e-07
8.24723e-07
-8.14721e-07
2.50103e-07
8.00716e-07
4.20673e-07
-5.98685e-07
-4.0539e-07
-9.19264e-07
1.32465e-06
9.3067e-07
-2.95439e-07
-3.29915e-07
-4.37582e-07
9.91574e-07
-1.00477e-06
1.47763e-06
4.79996e-07
9.37542e-07
-1.41754e-06
8.36913e-07
4.61979e-07
-8.84004e-07
4.22025e-07
4.96103e-07
-1.50087e-06
-1.2648e-06
7.34291e-07
-1.14801e-06
1.37681e-06
5.31608e-07
-5.55295e-07
1.22253e-06
-2.58168e-07
-8.49193e-07
1.51543e-06
-6.40227e-07
-4.43227e-07
6.69969e-07
-5.43074e-07
1.66336e-07
8.97908e-07
1.16124e-06
-1.28724e-06
-1.50431e-07
7.80317e-07
-6.29886e-07
-1.28982e-06
7.67401e-07
5.22418e-07
-7.01582e-07
-2.08074e-07
8.77985e-07
-1.03181e-06
-1.31199e-06
6.31947e-07
7.76083e-07
-3.95589e-07
-3.80494e-07
-5.19538e-07
6.7111e-07
-1.29751e-06
6.86027e-07
-4.85492e-07
-7.79305e-07
1.15867e-06
-2.12528e-07
5.83091e-07
1.26695e-06
-3.09478e-07
-9.57472e-07
7.46888e-08
-4.44756e-07
-4.53892e-07
-1.32659e-06
8.41096e-07
-4.17491e-07
-9.5975e-07
-6.84537e-07
1.06656e-06
-3.82019e-07
-1.33676e-06
-5.97047e-07
1.01772e-06
-5.63219e-07
3.00862e-07
-3.12395e-07
-4.79753e-07
-9.17779e-07
-7.74433e-07
3.36851e-07
-1.25854e-06
4.74354e-07
7.84188e-07
-1.27366e-06
4.45799e-07
8.27858e-07
5.72243e-07
-1.08173e-06
1.43445e-06
-1.33346e-06
7.70244e-07
-1.11906e-06
2.03536e-07
-5.04097e-07
1.54035e-07
1.13295e-06
-1.28699e-06
4.31935e-08
-1.10964e-06
-4.8352e-07
7.20038e-07
-2.36518e-07
-6.1508e-07
-6.05629e-07
1.22071e-06
1.4984e-06
4.40174e-07
4.90496e-07
1.00252e-06
-1.33244e-06
4.92367e-07
3.31311e-07
-8.09765e-07
5.80625e-07
6.84481e-08
-1.02076e-06
-7.04047e-07
3.49962e-07
3.54085e-07
-6.25959e-07
1.00439e-06
-4.41879e-07
-5.62514e-07
-7.30635e-07
-4.88682e-07
1.93242e-07
-5.20882e-07
8.49263e-07
-3.28382e-07
-7.28651e-07
-3.34232e-07
-3.29363e-07
-5.84949e-07
9.14312e-07
-5.53855e-07
-5.27606e-07
9.97369e-07
-1.19385e-07
5.50523e-07
7.40977e-07
1.74909e-07
-8.04795e-07
7.7581e-07
-5.72275e-07
-5.25685e-07
-4.26756e-07
-4.57248e-07
-3.31387e-07
-3.7266e-07
1.29997e-06
-6.68024e-07
1.58393e-07
5.12717e-07
7.84841e-07
5.7132e-07
4.32983e-07
2.91341e-07
-7.24324e-07
-7.68786e-08
5.17052e-07
-8.25236e-08
-4.06158e-07
3.89141e-07
3.86942e-07
-4.76787e-07
-4.73778e-07
9.50564e-07
-1.2831e-06
-7.9089e-07
-1.0139e-06
3.933e-08
1.54135e-07
-1.93465e-07
-7.99303e-07
-4.01999e-07
7.9114e-07
-1.85199e-07
1.51013e-07
3.41865e-08
-1.15948e-06
-7.52321e-07
1.27474e-06
-6.08695e-08
-1.32596e-07
-8.75777e-07
-1.284e-07
-5.67988e-08
1.20372e-06
1.31527e-06
-2.71957e-07
6.94808e-07
-1.32077e-06
-1.29766e-06
2.49474e-07
-1.6471e-07
6.86978e-07
-1.2583e-06
5.05977e-07
4.75435e-07
1.08296e-06
2.42787e-07
-7.63669e-07
-5.88296e-07
-1.2368e-06
-5.0438e-08
3.97876e-07
-7.93465e-07
1.32373e-07
4.29805e-07
6.92917e-07
-1.12272e-06
-7.96653e-07
1.2065e-06
-4.09842e-07
1.30948e-06
-8.63221e-07
2.64314e-07
4.77902e-07
-9.19781e-07
6.61137e-07
-3.96822e-07
-3.38292e-07
-3.7728e-07
-7.34155e-07
1.11144e-06
-1.25002e-06
-8.05716e-07
1.25151e-06
-3.60946e-07
6.11049e-07
-1.82351e-07
4.63983e-07
-2.81633e-07
6.37974e-07
2.76337e-07
-2.16832e-07
-8.61928e-07
1.07876e-06
2.15245e-08
-7.59475e-07
7.3795e-07
-3.32401e-07
-1.73353e-07
6.06336e-07
-7.12032e-07
5.29681e-07
-1.17393e-06
1.2305e-06
-7.55068e-07
5.54943e-08
-1.20055e-06
7.49146e-07
-1.13117e-06
-3.01754e-07
-6.2509e-07
2.64145e-07
1.1857e-06
-2.02202e-08
-1.23881e-06
3.9674e-07
2.64695e-07
3.41641e-07
4.24788e-07
3.23694e-07
5.39952e-07
-5.98526e-07
8.32925e-07
1.02262e-06
6.59921e-09
4.40765e-07
-1.19583e-06
-1.07525e-06
5.12735e-07
-1.2622e-06
3.81467e-07
6.89856e-07
4.56308e-07
1.26005e-06
-4.32195e-07
6.56721e-07
-4.13934e-07
6.49168e-07
3.92399e-07
-2.26138e-07
4.81098e-07
1.80039e-07
2.59898e-07
8.41673e-07
-7.55752e-09
-2.18581e-07
2.79743e-07
4.40295e-07
5.28136e-07
-7.75142e-07
2.47006e-07
-1.26098e-06
8.65462e-07
3.95521e-07
-1.23504e-06
6.46749e-07
3.24705e-07
4.92654e-07
-8.40742e-07
-3.98066e-07
-6.904e-07
-7.57435e-07
2.3175e-07
1.30452e-07
-3.35957e-07
-4.19311e-07
1.21399e-06
9.85262e-09
8.24975e-07
9.43711e-07
-6.5237e-07
2.44037e-07
-5.23206e-07
-1.88826e-07
-6.59599e-07
-4.1565e-07
-3.9334e-07
-4.94068e-07
3.45184e-07
-7.64459e-07
-8.3033e-07
-3.59782e-07
1.19011e-06
9.25946e-07
-8.57498e-07
1.03247e-06
6.58588e-07
-4.50708e-07
1.43631e-07
3.07076e-07
-1.2613e-06
1.21086e-06
1.87733e-07
2.97795e-07
-4.85528e-07
9.06708e-07
1.92377e-08
2.04019e-07
3.13033e-07
8.61909e-07
-9.53871e-07
6.2549e-07
1.1923e-06
-3.95556e-07
-5.58315e-07
-1.15367e-06
-1.16253e-06
-1.17226e-06
3.41931e-07
-5.06899e-07
7.87574e-07
-2.80675e-07
1.25181e-06
4.83921e-07
9.72862e-07
-3.62626e-07
-2.3659e-07
5.99216e-07
-1.18022e-06
1.202e-06
2.20797e-07
-1.2339e-06
1.24274e-06
-8.61269e-07
4.01534e-07
5.4903e-07
-4.09797e-07
-5.43786e-07
-8.82954e-07
1.24776e-06
8.19695e-07
-7.43489e-07
4.7801e-07
3.1313e-07
-6.3151e-07
-5.30763e-07
1.45615e-08
1.73171e-07
9.13557e-07
-5.53111e-07
8.272e-07
3.22329e-07
-1.2384e-06
9.16073e-07
9.02652e-07
3.45107e-07
1.39577e-06
-1.42038e-06
2.46103e-08
8.79544e-07
-2.88809e-08
1.0331e-06
-3.40179e-07
-2.26884e-07
6.6823e-07
-4.41346e-07
1.07881e-06
-6.22501e-07
-7.6123e-08
1.22845e-06
3.88409e-07
-1.24096e-06
1.73233e-07
-8.48343e-07
1.24818e-06
-3.45531e-07
5.52747e-08
-9.12773e-07
1.20514e-06
-2.97288e-07
-9.07851e-07
5.95708e-07
1.77359e-08
-9.38768e-07
1.20239e-06
-2.63617e-07
-6.00316e-07
8.59987e-07
-2.59671e-07
2.34463e-07
1.3609e-07
-5.45887e-07
5.57212e-07
-3.62569e-07
-1.15988e-06
-1.24073e-07
-2.09855e-07
-1.01806e-06
-5.09239e-07
-3.67177e-07
-2.02594e-07
-5.2173e-07
1.11618e-06
-7.00817e-09
1.26114e-07
8.71965e-07
-5.72231e-07
-2.43553e-07
8.15784e-07
-3.17757e-07
-6.5836e-07
9.76117e-07
5.09439e-07
-1.30371e-06
3.80726e-07
8.43705e-08
9.48102e-07
7.81799e-07
1.14728e-06
2.66371e-07
9.25233e-07
3.2295e-07
2.79896e-07
1.78997e-08
-3.17045e-07
3.46162e-07
-2.91176e-08
-8.37043e-08
7.71796e-07
1.0359e-07
-1.10131e-06
3.21229e-07
1.12058e-06
-9.77489e-07
-4.57126e-07
-3.36339e-07
-7.7394e-07
8.29215e-07
9.59996e-08
6.26014e-07
2.6149e-08
-6.79956e-07
8.51813e-07
-1.71858e-07
-4.4244e-07
-6.16434e-07
8.35021e-07
-2.18587e-07
-2.92826e-07
1.22816e-06
-9.35338e-07
1.04182e-06
-3.36067e-07
8.37448e-07
5.05525e-08
-8.88001e-07
-2.69094e-07
-3.26592e-08
1.24756e-06
9.75266e-07
2.27119e-07
5.52324e-08
-5.94842e-07
5.3961e-07
1.24732e-06
-4.64185e-07
-7.12252e-07
9.50275e-07
-4.6312e-07
1.27052e-07
1.24579e-06
-2.95516e-07
9.01792e-07
-9.35371e-07
9.54608e-07
-8.07518e-07
3.35776e-08
1.55066e-07
-8.82726e-07
1.70473e-07
9.82174e-07
6.94354e-08
7.82378e-07
1.01211e-08
4.82426e-08
-1.02016e-06
-8.93016e-07
1.09115e-06
6.3393e-07
1.02904e-06
-6.26483e-08
-7.38082e-07
-1.30395e-07
-5.32178e-08
5.80476e-07
-7.70151e-08
1.24199e-06
-2.59817e-07
8.9268e-07
1.02269e-06
6.34572e-09
7.8199e-07
1.1069e-07
-9.84489e-07
-1.24648e-07
1.10914e-06
3.00699e-07
-1.27243e-06
-3.24955e-08
-8.89022e-07
-1.31735e-07
1.01686e-06
5.8318e-09
-8.37049e-07
-1.48806e-07
9.85854e-07
-1.01942e-06
-2.36946e-08
-3.39928e-07
3.63622e-07
2.21827e-07
-1.00736e-07
-5.2445e-07
-5.48446e-07
1.0729e-06
-7.01552e-07
-8.03902e-08
-1.83224e-07
1.05793e-06
-7.75648e-07
7.20357e-07
-5.08388e-07
-6.27778e-09
3.90185e-07
-7.07942e-07
6.10235e-07
-2.36921e-07
4.62027e-07
-6.15939e-07
2.69268e-08
5.89013e-07
-7.22343e-07
-3.40158e-07
1.0625e-06
7.6817e-07
-4.55039e-07
-5.04548e-07
1.06741e-06
-9.38495e-07
-1.11622e-06
-7.17232e-07
-1.1146e-06
-6.27472e-07
1.15322e-08
-4.42343e-07
2.59119e-07
6.5664e-07
-1.18018e-06
5.23544e-07
-8.61074e-07
1.19123e-06
-1.01799e-06
7.36347e-07
1.59629e-06
-1.2617e-06
-7.72358e-08
-1.26254e-06
2.92307e-07
4.40872e-07
3.2573e-07
-1.01239e-06
-3.96674e-08
8.54728e-07
1.72367e-08
-9.73393e-07
9.95051e-07
-2.90329e-07
1.06658e-06
6.33071e-09
-1.09857e-06
1.09224e-06
-2.63009e-07
9.98389e-07
-7.3538e-07
1.18313e-06
4.61043e-07
-1.33899e-08
1.19709e-06
-9.20458e-08
-3.50297e-07
-1.16334e-06
1.41194e-07
1.02215e-06
1.23085e-06
-3.14781e-07
-6.23335e-07
1.14948e-07
-2.94373e-07
-1.00736e-06
8.35505e-07
1.12094e-06
6.21944e-08
1.16076e-06
-1.32685e-06
-4.6094e-07
3.68894e-07
1.1701e-06
-4.10341e-07
-3.99423e-07
-6.9174e-07
3.68558e-07
2.74312e-07
4.19056e-07
3.08633e-07
3.43626e-08
4.82323e-07
-5.16685e-07
-1.791e-07
-9.37124e-07
8.4831e-07
-1.14114e-06
1.12104e-06
-8.93917e-07
9.50876e-07
-3.15083e-07
-6.35794e-07
5.24987e-07
-1.53933e-07
5.82975e-09
2.92993e-07
-2.98822e-07
3.26006e-07
4.26582e-07
-1.17643e-06
1.15686e-06
3.01112e-07
6.75005e-07
2.69778e-07
6.00969e-07
-1.24017e-06
1.15018e-06
1.03844e-06
-7.43864e-07
-3.77985e-07
-7.79802e-07
-2.27561e-07
-1.1263e-06
6.9636e-07
-4.87192e-07
-7.70048e-09
4.94892e-07
-6.83636e-08
8.55107e-07
-1.11812e-06
4.05701e-07
-4.34818e-07
-8.33141e-08
-7.70709e-07
-1.255e-06
-1.42644e-06
1.76668e-07
-1.26657e-06
1.81344e-08
-1.20214e-06
2.94293e-07
1.00084e-06
-1.08914e-06
-1.83912e-07
1.0973e-07
4.24396e-07
4.12345e-07
8.48986e-08
9.82512e-07
-1.10064e-06
-4.62985e-07
-2.83779e-07
-8.83871e-07
3.36877e-07
8.53235e-07
5.54394e-07
8.07027e-07
1.14942e-06
6.70202e-07
9.68347e-07
3.15242e-07
7.39889e-07
7.09313e-07
6.35136e-07
1.16459e-06
-1.01296e-06
1.00101e-06
-1.19524e-06
1.07117e-06
-8.32503e-07
-1.12148e-06
-8.79194e-07
2.24729e-07
-2.3243e-07
4.10006e-07
4.68813e-09
3.50517e-07
1.83609e-07
-6.40357e-07
5.65668e-07
5.16559e-07
1.34482e-06
-9.30381e-07
-2.65221e-07
2.20564e-08
8.23823e-07
-1.11415e-06
3.19148e-07
-1.19834e-06
2.65551e-07
-9.24257e-07
1.18556e-06
3.67677e-07
-9.89553e-08
-7.66736e-07
1.10361e-06
-8.97109e-07
-6.72058e-07
9.85739e-07
-4.00173e-07
-1.06169e-06
1.37445e-06
-3.12761e-07
1.09342e-06
-2.95598e-07
-7.95005e-07
-9.1117e-07
2.36264e-07
-1.09819e-06
-1.3366e-06
1.10224e-06
-4.06854e-07
7.75748e-07
6.91366e-07
4.27814e-07
9.64442e-07
-4.82991e-08
9.16211e-07
-1.08182e-06
7.04638e-07
-4.03776e-07
-8.25312e-08
1.0932e-06
-1.05767e-06
-4.11033e-07
-4.45511e-07
-1.47275e-08
-7.44747e-07
2.27106e-07
4.16155e-08
3.08052e-07
-1.20451e-06
6.56065e-07
-9.67866e-07
8.07422e-07
1.25971e-06
-1.02344e-06
-1.18949e-06
8.49333e-07
-2.765e-07
4.99248e-07
-3.08609e-07
5.19736e-07
-1.60919e-07
-4.1411e-07
-5.02724e-07
4.4666e-07
2.46708e-07
-1.65484e-07
1.23665e-06
-4.63071e-07
-2.80418e-07
-2.33289e-07
1.25613e-06
-4.32828e-07
7.58367e-07
9.27719e-07
-6.95073e-07
3.62295e-07
-9.20817e-07
1.06201e-06
-5.96757e-07
1.55411e-07
3.72365e-07
1.40673e-07
6.17695e-07
-1.29418e-07
5.03252e-07
-8.88791e-07
-5.70172e-07
1.38468e-08
-9.09964e-07
-3.67428e-07
1.32961e-06
6.14196e-07
9.48095e-07
-1.7322e-07
-9.35545e-07
9.46947e-07
-2.13208e-07
2.94521e-07
-2.80674e-07
5.53481e-07
-6.29777e-07
3.10915e-08
-1.25502e-08
2.80649e-07
-1.00199e-07
7.38967e-07
-4.57687e-07
6.5889e-08
-2.04813e-07
2.80741e-08
-6.10571e-07
1.31426e-08
3.078e-07
-2.1995e-08
3.85606e-07
-4.79998e-07
1.54667e-06
-7.12663e-07
1.69856e-07
5.80734e-07
-4.11242e-08
-9.77824e-07
9.56211e-07
1.88841e-07
1.02149e-07
-2.9099e-07
-1.69292e-07
8.171e-07
1.17015e-07
-6.0135e-07
-3.42868e-07
3.83374e-07
-4.72271e-07
2.44478e-07
4.67471e-07
-2.87432e-07
6.35213e-07
-3.63651e-07
1.30884e-07
-6.03298e-07
3.31341e-07
4.93678e-07
-3.39953e-08
1.65031e-07
5.67329e-07
3.05575e-07
-6.02814e-07
1.30895e-07
6.36751e-07
-2.28888e-07
3.3632e-07
-1.07431e-07
7.71265e-07
2.61464e-09
6.76647e-07
8.69836e-07
-2.39684e-08
5.9662e-07
-2.59768e-07
6.68975e-07
8.77694e-07
-8.01006e-07
-1.36406e-06
-6.30953e-07
1.33573e-07
6.71222e-07
7.71265e-07
3.76083e-07
1.15487e-07
-3.65131e-07
-6.56684e-07
3.20346e-07
1.36689e-06
-1.44412e-06
-2.61887e-07
-9.71312e-07
1.42916e-07
6.49696e-09
-1.34682e-07
-8.86456e-10
1.5722e-07
-2.04004e-08
1.70612e-07
-8.96708e-09
-1.52241e-07
-8.16083e-08
-1.15974e-07
-1.63081e-07
-1.70612e-07
1.52241e-07
1.63081e-07
2.68352e-09
-1.66962e-07
-1.43347e-08
8.16083e-08
1.15974e-07
1.42916e-07
-1.34682e-07
1.5722e-07
-1.66962e-07
1.88879e-07
-2.45678e-07
-9.10783e-08
5.27775e-07
-3.60532e-08
-2.17935e-07
2.17935e-07
-9.10783e-08
-6.64008e-07
-1.01969e-08
4.69786e-07
6.74746e-07
-4.28038e-07
6.41242e-07
2.20289e-07
-5.59488e-08
-2.00719e-07
-9.26155e-09
2.00719e-07
-1.94227e-08
-1.10111e-06
-7.98379e-07
1.0334e-07
-3.13693e-07
6.39898e-09
1.82442e-07
-1.87599e-08
5.43794e-08
6.67052e-08
2.95957e-07
-1.49722e-06
-1.98979e-07
-8.24018e-07
5.99075e-07
5.18197e-07
2.1158e-07
-1.44937e-06
8.53044e-08
-2.17692e-07
5.51274e-07
2.29911e-07
1.82936e-07
-5.14267e-07
-1.18475e-06
1.21382e-06
-2.90707e-08
7.19541e-07
-1.52211e-07
-1.29015e-07
1.29015e-07
-3.49449e-07
-2.74301e-07
-1.28434e-06
2.62769e-07
-1.19804e-07
1.10542e-07
3.66172e-07
-1.55092e-06
7.44833e-07
-7.36654e-07
2.72856e-07
-1.62692e-07
9.80164e-07
6.96407e-07
6.00679e-07
-2.72744e-07
3.49407e-07
-6.67818e-07
-1.0051e-08
-2.70623e-07
3.2586e-07
-2.35084e-07
-1.09726e-07
-6.18344e-08
5.17834e-08
3.4215e-07
-3.87323e-07
-8.54163e-08
9.50059e-07
-4.19554e-07
3.16375e-07
-3.16375e-07
2.28315e-07
-1.83343e-08
-2.28315e-07
4.38565e-09
-3.95134e-07
3.95134e-07
1.84976e-07
-3.55538e-07
-2.68974e-07
-1.30743e-06
4.48937e-08
-5.40465e-07
-2.99608e-08
2.5469e-07
-7.47124e-08
-9.38067e-07
-4.57418e-07
-9.76387e-07
1.03089e-07
1.172e-07
4.93971e-07
-7.258e-08
1.06766e-07
6.69433e-08
-2.69884e-07
-1.29442e-06
1.29442e-06
4.52133e-07
1.06399e-07
-4.61493e-07
-6.07199e-07
2.93244e-07
5.99815e-07
-8.93059e-07
2.78929e-07
2.63474e-08
1.19068e-07
-1.44809e-07
-1.15718e-07
4.08192e-07
1.63152e-07
5.86478e-07
-6.71614e-08
-1.65268e-07
8.0359e-09
-8.0359e-09
1.60896e-07
1.75424e-07
4.11033e-07
1.7047e-07
1.43562e-08
-1.84826e-07
2.55643e-08
1.04245e-07
-2.92546e-07
1.09726e-07
-2.05219e-07
2.92546e-07
-2.064e-07
7.38482e-08
1.32552e-07
1.24526e-06
-8.81392e-09
-8.04101e-07
-3.6782e-07
-1.53881e-06
9.15673e-07
6.23138e-07
1.82936e-07
-2.17521e-07
-1.07431e-07
2.17521e-07
1.36739e-07
3.24407e-08
-1.93359e-07
4.71651e-08
-4.68803e-09
-4.71651e-08
4.68803e-09
-9.43945e-08
9.43945e-08
1.00932e-06
1.95062e-07
-5.83856e-07
-2.80689e-07
-8.57519e-08
-3.40519e-08
2.13487e-08
8.74019e-08
-8.74019e-08
-7.12663e-07
-1.55196e-07
1.15718e-07
-1.54932e-07
1.42467e-08
-1.06399e-07
-3.03444e-07
-1.97884e-07
7.39123e-08
1.8176e-07
1.43953e-06
1.00289e-07
-3.60057e-07
9.99175e-08
-9.25593e-08
-2.68974e-07
-1.24761e-06
2.75558e-07
8.44032e-07
-1.78806e-07
-7.4291e-08
3.43568e-08
2.64142e-07
-1.14421e-07
-1.61414e-07
6.48967e-07
3.26028e-09
-2.17117e-07
1.44537e-07
5.50279e-07
2.18841e-07
-2.29289e-08
1.2558e-06
-2.75634e-07
1.78658e-07
-1.7507e-08
3.24447e-07
-6.24035e-08
6.19753e-08
-1.60896e-07
-1.13577e-07
8.77694e-07
-1.70456e-07
1.36181e-07
7.85992e-07
-1.51925e-07
-1.95062e-07
-7.05028e-08
-7.60459e-07
3.93841e-07
9.73772e-07
-9.06041e-08
-5.69508e-07
6.22632e-07
5.12856e-07
-4.94035e-07
-7.96155e-07
-9.69037e-08
-2.1856e-07
-2.87162e-08
1.20979e-07
2.9755e-08
-2.75432e-07
1.4586e-07
8.18262e-08
-5.23863e-08
2.66839e-07
-1.43189e-08
-3.94266e-07
-2.47591e-07
2.74224e-07
)
;

boundaryField
{
    back
    {
        type            empty;
        value           nonuniform List<scalar> 0();
    }
    front
    {
        type            empty;
        value           nonuniform List<scalar> 0();
    }
    top
    {
        type            calculated;
        value           nonuniform List<scalar> 
15
(
-7.33179e-07
-6.93368e-07
-5.34126e-07
-4.14694e-07
-5.34126e-07
-2.68722e-07
-2.68722e-07
-6.93368e-07
-7.33179e-07
-6.27017e-07
-9.6209e-08
-9.6209e-08
-6.27017e-07
-7.46449e-07
-4.14694e-07
)
;
    }
    outer_arc
    {
        type            calculated;
        value           uniform 0;
    }
    bottom
    {
        type            calculated;
        value           nonuniform List<scalar> 
15
(
1.7482e-06
1.33977e-06
3.23182e-07
-3.71054e-07
1.62977e-06
-1.34445e-06
-1.39226e-06
1.53392e-06
-9.44219e-07
1.45219e-06
8.56032e-07
-1.8809e-06
1.87188e-06
1.15816e-06
1.50083e-06
)
;
    }
    inner_arc
    {
        type            calculated;
        value           uniform 0;
    }
}


// ************************************************************************* //
