/*--------------------------------*- C++ -*----------------------------------*\
  =========                 |
  \\      /  F ield         | OpenFOAM: The Open Source CFD Toolbox
   \\    /   O peration     | Website:  https://openfoam.org
    \\  /    A nd           | Version:  9
     \\/     M anipulation  |
\*---------------------------------------------------------------------------*/
FoamFile
{
    format      ascii;
    class       volScalarField;
    location    "0.8";
    object      p;
}
// * * * * * * * * * * * * * * * * * * * * * * * * * * * * * * * * * * * * * //

dimensions      [0 2 -2 0 0 0 0];

internalField   nonuniform List<scalar> 
578
(
8.33
8.33
8.33
8.34
8.32
8.34
8.32
8.31
8.32
8.33
8.34
8.32
8.35
8.32
8.32
8.33
8.34
8.33
8.32
8.32
8.34
8.33
8.34
8.34
8.34
8.31
8.34
8.34
8.34
8.33
8.34
8.34
8.33
8.34
8.32
8.33
8.32
8.31
8.33
8.32
8.32
8.31
8.31
8.32
8.33
8.32
8.32
8.32
8.33
8.34
8.34
8.35
8.34
8.34
8.35
8.34
8.34
8.33
8.34
8.33
8.33
8.34
8.33
8.32
8.35
8.32
8.33
8.34
8.33
8.31
8.34
8.34
8.35
8.31
8.34
8.32
8.32
8.32
8.35
8.33
8.33
8.33
8.33
8.33
8.33
8.31
8.34
8.34
8.32
8.31
8.34
8.32
8.32
8.35
8.33
8.33
8.35
8.35
8.34
8.32
8.32
8.31
8.35
8.33
8.35
8.32
8.34
8.32
8.31
8.32
8.33
8.31
8.32
8.33
8.33
8.35
8.34
8.34
8.31
8.35
8.31
8.33
8.31
8.34
8.33
8.31
8.33
8.33
8.32
8.31
8.31
8.31
8.34
8.31
8.31
8.32
8.32
8.35
8.34
8.31
8.31
8.31
8.31
8.34
8.31
8.33
8.31
8.35
8.31
8.31
8.32
8.32
8.32
8.31
8.32
8.34
8.34
8.35
8.32
8.32
8.32
8.32
8.31
8.32
8.34
8.31
8.34
8.32
8.35
8.34
8.32
8.32
8.32
8.31
8.32
8.35
8.34
8.34
8.32
8.34
8.32
8.33
8.31
8.35
8.32
8.35
8.33
8.32
8.32
8.34
8.32
8.32
8.33
8.32
8.33
8.34
8.34
8.34
8.32
8.32
8.35
8.35
8.33
8.34
8.34
8.32
8.32
8.33
8.32
8.33
8.31
8.32
8.31
8.34
8.31
8.34
8.32
8.32
8.32
8.31
8.32
8.32
8.31
8.32
8.32
8.31
8.34
8.34
8.34
8.34
8.33
8.33
8.31
8.31
8.31
8.32
8.32
8.32
8.35
8.31
8.32
8.32
8.34
8.31
8.34
8.31
8.31
8.34
8.32
8.34
8.34
8.31
8.34
8.31
8.34
8.31
8.34
8.32
8.32
8.34
8.31
8.32
8.34
8.34
8.33
8.31
8.31
8.31
8.34
8.31
8.31
8.31
8.31
8.34
8.34
8.34
8.34
8.31
8.32
8.34
8.32
8.34
8.34
8.34
8.34
8.31
8.31
8.31
8.34
8.34
8.31
8.31
8.34
8.32
8.34
8.34
8.32
8.31
8.34
8.34
8.34
8.31
8.34
8.34
8.34
8.34
8.31
8.34
8.34
8.34
8.31
8.34
8.34
8.31
8.34
8.34
8.31
8.31
8.31
8.34
8.31
8.34
8.34
8.34
8.34
8.34
8.32
8.31
8.32
8.34
8.35
8.32
8.34
8.34
8.31
8.34
8.34
8.34
8.34
8.34
8.34
8.34
8.34
8.34
8.34
8.33
8.34
8.31
8.31
8.31
8.31
8.32
8.32
8.34
8.32
8.32
8.34
8.32
8.32
8.32
8.34
8.34
8.34
8.31
8.34
8.34
8.34
8.34
8.34
8.33
8.31
8.34
8.33
8.34
8.33
8.34
8.34
8.31
8.31
8.34
8.35
8.32
8.32
8.34
8.34
8.34
8.34
8.32
8.32
8.31
8.35
8.34
8.34
8.31
8.33
8.34
8.33
8.34
8.34
8.34
8.33
8.34
8.34
8.34
8.35
8.34
8.33
8.34
8.34
8.34
8.34
8.34
8.34
8.31
8.34
8.34
8.32
8.32
8.32
8.34
8.31
8.34
8.32
8.32
8.31
8.31
8.31
8.34
8.31
8.31
8.32
8.34
8.33
8.35
8.31
8.31
8.31
8.34
8.31
8.34
8.34
8.34
8.34
8.34
8.32
8.34
8.34
8.32
8.32
8.34
8.31
8.35
8.32
8.35
8.32
8.34
8.34
8.34
8.34
8.33
8.34
8.33
8.34
8.31
8.34
8.32
8.31
8.32
8.34
8.31
8.34
8.34
8.33
8.35
8.34
8.32
8.31
8.32
8.32
8.33
8.34
8.34
8.33
8.34
8.34
8.31
8.34
8.35
8.35
8.32
8.35
8.32
8.31
8.35
8.34
8.31
8.34
8.31
8.36
8.36
8.32
8.34
8.31
8.34
8.33
8.35
8.31
8.34
8.31
8.35
8.34
8.33
8.34
8.32
8.31
8.34
8.32
8.32
8.34
8.35
8.34
8.34
8.34
8.31
8.31
8.34
8.34
8.34
8.32
8.34
8.32
8.32
8.34
8.34
8.34
8.32
8.34
8.31
8.33
8.35
8.35
8.34
8.32
8.31
8.34
8.34
8.34
8.33
8.32
8.31
8.34
8.32
8.31
8.32
8.34
8.34
8.32
8.34
8.34
8.34
8.35
8.32
8.31
8.35
8.35
8.34
8.35
8.34
8.35
8.35
8.31
8.33
8.34
8.34
8.33
8.34
8.33
8.33
)
;

boundaryField
{
    front
    {
        type            empty;
    }
    back
    {
        type            empty;
    }
    bottom
    {
        type            uniformFixedValue;
        uniformValue    
        {
            type            table;
            format          csv;
            file            "outlet_p.csv";
            nHeaderLine     1;
            refColumn       0;
            componentColumns List<label> 1(1);
            separator       ",";
            mergeSeparators 0;
        }
        value           uniform 8.31;
    }
    left
    {
        type            zeroGradient;
    }
    top
    {
        type            zeroGradient;
    }
    right
    {
        type            zeroGradient;
    }
    inner_arc
    {
        type            zeroGradient;
    }
}


// ************************************************************************* //
