/*--------------------------------*- C++ -*----------------------------------*\
  =========                 |
  \\      /  F ield         | OpenFOAM: The Open Source CFD Toolbox
   \\    /   O peration     | Website:  https://openfoam.org
    \\  /    A nd           | Version:  9
     \\/     M anipulation  |
\*---------------------------------------------------------------------------*/
FoamFile
{
    format      ascii;
    class       volVectorField;
    location    "0.08";
    object      U;
}
// * * * * * * * * * * * * * * * * * * * * * * * * * * * * * * * * * * * * * //

dimensions      [0 1 -1 0 0 0 0];

internalField   nonuniform List<vector> 
1655
(
(0.149989 -0.0896577 -4.24697e-18)
(0.0761974 -0.114393 2.80863e-17)
(0.327499 0.0124686 2.24134e-17)
(0.121074 -0.0271557 -1.35785e-17)
(0.101352 0.143198 0)
(0.138861 0.0967845 8.48386e-18)
(0.339638 0.000739878 0)
(0.0417397 0.191637 -1.50756e-17)
(0.0315029 0.202931 0)
(0.104128 0.139602 -7.36083e-18)
(0.158274 -0.0684748 3.39405e-17)
(0.158762 -0.0714018 -3.34471e-17)
(0.0326987 0.128762 -3.8756e-21)
(-0.00873883 -0.142294 -1.77543e-17)
(0.106409 0.344544 1.70079e-17)
(0.223536 -0.186182 0)
(0.316356 -0.199866 2.98594e-17)
(0.0701715 0.25475 8.95599e-18)
(0.155843 0.0631581 -3.38837e-17)
(-0.0078823 -0.11358 -9.88104e-18)
(0.167991 -0.167018 3.96666e-18)
(0.0274342 0.201822 0)
(0.0720903 0.166615 -1.81955e-17)
(0.0754499 0.163017 8.43933e-18)
(0.151523 -0.0856586 -5.3252e-18)
(0.26825 -0.196186 -3.52111e-17)
(0.203473 -0.180603 -1.56301e-17)
(0.031523 0.197978 -1.81808e-17)
(0.0327539 0.199429 2.44692e-17)
(0.0384905 -0.137958 -1.7616e-17)
(0.373685 -0.043974 4.33612e-17)
(0.296162 0.0200355 -4.6401e-18)
(0.0189145 -0.321424 -6.44424e-18)
(0.31722 0.0935033 0)
(0.0743316 0.257879 0)
(0.312269 0.110076 0)
(0.136253 0.0996152 -2.27344e-17)
(0.108915 -0.160222 0)
(0.0114669 -0.3142 -8.81762e-18)
(0.114489 -0.157749 -3.03156e-17)
(0.144945 -0.144131 1.70161e-17)
(0.0828849 0.15916 1.46915e-17)
(0.0105072 -0.285674 -9.24653e-18)
(0.161333 0.0497837 2.68503e-17)
(0.086371 -0.175207 0)
(0.171021 -0.0385294 0)
(0.170703 -0.0303992 4.22164e-17)
(0.0812149 -0.173686 0)
(0.122581 0.118328 1.64012e-17)
(0.00622501 -0.270313 2.25034e-18)
(0.139429 0.092909 2.52478e-17)
(0.307384 0.00914826 -1.67075e-17)
(0.112699 0.34478 -1.82198e-17)
(0.0344353 0.200539 1.6247e-17)
(0.0565348 0.223057 -2.0827e-17)
(0.219066 0.300297 0)
(0.142452 -0.177496 -8.24349e-18)
(0.162402 -0.0693513 0)
(0.166044 -0.0423108 0)
(0.248191 0.320126 1.75444e-17)
(0.389125 -0.0206891 -4.33334e-17)
(0.149759 0.0773844 0)
(0.148045 -0.0921539 0)
(0.0430881 0.188406 -4.17414e-18)
(0.165716 0.0328811 0)
(0.336092 -0.0332144 0)
(0.171327 0.00667355 3.92743e-17)
(0.164359 -0.0585396 -1.94857e-17)
(0.0728935 0.264046 0)
(0.082188 0.159659 -1.67994e-17)
(0.162589 -0.062447 2.16149e-17)
(0.327659 -0.0203804 -1.02128e-18)
(0.110488 -0.193691 -1.09157e-18)
(0.122364 0.334125 1.54746e-17)
(0.383154 0.0861919 -1.99299e-17)
(0.0537562 -0.177649 9.62974e-18)
(0.0316869 0.193583 -5.55587e-18)
(0.0782949 0.26784 0)
(0.156147 -0.154314 0)
(0.0607055 -0.143973 0)
(0.166044 0.0299857 2.15464e-17)
(0.0611882 -0.177487 -9.79038e-18)
(0.0524102 0.225357 2.12753e-17)
(0.161429 0.0470903 1.08059e-17)
(0.0763547 -0.207926 0)
(0.169276 0.279982 0)
(0.371788 0.0650142 -1.19673e-17)
(0.11901 -0.177403 0)
(0.132119 -0.134553 -8.495e-18)
(0.200623 0.263912 0)
(0.187552 0.256047 0)
(0.330899 0.0278121 1.04004e-17)
(0.155233 0.059123 2.07073e-17)
(0.124026 0.115265 0)
(0.0250233 -0.149513 0)
(0.153965 0.0670614 3.44578e-17)
(0.171362 0.00729673 -3.3319e-17)
(0.16524 -0.0461007 0)
(0.298673 0.0356065 -9.91117e-18)
(0.0536806 -0.349303 2.11019e-17)
(0.344493 0.04127 -6.62393e-17)
(0.166472 0.0193543 -2.19111e-17)
(0.119809 0.120335 -2.1395e-17)
(0.167992 0.0238096 2.30336e-17)
(0.0549368 0.242059 0)
(0.148019 0.0806656 -1.32215e-18)
(0.0517972 0.187268 -1.84329e-17)
(0.0223088 -0.100348 0)
(0.0387225 -0.353063 0)
(0.234059 0.275025 -1.82212e-17)
(0.0159524 -0.354548 1.48571e-17)
(0.155748 -0.0736367 1.72949e-17)
(0.243534 0.267314 1.1065e-17)
(0.0892692 -0.236246 1.95302e-17)
(0.0633621 0.182079 1.75145e-17)
(0.173257 0.263696 -1.08754e-17)
(0.0553481 0.184051 -1.87407e-17)
(0.166096 -0.0371719 0)
(0.13512 -0.1302 1.68363e-17)
(0.0586441 0.240067 -3.67774e-17)
(0.266391 0.274393 -3.17031e-17)
(0.363394 0.122928 3.2361e-17)
(0.381608 0.0286677 -2.57251e-17)
(0.18087 -0.00581783 2.44487e-17)
(0.167895 0.01212 8.54386e-18)
(0.0567266 0.175646 0)
(0.00140287 -0.236106 -2.13139e-17)
(0.0147247 -0.150854 1.93267e-17)
(0.228009 -0.191146 -2.60789e-18)
(0.0425983 -0.283058 -2.53895e-18)
(0.132793 0.108983 4.8499e-18)
(0.0156737 -0.358732 2.61809e-17)
(0.0452899 0.184305 1.61669e-17)
(0.0598795 0.173059 1.69962e-17)
(0.0105833 -0.0415768 0)
(0.119446 -0.153218 0)
(0.0955523 0.143893 -9.90441e-18)
(0.0985157 0.238717 1.65524e-17)
(0.0591735 -0.0974692 9.04482e-18)
(0.170524 0.00312983 -8.89663e-18)
(0.16802 0.222488 1.14182e-17)
(0.203245 -0.22386 1.6022e-17)
(0.255567 -0.245929 0)
(0.370155 0.167122 0)
(0.350545 -0.163094 -9.88928e-18)
(0.378766 0.118394 0)
(0.35095 0.207861 -3.40591e-17)
(0.290153 0.290749 2.74003e-17)
(0.313069 0.247906 1.76292e-17)
(0.387107 -0.0784889 0)
(0.397702 -0.0307705 1.69218e-17)
(0.364589 -0.121005 -9.13592e-18)
(0.396358 0.0735165 1.76164e-17)
(0.402145 0.024941 1.54081e-17)
(0.156033 0.279525 0)
(-0.000252046 -0.224037 3.43225e-17)
(0.166484 0.0351192 2.18827e-18)
(0.323126 0.174989 8.98456e-18)
(0.0598389 0.185683 0)
(0.164088 0.0279304 -2.33585e-17)
(0.327124 0.206924 2.57746e-17)
(0.143774 -0.122623 0)
(0.0386816 0.203038 -6.44004e-22)
(0.330782 0.162462 0)
(0.349256 0.16269 0)
(0.165462 -0.050524 -9.02543e-18)
(0.0324819 0.197143 0)
(0.0616466 0.176837 -3.53015e-17)
(0.166999 0.0131066 5.39789e-18)
(0.0731091 0.275089 0)
(0.313377 -0.190298 0)
(0.0606446 0.214883 0)
(0.303821 0.238133 1.05958e-17)
(0.049613 0.195182 1.86234e-17)
(0.0812954 -0.185155 1.14298e-18)
(0.0532651 0.191931 1.85584e-17)
(0.128597 0.111565 4.86581e-18)
(0.0776699 0.282966 0)
(0.107148 -0.276121 -2.02228e-17)
(-0.00959922 -0.106795 1.61438e-17)
(0.202628 0.292045 2.2363e-17)
(0.0658012 0.217398 1.4423e-17)
(0.14219 0.0911368 -3.08749e-17)
(0.176183 -0.0055481 -5.33817e-18)
(0.104163 -0.165633 -1.02726e-17)
(0.129123 -0.2891 0)
(0.067973 -0.176143 0)
(0.112015 -0.292903 0)
(0.0763957 0.24175 0)
(0.0704685 0.214188 -1.40265e-17)
(0.0909448 -0.170697 -1.84781e-17)
(0.149118 0.0734874 0)
(0.0829503 0.232266 -1.87058e-17)
(0.300488 -0.00774103 2.35626e-17)
(0.143694 -0.292444 0)
(0.0189279 -0.0677615 -1.1639e-17)
(0.0772708 0.235589 0)
(0.130344 -0.299859 0)
(0.128172 -0.136704 2.20569e-17)
(0.0759106 0.216522 0)
(0.169658 -0.0174913 1.21944e-17)
(0.174866 -0.0145062 -5.46429e-18)
(0.371148 0.0426806 1.95416e-17)
(0.3746 -0.000592858 4.38095e-17)
(0.191246 0.230252 -1.66255e-17)
(0.201486 -0.171398 1.33402e-17)
(0.0362009 -0.307975 0)
(0.0889027 0.235641 0)
(0.0523146 -0.301374 5.99095e-17)
(0.332701 0.0917346 0)
(0.26612 0.00317186 3.18675e-17)
(0.285163 -0.00555948 -8.77408e-18)
(0.117782 -0.158583 0)
(0.0577648 0.176395 1.84715e-17)
(-0.00391246 -0.122392 -1.91368e-18)
(0.169446 -0.00323743 4.14723e-17)
(0.325909 0.126704 -1.01836e-17)
(0.139126 -0.12264 0)
(0.266782 -0.0168268 1.81418e-17)
(0.0809107 0.212734 0)
(0.0724699 -0.176962 0)
(0.153273 -0.180724 -3.86187e-17)
(0.0224864 -0.309448 2.72286e-17)
(0.084262 0.20248 1.87628e-17)
(0.0320173 -0.316558 -1.96426e-17)
(0.150273 -0.285882 1.88906e-17)
(0.169928 -0.271558 -1.88138e-17)
(0.184961 0.241712 0)
(0.26458 -0.0362811 2.30152e-17)
(0.257304 -0.0452716 1.84424e-17)
(0.0581883 -0.22168 0)
(0.252902 -0.0719685 -2.30847e-17)
(0.244211 -0.0779421 2.30891e-17)
(0.0847117 0.266148 -3.58127e-17)
(0.0496543 -0.312422 -1.94111e-17)
(0.0511939 -0.233397 1.90965e-17)
(0.140528 -0.297456 0)
(0.0953099 0.231834 0)
(0.176021 -0.266998 2.34154e-17)
(0.234208 -0.100396 1.85241e-17)
(0.189338 0.296517 -1.72483e-17)
(0.0981657 -0.16644 3.3765e-17)
(0.22579 -0.103511 -2.3179e-17)
(0.0482899 -0.0924566 1.62577e-17)
(0.0901239 0.204127 4.69463e-18)
(0.0950098 -0.139462 -2.39315e-17)
(0.374597 -0.0978199 1.378e-17)
(0.0424525 0.200836 0)
(0.162393 -0.277004 -4.69871e-18)
(0.079606 0.206557 0)
(0.160281 0.0533453 -1.53307e-17)
(0.0626261 -0.12504 3.84926e-18)
(0.169535 0.202 -1.84322e-17)
(0.27852 0.00375252 -1.32716e-17)
(0.0536541 -0.30023 1.90878e-17)
(0.261472 -0.00809366 -2.27483e-17)
(0.0821334 -0.333336 -1.9499e-17)
(0.0947851 0.199481 -4.67588e-18)
(0.0751051 0.299653 2.46269e-17)
(0.0177001 -0.285694 1.80294e-17)
(0.145057 -0.1384 1.40858e-17)
(0.121793 -0.257798 1.93937e-17)
(0.176749 -0.257577 1.8738e-17)
(0.278629 -0.0185134 1.82519e-17)
(0.164621 0.212177 1.84798e-17)
(0.0725064 0.179643 1.8692e-17)
(0.0200772 -0.275278 0)
(0.00123201 -0.176588 -2.6692e-17)
(0.035474 -0.331816 1.02366e-17)
(-0.00133828 -0.184237 0)
(0.069658 0.225514 -1.96469e-17)
(0.0875785 0.259487 1.41017e-17)
(0.0920412 -0.171736 9.92167e-18)
(0.141717 -0.256905 0)
(0.0912199 0.272214 2.52511e-21)
(0.0942705 0.256283 -1.42011e-17)
(0.365717 -0.106437 0)
(0.101039 0.200773 2.33809e-17)
(0.06672 0.235184 -2.34507e-17)
(0.160972 -0.145664 4.62754e-18)
(0.0714006 0.226277 1.91029e-17)
(0.0811304 0.176609 4.68907e-18)
(0.102156 0.261698 1.88277e-17)
(0.152452 0.346845 1.65339e-17)
(0.145051 0.334843 -3.10978e-17)
(0.0954078 0.247642 -1.89078e-17)
(0.0825119 0.225566 1.88353e-17)
(0.0413063 -0.352249 1.70095e-17)
(0.0302662 -0.286151 0)
(0.0805862 0.254343 0)
(0.0885928 0.24328 1.85059e-17)
(0.103352 -0.13277 1.83798e-17)
(0.00751305 -0.233844 3.98044e-17)
(0.0601337 0.209265 0)
(0.0943642 0.224262 -1.881e-17)
(0.0923171 -0.308855 4.78361e-18)
(0.0264543 0.126839 0)
(0.260648 -0.0270078 -3.21123e-17)
(0.0289941 -0.0614656 -1.88367e-17)
(0.0787152 -0.311557 -4.70265e-17)
(0.0651616 -0.341624 -1.97962e-17)
(0.127283 0.119579 0)
(0.089567 0.0777393 2.88384e-17)
(0.114521 -0.288295 -4.76218e-18)
(0.191369 -0.242878 -3.74538e-17)
(0.0714926 0.232502 -2.00265e-17)
(0.0911429 -0.327564 -4.80731e-18)
(0.162875 -0.267057 4.6871e-18)
(0.10721 0.221966 -4.68543e-18)
(0.188161 -0.229471 -1.86747e-17)
(0.110747 0.247294 0)
(0.358146 -0.16173 9.92866e-18)
(0.145841 -0.272597 -4.72528e-18)
(0.151403 -0.139164 -4.7034e-18)
(0.0688078 0.183357 0)
(0.100112 0.219657 0)
(0.0887645 -0.125143 -1.87368e-17)
(0.0662553 0.223463 -1.88214e-17)
(0.194442 -0.21725 6.02171e-21)
(0.0822844 -0.337505 2.06853e-17)
(0.0767292 0.222883 0)
(0.000150057 -0.19994 -2.01027e-17)
(0.0513951 -0.34466 2.6124e-18)
(0.0973149 -0.295408 -4.77067e-18)
(0.0744973 -0.333587 -1.92827e-17)
(0.165507 -0.0478086 2.69775e-17)
(0.110973 -0.0371793 9.25615e-18)
(0.0774593 0.180614 -2.36138e-17)
(0.0984325 -0.32036 0)
(0.174364 0.182344 -1.84285e-17)
(0.0449065 -0.280486 0)
(0.0880312 0.221639 1.87967e-17)
(0.00232344 -0.0737344 8.63336e-18)
(0.182989 -0.249258 -1.88702e-17)
(0.109266 0.230036 1.87322e-17)
(0.195353 -0.250015 -1.40723e-17)
(0.165689 0.184843 1.38505e-17)
(0.0150488 -0.250154 -1.99074e-17)
(0.164527 -0.256532 0)
(0.102394 0.235124 0)
(0.0659924 -0.346055 2.03897e-17)
(0.135689 -0.263839 1.89203e-17)
(0.100498 0.270159 0)
(0.259911 -0.0547911 -2.29634e-17)
(0.134697 0.227078 0)
(0.118915 -0.273363 -3.32245e-17)
(-0.00428543 -0.174973 0)
(0.0995926 -0.316533 4.78721e-18)
(0.0943844 -0.330419 0)
(0.159136 -0.239476 0)
(0.0419704 0.115809 0)
(0.182671 0.220563 1.82683e-17)
(0.251778 -0.0623828 0)
(0.0699065 -0.325036 1.92618e-17)
(0.0512578 0.209699 0)
(0.186776 -0.20665 0)
(0.147973 -0.269505 0)
(0.163688 -0.241552 -5.54664e-21)
(0.110403 0.208897 -1.86722e-17)
(0.209494 -0.202309 2.3357e-17)
(0.205503 0.336551 -1.57771e-17)
(0.0322959 -0.27427 0)
(0.046588 0.207695 -5.02823e-18)
(0.175208 -0.145804 1.85774e-17)
(0.0276553 -0.112578 1.96521e-17)
(0.182307 0.32423 -1.60091e-17)
(0.09618 -0.309473 4.94489e-18)
(0.0497458 0.109354 -1.85111e-17)
(0.0868005 0.214885 0)
(0.0959614 -0.233382 0)
(0.0569899 -0.119735 0)
(0.0555347 -0.326609 1.9258e-17)
(0.0427744 -0.119911 0)
(0.168119 -0.216674 0)
(0.0575526 0.100796 0)
(0.113159 0.216282 4.66622e-18)
(0.176904 0.154406 1.38334e-17)
(0.0547577 0.178506 -5.62882e-22)
(0.0728316 -0.222216 4.73586e-18)
(0.142326 -0.284171 -1.89431e-17)
(0.0553207 -0.207429 -4.86501e-18)
(0.171439 -0.139709 0)
(0.0703579 0.175015 -1.93982e-17)
(0.171529 -0.152203 -2.31933e-17)
(0.116834 -0.30784 -4.76353e-18)
(0.0552996 0.207104 0)
(0.174304 -0.20658 0)
(0.103511 0.207415 -6.46348e-22)
(0.111575 0.256811 0)
(0.202203 -0.238204 -4.67297e-18)
(0.190928 -0.166694 1.76352e-17)
(0.188928 0.207923 -1.83008e-17)
(0.169758 0.15825 -1.84605e-17)
(0.0644656 0.20622 0)
(0.136556 -0.24842 0)
(0.169377 -0.196741 -1.86268e-17)
(0.190664 -0.19702 1.85968e-17)
(0.102897 0.243529 0)
(0.046229 0.202837 0)
(0.155416 0.122653 0)
(0.173445 -0.22921 -1.87078e-17)
(0.0200421 -0.202171 3.97187e-17)
(0.174681 -0.133577 4.63502e-18)
(0.0861816 0.177201 -2.34078e-17)
(0.19396 0.173519 -4.59269e-18)
(0.0682168 -0.30053 -1.91707e-17)
(0.0695866 0.208286 1.88861e-17)
(0.200121 0.204669 -2.29537e-17)
(0.0691099 -0.110788 0)
(0.185188 0.158448 0)
(0.0723551 0.0938118 0)
(0.184439 -0.12665 4.63083e-18)
(0.1753 -0.158818 4.65339e-18)
(0.184668 0.168486 0)
(0.0713962 -0.286482 0)
(0.193899 -0.118916 -1.85138e-17)
(0.074113 0.204706 0)
(0.244102 -0.0872383 0)
(0.171151 -0.165566 -1.39884e-17)
(0.17463 -0.188404 1.86081e-17)
(0.154645 0.116556 1.85047e-17)
(0.181587 -0.133018 -4.63293e-18)
(0.284807 0.126395 4.59923e-18)
(0.184518 -0.188439 0)
(0.161631 -0.179445 1.86494e-17)
(0.331798 -0.123403 -1.16591e-17)
(0.235315 -0.0916199 0)
(0.148865 -0.237949 1.41147e-17)
(0.199897 -0.240493 1.88107e-17)
(0.226857 0.0733807 2.30229e-17)
(0.122573 -0.309817 0)
(0.263628 0.116104 8.22275e-22)
(0.170416 -0.180183 0)
(0.111719 0.135656 -6.05284e-18)
(0.19142 -0.125585 1.38887e-17)
(0.178308 -0.110023 -1.39145e-17)
(0.0995359 -0.220834 1.89288e-17)
(0.204234 0.22821 7.87652e-18)
(0.0780451 0.0854093 0)
(0.189223 -0.113575 0)
(0.146784 -0.16956 1.61447e-17)
(0.194252 -0.151286 0)
(0.203057 0.191495 2.29412e-17)
(0.188495 -0.180337 0)
(0.183068 -0.158697 0)
(0.182601 -0.114994 -2.31766e-17)
(0.226758 0.0988067 1.83926e-17)
(0.176415 0.172268 0)
(0.23071 0.0896111 1.29395e-21)
(0.179566 0.200066 1.83435e-17)
(0.235746 0.0706502 -4.5994e-18)
(0.20065 -0.0569405 -1.85401e-17)
(0.246291 0.0565773 -4.60121e-18)
(0.182489 -0.145503 4.63399e-18)
(0.237434 0.0606262 -3.68136e-17)
(0.193045 -0.138189 2.31461e-17)
(0.166529 0.120603 0)
(0.187477 -0.165504 0)
(0.224179 0.0824257 0)
(0.27117 0.127259 0)
(0.16131 -0.133983 -4.64319e-18)
(0.19754 -0.1443 -4.6273e-18)
(0.164607 -0.139758 4.63986e-18)
(0.194477 -0.0541599 -1.85619e-17)
(0.149061 0.114407 -1.85252e-17)
(0.0659132 0.174037 3.73221e-17)
(0.186706 -0.15186 -4.63194e-18)
(0.18359 -0.172834 0)
(0.203386 -0.130286 4.66468e-18)
(0.164501 -0.128319 0)
(0.161156 -0.123049 -1.85998e-17)
(0.0798407 -0.211971 1.41735e-17)
(0.185778 -0.138931 4.63257e-18)
(0.192614 0.185095 4.59152e-18)
(0.204501 -0.0459202 1.85406e-17)
(0.163902 -0.117613 -4.64489e-18)
(0.160357 -0.112794 -3.25299e-17)
(0.175878 -0.0995023 -1.39217e-17)
(0.216043 -0.113925 1.39493e-17)
(0.283266 0.100731 -8.76983e-18)
(0.20116 -0.194672 -2.33485e-17)
(0.192786 0.153589 0)
(0.206054 -0.123087 -4.62078e-18)
(0.255739 0.0621865 4.59439e-18)
(0.168182 -0.106711 -4.64329e-18)
(0.196018 -0.131391 -1.38836e-17)
(0.26868 0.103523 -1.81948e-17)
(0.274834 0.0776413 0)
(0.20283 0.1686 0)
(0.141785 -0.200488 -4.69328e-18)
(0.209382 -0.0405127 -4.17354e-17)
(0.243233 0.106684 -1.83481e-17)
(0.201023 -0.117366 4.62603e-18)
(0.202167 0.0320085 -4.62633e-18)
(0.184336 -0.05568 -1.85762e-17)
(0.17224 -0.111263 4.64041e-18)
(0.312746 -0.0897211 -2.59625e-19)
(0.287203 0.086283 0)
(0.180168 -0.104067 1.39135e-17)
(0.208723 0.0347389 2.31078e-17)
(0.188537 -0.0312189 0)
(0.162507 -0.107737 1.85842e-17)
(0.292635 0.113424 9.20424e-18)
(0.19638 -0.0379481 2.3204e-17)
(0.291898 -0.113148 0)
(0.186623 -0.0408883 1.39347e-17)
(0.265639 0.0573712 -1.84011e-17)
(0.190475 -0.0363072 -4.64784e-18)
(0.189586 -0.0582695 -3.08413e-21)
(0.262993 0.0816196 -1.37573e-17)
(0.129204 0.143069 1.39557e-17)
(0.183629 -0.050182 -2.32137e-17)
(0.190432 0.0749071 -4.62018e-18)
(0.170069 -0.101073 -4.6425e-18)
(0.276642 0.0635278 0)
(0.201587 0.0250111 1.85085e-17)
(0.19345 -0.0483339 0)
(0.190208 -0.0769181 1.39116e-17)
(0.308569 -0.0755746 1.65027e-17)
(0.317816 -0.0505068 0)
(0.240774 -0.0493697 -1.84978e-17)
(0.228459 -0.0777615 0)
(0.155213 -0.123125 3.73331e-17)
(0.198047 -0.0436452 0)
(0.329186 -0.0657589 -1.76588e-17)
(0.212082 -0.100748 2.31254e-17)
(0.181083 -0.0392121 -1.40187e-17)
(0.187963 -0.0460902 2.82934e-21)
(0.185042 -0.0734232 4.64077e-18)
(0.245973 -0.0169345 -2.3066e-17)
(0.182777 -0.0301279 1.87085e-17)
(0.247979 0.096137 1.83498e-17)
(0.0902822 -0.0794097 -1.03929e-17)
(0.111075 -0.0127874 1.76015e-17)
(0.101264 0.0587555 1.16132e-18)
(0.0742406 -0.101415 2.22266e-18)
(0.0887722 0.0820348 -1.36726e-21)
(0.106939 -0.0565695 -3.79142e-17)
(0.111023 0.0160039 0)
(0.116225 -0.0319506 -1.64047e-17)
(0.109536 0.0390044 -2.73479e-17)
(0.307217 -0.0191115 -4.79539e-17)
(0.105781 0.0497011 -1.85544e-17)
(0.104924 -0.0187425 0)
(0.0862412 -0.0924062 2.73335e-17)
(0.0956471 0.0682583 1.86504e-17)
(0.0975935 -0.0713986 2.03538e-17)
(0.116385 -0.00147372 0)
(0.173143 -0.0898259 1.39334e-17)
(0.109802 0.0241182 -2.88383e-17)
(0.0997505 -0.0411644 0)
(0.180118 -0.06483 -4.64423e-18)
(0.225352 -0.127802 0)
(0.178233 -0.0478858 -1.39412e-17)
(0.185071 -0.0676511 4.64015e-18)
(0.29148 -0.099312 0)
(0.261416 0.0819299 0)
(0.166325 -0.0968854 4.64542e-18)
(0.19532 0.023062 -1.8526e-17)
(0.254009 0.0738533 -4.5925e-18)
(0.205937 -0.0522412 1.39117e-17)
(0.185135 0.0246375 -3.24452e-17)
(0.210461 -0.108231 4.66087e-18)
(0.259181 0.011059 -1.36864e-17)
(0.157611 0.106596 0)
(0.300892 -0.044405 4.44472e-21)
(0.201404 -0.0632826 2.31821e-17)
(0.175053 -0.172845 -4.64342e-18)
(0.26586 0.0448604 -2.04908e-21)
(0.250671 -0.00745433 -1.37589e-17)
(0.154817 -0.113146 -4.70097e-18)
(0.246673 0.0457479 3.68069e-17)
(0.257524 0.11968 1.6616e-17)
(0.185992 0.0699709 4.16059e-17)
(0.248604 0.00985851 -2.29508e-17)
(0.195828 -0.0672781 -1.39063e-17)
(0.17974 -0.059399 2.32158e-17)
(0.213329 0.186353 -3.66915e-17)
(0.293529 -0.0672618 1.84172e-17)
(0.170919 -0.127959 -2.31994e-17)
(0.177244 -0.0431525 1.86436e-17)
(0.179656 -0.0346796 2.64798e-21)
(0.161525 0.124828 0)
(0.297032 -0.032821 3.11611e-17)
(0.190713 0.0265314 1.38908e-17)
(0.180786 -0.025587 1.89237e-17)
(0.275966 0.0382806 3.62233e-17)
(0.221291 -0.0733233 1.85361e-17)
(0.200879 0.00147923 4.63191e-18)
(0.214146 -0.0850934 -1.39105e-17)
(0.167747 -0.0917193 -1.85784e-17)
(0.227413 -0.06035 4.63317e-18)
(0.232182 -0.0462858 0)
(0.235304 -0.0313769 -4.63347e-18)
(0.206274 -0.0956533 -4.63286e-18)
(0.290376 -0.0546261 -1.84078e-17)
(0.152232 -0.117976 3.72385e-17)
(0.217806 0.175162 -1.68573e-17)
(0.236564 -0.0159803 -1.38822e-17)
(0.255129 0.040449 -1.84027e-17)
(0.235827 -0.000488583 -1.38633e-17)
(0.266249 -0.0519575 4.5726e-18)
(0.282877 0.0171823 1.33448e-17)
(0.259336 0.0938719 1.8349e-17)
(0.251475 -0.0798356 9.01369e-18)
(0.229039 -0.109531 0)
(0.264735 0.05113 -9.72238e-18)
(0.196712 0.201102 -3.09299e-17)
(0.100663 -0.142464 3.75042e-17)
(0.275267 0.0227721 4.23603e-18)
(0.179791 -0.0764179 -1.8568e-17)
(0.175494 -0.0678533 4.6447e-18)
(0.177615 -0.171035 0)
(0.272098 -0.0199836 -3.76876e-17)
(0.23516 0.142274 0)
(0.233062 0.0146549 -2.30863e-17)
(0.281601 -0.0889425 1.84224e-17)
(0.173708 -0.0514127 1.85899e-17)
(0.203137 -0.110348 -1.8494e-17)
(0.283805 -0.0288882 2.29445e-17)
(0.28206 -0.0769254 -1.84094e-17)
(0.214449 -0.0776925 0)
(0.268641 -0.106215 -3.68686e-17)
(0.274064 0.0251884 -2.20566e-17)
(0.207239 -0.0885336 2.3182e-17)
(0.181087 0.0275836 1.85404e-17)
(0.220793 -0.0657084 -1.39011e-17)
(0.226007 -0.052668 0)
(0.229793 -0.0387039 4.63313e-18)
(0.198497 -0.00484083 -9.27466e-18)
(0.191186 -0.107098 -4.63158e-18)
(0.207703 0.00203649 1.38868e-17)
(0.231924 -0.0240557 0)
(0.174036 -0.0208 2.04829e-17)
(0.17424 -0.0566823 -2.32368e-17)
(0.232231 -0.00909786 4.159e-17)
(0.171678 -0.0407198 0)
(0.164228 -0.0513367 9.27197e-18)
(0.175422 -0.0729812 0)
(0.195927 -0.07359 4.63661e-18)
(0.164762 -0.0677763 -2.32386e-17)
(0.303208 0.0804979 -1.57375e-17)
(0.180213 -0.121184 1.39064e-17)
(0.16793 -0.0484103 0)
(0.169938 -0.0650317 -2.44974e-17)
(0.147933 0.108494 1.85261e-17)
(0.174087 -0.0845199 -4.64306e-18)
(0.176213 -0.0248792 -2.03335e-17)
(0.213686 0.0229713 -1.84873e-17)
(0.284934 -0.166053 -4.62162e-18)
(0.230604 0.00578117 0)
(0.159286 -0.103241 0)
(0.201385 -0.0840993 -4.63458e-18)
(0.184023 -0.0857426 0)
(0.177369 -0.0937305 2.32051e-17)
(0.158074 -0.0887148 0)
(0.195095 -0.0871466 4.63555e-18)
(0.237581 0.0417066 0)
(0.213746 -0.0620592 1.38967e-17)
(0.271905 -0.0706232 0)
(0.179231 -0.0820693 1.8568e-17)
(0.242207 0.0163586 4.60399e-18)
(0.194251 0.0166604 3.24193e-17)
(0.18976 -0.083075 -2.31873e-17)
(0.197924 -0.105096 0)
(0.254047 0.0292085 0)
(0.172455 0.00592708 1.81893e-17)
(0.169515 -0.0599294 2.87141e-17)
(0.167758 -0.0436145 0)
(0.163407 -0.0876281 0)
(0.245263 -8.33204e-05 3.21791e-17)
(0.223549 -0.0227647 1.85318e-17)
(0.178088 0.0121003 -4.71472e-18)
(0.212123 0.0921619 0)
(0.184298 0.0188453 1.85387e-17)
(0.192108 -0.0050475 9.2826e-18)
(0.220002 0.067539 -4.60866e-18)
(0.165994 0.0503361 0)
(0.261977 0.0225747 4.58315e-18)
(0.17028 0.0138878 -8.329e-18)
(0.229409 0.055507 0)
(0.237004 0.0318585 0)
(0.196897 0.00601007 -9.26642e-18)
(0.19942 -0.0983001 4.63037e-18)
(0.205247 0.0138704 -9.2529e-18)
(0.27054 -0.09507 4.61246e-18)
(0.163907 -0.056824 9.25213e-18)
(0.211551 0.212199 8.54865e-18)
(0.228462 0.0290076 0)
(0.227139 0.0201487 9.23266e-18)
(0.206637 0.0210232 2.30461e-21)
(0.188263 0.0151766 4.63565e-18)
(0.171394 0.0984653 0)
(0.219147 0.0182911 4.62274e-17)
(0.169702 -0.0809166 2.32335e-17)
(0.230032 0.0461338 -4.61016e-18)
(0.173266 0.0102574 -1.38081e-17)
(0.244114 0.0263813 0)
(0.16462 -0.0827686 -2.41295e-17)
(0.164974 -0.0725367 3.27725e-17)
(0.194149 -0.093631 -4.63508e-18)
(0.170429 -0.0754206 4.64586e-18)
(0.154294 -0.103999 1.98047e-17)
(0.198616 0.0125333 -2.77937e-17)
(0.212817 0.107568 0)
(0.199124 0.114258 -2.30423e-17)
(0.179156 0.0175228 0)
(0.207982 -0.0735776 -1.85321e-17)
(0.22227 0.0422675 4.15369e-17)
(0.240702 0.0877403 1.49137e-21)
(0.258576 -0.111035 1.84405e-17)
(0.212384 -0.0156947 2.31754e-17)
(0.275645 -0.115619 0)
(0.201739 -0.0773883 -4.63421e-18)
(0.207687 -0.0666847 1.38984e-17)
(0.202374 0.157331 0)
(0.172423 0.0287573 4.88337e-18)
(0.19937 0.0666609 1.84708e-17)
(0.186387 -0.102266 -1.39062e-17)
(0.278341 -0.181157 0)
(0.222256 0.00495361 0)
(0.214595 0.0308279 0)
(0.118889 0.241764 0)
(0.187855 -0.0960129 1.85446e-17)
(0.0896155 0.172785 2.33613e-17)
(0.245481 -0.123684 -1.85428e-17)
(0.22163 0.0588338 -4.61029e-18)
(0.184714 0.0533788 -1.85084e-17)
(0.190119 -0.0641105 1.39205e-17)
(0.176475 0.0261146 0)
(0.27539 -0.148015 4.5799e-18)
(0.163221 0.0824759 4.1654e-17)
(0.215514 0.0840744 0)
(0.217307 0.0103374 -2.3116e-17)
(0.162924 0.0923813 -4.62618e-18)
(0.187967 0.0637375 -1.38686e-17)
(0.2173 0.0995445 0)
(0.188765 -0.000583729 2.43612e-21)
(0.208731 0.0423741 -3.69699e-17)
(0.181635 0.00839771 -4.7216e-18)
(0.250876 -0.103678 0)
(0.15183 0.10488 0)
(0.1567 -0.0935978 -1.53631e-17)
(0.241804 -0.132608 -5.10277e-21)
(0.222035 0.033629 -1.84612e-17)
(0.209895 0.0091756 -1.38897e-17)
(0.212211 0.0698574 -1.84438e-17)
(0.161159 -0.0983202 0)
(0.170803 0.0198714 2.1695e-17)
(0.190756 0.00530455 9.36556e-18)
(0.209799 0.0778231 1.61891e-21)
(0.175536 0.0211144 -4.72299e-18)
(0.242247 0.148445 0)
(0.256305 -0.171089 -3.2028e-17)
(0.277613 -0.137124 -3.70232e-17)
(0.164845 0.0553298 0)
(0.177611 0.0608368 1.85114e-17)
(0.206285 0.0646462 1.84669e-17)
(0.169962 -0.116942 0)
(0.168773 0.092867 -1.84955e-17)
(0.26166 -0.129582 -1.8382e-17)
(0.272037 -0.128289 1.89335e-17)
(0.203964 0.107363 1.38218e-17)
(0.168468 0.0582406 0)
(0.248726 0.189447 -1.79725e-17)
(0.194135 0.0619918 -1.84888e-17)
(0.187068 0.0092291 4.7243e-18)
(0.255457 -0.121055 0)
(0.203835 0.092842 0)
(0.243778 0.0772541 -1.37822e-17)
(0.256318 -0.139926 1.83968e-17)
(0.183358 0.0595276 -4.62611e-18)
(0.173196 0.0568239 0)
(0.260552 0.180394 0)
(0.212699 -0.0551007 -3.24257e-17)
(0.220035 -0.0163355 -4.62953e-18)
(0.152163 -0.108846 4.98871e-18)
(0.214767 0.0541885 2.30774e-17)
(0.211837 -0.00316591 1.38977e-17)
(0.208863 -0.0100598 -3.24299e-17)
(0.197199 0.0737239 -2.30897e-17)
(0.199205 0.0863846 -1.84573e-17)
(0.199928 0.0999628 2.30526e-17)
(0.202198 0.079251 4.15278e-17)
(0.223755 -0.00884326 1.3884e-17)
(0.219465 -0.00288135 -1.38782e-17)
(0.160438 0.077806 -4.71362e-18)
(0.183088 -0.0916681 0)
(0.207825 0.056979 -3.69339e-17)
(0.219035 -0.0297403 -1.85321e-17)
(0.17026 0.0482107 -1.85356e-17)
(0.259967 -0.147303 1.837e-17)
(0.215494 0.045978 -1.8464e-17)
(0.227006 0.116328 0)
(0.17842 0.117654 0)
(0.076198 -0.313362 0)
(0.218404 -0.0496371 1.85349e-17)
(0.213671 0.173446 0)
(0.16034 0.0870543 -1.38837e-17)
(0.180047 0.0497181 0)
(0.154364 0.0866836 0)
(0.159072 0.112542 0)
(0.16957 0.109467 -4.62111e-18)
(0.174608 0.0513304 0)
(0.173704 -0.122067 1.8552e-17)
(0.22173 -0.0364623 -4.6335e-18)
(0.190948 0.113302 0)
(0.14175 0.106709 -2.3425e-17)
(0.242044 -0.149268 -1.84967e-17)
(0.159649 0.0968254 0)
(0.216545 -0.0427347 4.63272e-18)
(0.138855 -0.154523 0)
(0.222044 -0.167968 1.40001e-17)
(0.161659 0.102256 0)
(0.245436 0.161293 0)
(0.233181 -0.148195 -1.85711e-17)
(0.17627 0.110694 0)
(0.192143 0.0999065 -1.8457e-17)
(0.167551 0.103377 4.62131e-18)
(0.255169 -0.156732 0)
(0.201944 -0.00977571 1.39147e-17)
(0.177848 0.098948 4.61867e-18)
(0.258931 0.163321 0)
(0.140169 0.101536 -1.25825e-17)
(0.200503 -0.0327031 -2.32189e-17)
(0.247518 -0.14094 5.89438e-21)
(0.1919 0.143873 -1.84235e-17)
(0.235874 0.17052 1.83092e-17)
(0.187941 0.106095 -1.84559e-17)
(0.181332 0.0331768 0)
(0.223218 0.16671 -1.37574e-17)
(0.173346 0.122644 0)
(0.191993 -0.0261186 -1.86049e-17)
(0.188487 0.0934354 0)
(0.190308 0.0512565 4.62402e-18)
(0.176871 0.145604 4.61168e-18)
(0.187767 0.0812969 0)
(0.202289 0.122489 4.60707e-18)
(0.154471 0.0781107 1.61892e-17)
(0.180665 0.105308 1.38513e-17)
(0.0811906 0.246113 0)
(0.191066 0.0327503 -1.38946e-17)
(0.246378 -0.157351 0)
(0.151451 0.0906932 0)
(0.151619 0.0823605 -1.66743e-17)
(0.18592 0.119177 0)
(0.240147 -0.164074 0)
(0.17235 0.0337266 -4.83749e-18)
(0.135159 -0.141664 2.34285e-17)
(0.182245 0.132472 -1.84524e-17)
(0.201809 0.0527492 -1.84864e-17)
(0.181613 -0.235463 1.92644e-17)
(0.236124 0.184809 1.85783e-17)
(0.198666 0.138035 0)
(0.181514 0.0933735 -4.62051e-18)
(0.150272 0.0994941 0)
(0.128929 -0.137421 -9.65799e-18)
(0.188073 0.127087 -6.27356e-22)
(0.217066 0.116004 0)
(0.183738 -0.0208759 -2.36404e-17)
(0.153616 0.0957611 0)
(0.229786 0.146051 -4.5904e-18)
(0.225164 0.191774 1.45109e-17)
(0.22882 -0.155512 1.85549e-17)
(0.183411 0.140922 1.84432e-17)
(0.191142 0.0447911 1.38802e-17)
(0.143751 0.0981183 -7.75339e-18)
(0.2026 0.0454994 3.6974e-17)
(0.196485 0.128962 1.84287e-17)
(0.221601 0.154058 -4.58807e-18)
(0.210399 0.151029 0)
(0.156556 0.142596 0)
(0.087129 0.167707 1.86766e-17)
(0.195592 0.055136 1.38652e-17)
(0.189478 -0.0212557 2.36502e-17)
(0.133487 -0.136725 -4.6439e-18)
(0.191897 0.0870259 0)
(0.12546 -0.145519 0)
(0.211569 -0.0282633 0)
(0.2366 -0.179636 -1.84411e-17)
(0.18297 0.188653 0)
(0.0816915 0.167307 -1.89905e-17)
(0.248297 -0.178442 3.24201e-17)
(0.250465 0.116806 3.66281e-17)
(0.168928 0.0828069 -1.85074e-17)
(0.198155 -0.0271771 0)
(0.17153 0.0774978 -1.85118e-17)
(0.196627 0.0421228 0)
(0.208243 0.140336 0)
(0.156702 0.135473 0)
(0.130758 0.132228 1.4011e-17)
(0.0982915 0.212472 0)
(0.113179 -0.31459 0)
(0.186321 0.0356867 0)
(0.125289 0.122319 0)
(0.152219 -0.203809 -4.68899e-18)
(0.115532 0.202972 0)
(0.207231 -0.0343232 2.31887e-17)
(0.169394 0.142296 -4.61937e-18)
(0.0919221 0.210534 0)
(0.175752 0.0663989 -1.85151e-17)
(0.196815 0.0353302 -4.62734e-18)
(0.121463 -0.150897 4.82939e-18)
(0.165145 0.114027 0)
(0.125178 0.117466 -1.80323e-17)
(0.16257 0.154058 -1.8516e-17)
(0.176867 0.0355718 4.725e-18)
(0.131054 0.126721 -1.39689e-17)
(0.167008 0.0632448 2.3608e-17)
(0.131024 -0.146507 -1.86786e-17)
(0.163151 0.14609 0)
(0.232287 -0.162034 0)
(0.235427 -0.176721 0)
(0.0790147 0.171957 0)
(0.125013 0.139681 -1.39852e-17)
(0.150784 0.180554 -4.63649e-18)
(0.15589 0.157075 1.85299e-17)
(0.269423 -0.204697 1.09446e-17)
(0.170334 0.0673243 -4.67167e-18)
(0.126599 -0.142862 1.94647e-17)
(0.232375 0.12617 0)
(0.115684 0.137784 -1.48172e-17)
(0.181143 0.0818848 4.62374e-18)
(0.208695 -0.0222812 0)
(0.174674 0.130073 -1.84764e-17)
(0.178129 0.0876519 4.62175e-18)
(0.105619 0.195476 -2.33379e-17)
(0.132519 -0.152465 0)
(0.154305 0.164995 -3.71165e-17)
(0.0898164 0.163125 0)
(0.132656 0.170722 0)
(0.064334 -0.200058 4.85615e-18)
(0.122974 0.178083 0)
(0.118306 0.146581 -1.40183e-17)
(0.126188 0.134068 -4.66212e-18)
(0.121091 -0.154599 -2.34623e-17)
(0.186023 0.0417656 4.63086e-18)
(0.181041 0.0438376 0)
(0.155954 -0.186602 -3.74023e-17)
(0.221944 0.207405 4.4586e-18)
(0.177348 0.0766975 1.38786e-17)
(0.227993 -0.167994 -1.39014e-17)
(0.162201 0.131776 -1.8519e-17)
(0.250113 0.138644 0)
(0.20176 -0.0214036 1.8574e-17)
(0.168979 0.134514 4.15805e-17)
(0.293259 0.141259 -2.37689e-17)
(0.172005 0.0877639 1.84971e-17)
(0.0922997 -0.210729 -1.89258e-17)
(0.108474 0.143625 -1.67307e-17)
(0.120272 0.14117 -4.67314e-18)
(0.179813 0.0708736 -1.85039e-17)
(0.232353 0.10741 0)
(0.148872 0.221435 0)
(0.208152 -0.136352 -4.66544e-18)
(0.048781 -0.335118 0)
(0.225827 0.134671 2.29629e-17)
(0.192379 -0.0156298 0)
(0.211466 0.123639 0)
(0.162156 0.194468 2.3131e-17)
(0.126163 0.171686 0)
(0.198824 -0.0159199 -1.85669e-17)
(0.14735 0.167163 5.97886e-23)
(0.21504 0.133147 -1.83929e-17)
(0.232952 -0.179095 1.85237e-17)
(0.123732 -0.295098 4.74834e-18)
(0.152527 0.251275 1.65766e-17)
(0.18937 -0.0107145 -2.3029e-17)
(0.242701 -0.172226 0)
(0.0460487 -0.266164 0)
(0.206915 -0.213404 5.83531e-21)
(0.168089 0.0727944 0)
(0.122504 -0.240027 -4.7256e-18)
(0.171429 0.0427043 1.84647e-17)
(0.0864387 0.157718 -1.39868e-17)
(0.110266 0.13872 1.65577e-17)
(0.0145188 -0.239223 -1.91821e-17)
(0.103075 0.158407 0)
(0.176615 0.0406963 0)
(0.162523 0.073426 -4.71569e-18)
(0.111491 0.152661 0)
(0.135293 0.197178 -1.86367e-17)
(0.0872569 -0.283741 -4.77161e-18)
(0.230938 -0.172729 1.38934e-17)
(0.116691 -0.186623 4.70432e-18)
(0.113628 0.147514 0)
(0.268891 0.153179 -2.32566e-17)
(0.144826 0.174827 0)
(0.264187 0.139357 4.57974e-18)
(0.116526 0.17842 1.86487e-17)
(0.111412 -0.174085 0)
(0.168564 0.16718 0)
(0.106699 0.134299 8.60943e-18)
(0.244446 0.126983 -1.83185e-17)
(0.127671 -0.157118 2.34978e-17)
(0.137753 0.176134 0)
(0.228451 -0.176793 -1.85601e-17)
(0.134406 0.183358 1.85933e-17)
(0.160972 0.170025 1.85123e-17)
(0.0782607 0.162357 4.24265e-18)
(0.0893049 0.154304 -4.29701e-18)
(0.10609 0.153359 -1.97828e-17)
(0.129145 -0.163724 1.41638e-17)
(0.082272 0.158889 -4.1971e-18)
(0.12735 0.183867 -1.86056e-17)
(0.0977787 0.159079 -1.92367e-17)
(0.120471 -0.149783 -2.03305e-17)
(0.112218 0.196279 2.332e-17)
(0.106536 -0.262523 1.8994e-17)
(0.075961 -0.201053 -1.93746e-17)
(0.11179 -0.21655 4.72305e-18)
(0.0951911 0.155458 1.8006e-17)
(0.0947929 0.163787 -1.86704e-17)
(0.0317906 -0.210852 -1.48869e-17)
(0.158578 0.17876 0)
(0.0737841 0.17116 0)
(0.123417 0.190504 -1.86242e-17)
(0.117182 -0.179025 -4.71627e-18)
(0.11383 -0.205905 -4.7195e-18)
(0.123908 -0.175019 1.89125e-17)
(0.0940731 0.182989 -1.87442e-17)
(0.198798 -0.15767 0)
(0.162916 0.251804 9.30367e-18)
(0.0948407 0.173073 -1.87092e-17)
(0.123529 -0.201009 -4.18573e-21)
(0.0772751 -0.251226 0)
(0.0978232 0.168283 1.86824e-17)
(0.0786205 -0.184368 -1.09087e-18)
(0.116541 0.190303 -4.66257e-18)
(0.12344 -0.168077 0)
(0.227065 -0.126336 4.64989e-18)
(0.0870643 -0.277004 2.0199e-17)
(0.232643 -0.178246 -1.86575e-17)
(0.122778 -0.226168 4.72085e-18)
(0.0371527 -0.230472 0)
(0.0236574 -0.250341 -4.80478e-18)
(0.120538 0.261637 0)
(0.154025 0.23087 0)
(0.0814224 -0.193794 0)
(0.116341 0.121914 2.54888e-17)
(0.102725 -0.18374 0)
(0.217147 -0.14922 0)
(0.161467 0.0641743 -1.61948e-17)
(0.0481135 0.180905 -7.36055e-22)
(0.123893 -0.191852 0)
(0.06184 -0.252663 -1.89852e-17)
(0.111828 -0.319483 0)
(0.0977475 0.178173 -1.87179e-17)
(0.117236 0.232736 -1.87289e-17)
(0.0901369 -0.268249 4.7521e-18)
(0.155271 -0.214829 4.68771e-18)
(0.0598175 -0.267975 0)
(0.0945092 -0.185813 -4.89319e-18)
(0.108402 -0.24704 0)
(0.233258 -0.180615 0)
(0.104499 0.292933 -8.63328e-18)
(0.108545 -0.190208 -4.72646e-18)
(0.102704 0.189368 1.40223e-17)
(0.146669 0.240001 -1.85915e-17)
(0.0382869 0.208201 -1.94235e-17)
(0.0418837 0.23155 7.20237e-19)
(0.00807024 -0.353039 0)
(0.159193 0.0691619 3.99525e-18)
(0.0812645 -0.236733 0)
(0.245888 -0.209222 1.27827e-17)
(0.283795 0.154853 3.85527e-17)
(0.0965213 -0.201584 1.89435e-17)
(0.065262 0.169445 -1.98947e-17)
(0.127593 0.148847 2.33024e-17)
(0.0966803 0.188604 4.67899e-18)
(0.0753931 0.189714 0)
(0.106549 -0.198655 2.37161e-17)
(0.0911272 -0.193326 -1.46385e-17)
(0.120066 0.156173 -2.35554e-17)
(0.0924986 0.193408 -4.68576e-18)
(-0.000920274 -0.189989 0)
(0.11289 0.184315 3.73548e-17)
(0.233863 -0.179891 1.86188e-17)
(0.200348 -0.171444 1.86275e-17)
(0.147346 0.188797 4.64284e-18)
(0.117911 0.272015 0)
(0.212476 -0.223281 1.87196e-17)
(0.106318 0.162869 0)
(0.0867728 0.192258 -4.68898e-18)
(0.0547467 0.20192 0)
(0.228924 -0.185569 0)
(0.0825222 0.196537 -1.4119e-17)
(0.128102 0.245443 -2.33214e-17)
(0.0579124 0.256097 6.42656e-19)
(0.00530235 -0.332554 1.87091e-17)
(0.154824 0.212426 -1.85432e-17)
(0.197252 -0.200331 -1.92836e-17)
(0.103415 0.178476 2.22359e-22)
(0.106666 0.184042 4.67741e-18)
(0.140147 0.204399 1.86095e-17)
(0.112687 0.172951 1.36298e-22)
(0.050375 0.200174 -1.93494e-17)
(0.140244 0.132782 -1.86193e-17)
(0.0609398 0.263489 0)
(0.100303 -0.171302 0)
(0.136659 0.237778 4.65508e-18)
(0.138248 0.109978 4.76126e-18)
(0.072802 0.198959 -4.74249e-18)
(0.139457 0.220459 0)
(0.108663 0.276284 0)
(0.0770639 0.195132 4.72132e-18)
(0.144733 0.117868 -1.85617e-17)
(0.213335 -0.186318 0)
(0.0635932 0.200766 0)
(0.104744 -0.176745 0)
(0.0885519 0.182304 2.34513e-17)
(0.152043 -0.128233 -1.84852e-17)
(0.11192 0.162414 1.41141e-17)
(0.133124 -0.2074 -1.41237e-17)
(0.139103 0.115515 1.36199e-17)
(0.0059153 -0.198321 -2.01513e-17)
(0.133906 -0.218931 -4.70621e-18)
(0.12439 0.160443 -2.00468e-22)
(0.142939 0.260638 -1.64551e-17)
(0.0676813 0.197384 0)
(0.141048 -0.143261 -1.41231e-17)
(0.146433 -0.224286 4.69416e-18)
(0.154222 -0.145101 4.65378e-18)
(0.0286422 0.209813 -1.94335e-17)
(0.0578711 0.193676 4.7341e-18)
(0.165956 0.319157 5.06708e-18)
(0.135207 0.163934 1.31591e-22)
(0.247466 -0.0419564 0)
(0.250257 -0.0249641 1.37912e-17)
(0.103274 0.167988 0)
(0.106741 0.173155 -1.87041e-17)
(0.0114128 -0.256092 0)
(0.159156 -0.195668 0)
(0.00544031 -0.208721 2.03055e-17)
(0.0588564 0.198949 0)
(0.17133 0.221094 -1.85581e-17)
(0.131521 -0.186702 -1.88209e-17)
(0.0793578 0.185711 0)
(0.27589 -0.0398447 -2.29771e-17)
(0.120885 0.218015 -4.67079e-18)
(0.150664 0.145659 1.39361e-17)
(0.27045 -0.0595338 -1.37942e-17)
(0.201816 -0.216864 1.90493e-17)
(0.13484 0.212203 1.86394e-17)
(0.0846859 0.186667 -4.70467e-18)
(0.135394 0.135288 6.01675e-22)
(0.127645 0.197075 0)
(0.150596 0.12617 4.64917e-18)
(0.058355 0.283831 -1.99115e-21)
(0.236083 -0.0728203 -4.62973e-18)
(0.242676 -0.0580151 1.84425e-17)
(0.114643 0.157104 4.70654e-18)
(0.132835 0.22831 0)
(0.146918 -0.184379 -4.45447e-21)
(0.14875 0.204366 1.39324e-17)
(0.11578 0.167174 -1.86731e-17)
(0.141614 0.162276 -4.66055e-18)
(0.00354724 -0.175313 2.30132e-17)
(0.124075 0.226367 0)
(0.0104664 -0.198653 0)
(0.00163822 -0.255687 0)
(0.262329 -0.0779523 4.61001e-18)
(0.252437 -0.0937449 0)
(0.130457 0.256365 1.92836e-17)
(0.139529 0.189609 -1.86179e-17)
(0.288195 0.0431361 1.91034e-17)
(0.219567 -0.0978423 4.63458e-18)
(0.228213 -0.0860807 0)
(0.30329 0.0645202 3.35799e-17)
(0.122111 0.150512 4.68193e-18)
(0.132272 0.15291 1.86367e-17)
(0.143448 0.155212 -1.39694e-17)
(0.126653 0.211274 -1.40031e-17)
(0.241213 -0.106941 0)
(0.0702811 0.1885 0)
(0.140081 -0.190874 4.22568e-17)
(0.00816619 -0.126156 0)
(0.144899 0.142098 -1.86235e-17)
(0.232352 -0.133208 -4.65591e-18)
(0.121776 0.166478 0)
(0.130227 0.15921 3.73721e-17)
(0.0344078 -0.243737 0)
(0.153361 0.195579 2.31856e-17)
(0.0657211 0.257888 0)
(0.12287 0.203843 0)
(0.216437 -0.223045 0)
(0.160051 -0.158158 0)
(0.203562 -0.176902 1.07429e-17)
(0.164332 0.23173 0)
(0.138029 0.151053 -2.33329e-17)
(0.22154 -0.155568 0)
(0.140937 -0.161031 1.88605e-17)
(0.163256 -0.165094 1.87186e-17)
(0.0662519 0.192115 1.87705e-17)
(0.229996 -0.196741 4.69153e-18)
(0.221025 -0.214557 0)
(0.0503311 0.316311 3.08906e-17)
(0.0616624 0.190517 -2.36283e-17)
(0.0138779 -0.211238 0)
(0.145103 0.12371 0)
(0.145493 0.135601 -1.8632e-17)
(0.154952 -0.133834 0)
(0.160261 -0.0788698 2.33412e-17)
(0.212254 -0.169964 -3.54905e-17)
(0.130781 -0.178663 -1.88624e-17)
(0.197237 -0.179049 -1.39968e-17)
(0.0457116 0.175602 1.01577e-17)
(0.219371 -0.173961 -1.40485e-17)
(0.219304 -0.21041 0)
(-0.000337926 -0.128362 0)
(0.143405 -0.149377 -4.69119e-18)
(0.218883 -0.127843 4.64487e-18)
(0.218594 -0.19645 -4.67916e-18)
(0.147965 -0.162923 0)
(0.209585 -0.14984 0)
(0.225775 -0.202136 2.33948e-17)
(0.231086 -0.19315 -2.34243e-17)
(0.164253 -0.151992 -4.65814e-18)
(0.244434 -0.0335218 4.6095e-18)
(0.149651 0.15283 2.32602e-17)
(0.134432 0.141061 0)
(0.150706 0.132519 1.39625e-17)
(0.023153 -0.237346 4.79845e-18)
(0.279161 -0.0504939 1.84169e-17)
(0.0224227 -0.230893 0)
(0.127439 0.111363 9.35627e-18)
(0.136264 -0.128171 0)
(0.235364 -0.0642507 -4.61346e-18)
(0.223948 -0.111678 4.63431e-18)
(0.0093514 -0.333308 4.28826e-17)
(0.139373 0.144606 4.66306e-18)
(0.144731 -0.176154 0)
(0.135326 0.12447 1.39849e-17)
(0.128649 0.115757 -4.51564e-18)
(0.262062 -0.0885827 -4.60629e-18)
(0.134718 0.118673 4.66692e-18)
(0.0562979 0.217662 0)
(0.227405 -0.176176 -3.59343e-17)
(0.23128 -0.185775 0)
(0.137067 -0.173393 0)
(0.215846 -0.135374 2.3265e-17)
(0.288172 0.0575376 0)
(0.220601 -0.089916 -4.61692e-18)
(0.140467 0.126889 0)
(0.120671 0.124621 0)
(0.207902 -0.17001 -1.86615e-17)
(0.116 0.132485 -2.60781e-17)
(0.0208079 -0.166806 0)
(0.17034 0.240416 1.42683e-18)
(0.224522 -0.183393 0)
(0.168046 -0.0333983 1.83666e-17)
(0.20628 -0.156841 0)
(0.238891 -0.116107 0)
(0.0422722 -0.203114 -4.89968e-18)
(0.146005 -0.12771 1.87374e-17)
(0.0662439 0.300461 -3.59848e-17)
(0.213678 -0.121545 -2.31997e-17)
(0.228759 -0.141212 3.70416e-17)
(0.0477018 0.186358 -1.93499e-17)
(0.0415427 -0.171754 1.9209e-17)
(0.218678 -0.187975 -4.66857e-18)
(0.205016 -0.143483 -1.85891e-17)
(0.217931 -0.162284 4.65849e-18)
(0.195421 -0.164789 0)
(0.213156 -0.17577 1.86664e-17)
(0.152777 -0.157172 4.68907e-18)
(0.135644 -0.166266 -3.77415e-17)
(0.158395 -0.171629 0)
(0.043068 -0.190271 0)
(0.150357 -0.170093 0)
(0.160543 -0.0744236 -1.86183e-17)
(0.224497 -0.177849 -4.67783e-18)
(0.17141 -0.0365267 0)
(0.173395 -0.0290825 0)
(0.203374 -0.185926 -4.65948e-18)
(-0.00396237 -0.166496 3.31235e-17)
(0.150129 -0.15067 -4.67417e-18)
(0.0178501 -0.344074 -2.19588e-17)
(0.169834 -0.0189856 -1.99411e-17)
(0.115027 -0.158112 1.80551e-17)
(0.165626 -0.0544881 9.8757e-18)
(0.231977 -0.178866 1.85288e-17)
(0.211359 -0.182933 4.64914e-18)
(0.174254 -0.0113321 0)
(0.120795 0.130622 0)
(0.112917 0.134903 5.4708e-18)
(0.146629 -0.117959 -1.9421e-17)
(0.229787 -0.118053 -4.63581e-18)
(0.210953 -0.163032 1.86204e-17)
(0.220681 -0.141934 -2.32387e-17)
(0.117088 -0.159721 4.80655e-18)
(0.0164568 0.1846 0)
(0.0352544 0.210233 1.88369e-17)
(0.112162 -0.167729 0)
(0.0257344 0.196539 1.50329e-17)
(0.174865 -0.0265002 -1.97871e-17)
(0.0681377 0.247178 -1.35312e-17)
(0.0534834 -0.205197 0)
(0.0678515 0.265839 2.02502e-17)
(0.0679419 0.274944 3.90363e-17)
(0.254198 -0.199867 -2.07939e-17)
(0.162505 0.0465223 -1.70295e-17)
(0.13681 -0.131688 0)
(0.146243 0.0899101 0)
(0.101608 0.143991 0)
(0.0955759 0.14603 2.16446e-17)
(0.147615 -0.109043 -1.80098e-17)
(0.0992345 0.141376 0)
(0.042623 0.210108 5.1023e-18)
(0.0684559 0.167272 5.42779e-18)
(0.288845 0.23565 -1.3826e-17)
(0.045078 -0.234197 0)
(0.0826903 0.132128 0)
(0.175422 -0.0332922 0)
(0.292693 -0.19024 0)
(0.0355132 0.190084 0)
(0.173613 -0.00177687 -3.14411e-17)
(0.029285 0.201279 0)
(0.176547 -0.0162335 0)
(0.15043 -0.100411 1.00612e-17)
(0.0156584 0.195793 0)
(0.183618 -0.0102831 -1.46736e-17)
(0.0330956 0.216325 2.02598e-17)
(0.14243 -0.132631 -1.40415e-17)
(0.379816 -0.0650189 -1.42833e-17)
(0.174656 0.00296355 9.35375e-18)
(0.182825 -0.000631978 0)
(0.0219065 0.128908 0)
(0.0860989 0.283204 2.07771e-17)
(0.0617144 0.226127 6.64777e-22)
(0.00561315 -0.318629 -3.29358e-17)
(0.166572 0.0392335 0)
(0.0440687 0.224986 -2.16338e-17)
(0.0024323 -0.278409 1.12941e-17)
(0.357327 -0.141034 0)
(0.0616982 0.269645 -3.84314e-17)
(0.159765 0.0564881 9.54057e-18)
(0.160858 0.0417343 1.98986e-17)
(0.154697 -0.0839722 1.9599e-17)
(0.147862 0.0855916 1.83239e-17)
(0.145429 0.0921536 0)
(0.16531 0.0282456 1.64101e-17)
(0.159948 -0.0760188 1.59913e-17)
(0.158345 0.0643086 -4.8935e-18)
(0.152048 0.0789695 0)
(0.141994 0.099554 0)
(0.154269 0.0722057 3.93827e-17)
(0.148069 -0.0987491 -1.98075e-17)
(0.167935 0.0349919 -2.61731e-17)
(0.157948 -0.0699731 0)
(0.108943 0.0337945 -1.89609e-17)
(0.108937 0.0285853 0)
(0.104088 -0.0620597 3.74666e-17)
(0.102499 0.0542277 -1.95549e-17)
(0.0990316 0.0636259 0)
(0.11703 0.0194464 3.16288e-17)
(0.101829 -0.0675424 1.8434e-17)
(0.11016 -0.0540799 0)
(0.106645 0.0446842 -1.46726e-17)
(0.279094 0.186281 -1.4072e-19)
(0.171098 0.00643886 2.02442e-18)
(0.376826 -0.0619676 -2.89537e-17)
(0.111775 -0.23802 1.9358e-17)
(0.0700708 0.155548 3.15582e-17)
(0.0771772 0.153071 -2.0983e-17)
(0.111647 0.00388151 1.94476e-17)
(0.118076 -0.164322 -4.89327e-18)
(0.0779589 -0.25755 -1.91608e-17)
(0.169749 -0.202556 3.9885e-17)
(0.00128888 -0.219784 -2.18864e-17)
(0.0198118 -0.318612 -2.22212e-17)
(0.307576 -0.124563 9.99431e-18)
(0.234282 0.240612 -5.94026e-18)
(0.138153 -0.111626 2.15259e-17)
(0.14228 -0.105097 2.6532e-18)
(0.0362308 0.195518 0)
(0.010026 -0.269998 -2.04361e-17)
(0.0696549 -0.183998 -8.15653e-18)
(0.170579 -0.0262369 1.77799e-17)
(0.124901 -0.146459 -2.57654e-17)
(0.0488979 0.10125 2.32229e-17)
(0.134571 -0.128933 1.86114e-17)
(0.0528378 -0.186271 1.9547e-17)
(0.0416079 0.19644 0)
(0.0219464 -0.280557 2.61857e-18)
(0.0637189 -0.329144 2.05575e-17)
(0.153824 -0.0855624 4.13513e-17)
(0.141948 0.0935374 8.27143e-18)
(0.102838 -0.167109 0)
(0.0393656 0.217122 -2.13357e-17)
(0.0938497 -0.0748377 -2.6007e-18)
(0.145368 -0.11346 0)
(0.0399519 -0.320099 -6.19338e-17)
(0.00286222 -0.353521 0)
(0.373372 -0.123243 0)
(0.000739606 -0.0998338 2.17868e-17)
(0.15792 0.0603097 -1.00896e-17)
(0.0714807 0.338553 -2.25898e-17)
(0.0686659 0.168268 1.63481e-17)
(-0.000446481 -0.0392512 -1.86735e-17)
(0.0447629 0.193455 0)
(0.0937235 -0.173342 0)
(0.0426855 0.215148 0)
(0.0823782 -0.180356 1.27995e-18)
(0.140583 -0.112371 -3.97968e-17)
(0.160088 0.0490694 9.89986e-18)
(0.152643 -0.0924079 -1.92713e-17)
(0.0685516 0.331055 2.30099e-17)
(0.0763014 0.162778 -6.35619e-19)
(0.0308729 -0.351153 -3.65881e-17)
(0.146614 -0.0966731 2.0635e-17)
(0.0435191 0.188505 0)
(0.243729 -0.181151 0)
(0.125299 -0.219917 -1.44676e-17)
(0.0463897 -0.332794 4.10895e-17)
(0.148026 0.081595 0)
(0.0683821 0.167278 1.22715e-17)
(0.0324726 -0.182788 -1.06601e-17)
(0.136164 0.0999592 2.34987e-17)
(0.330919 -0.177387 0)
(0.153092 -0.0580086 -2.46482e-17)
(0.0375136 -0.173435 1.05032e-17)
(0.0080436 -0.0888204 1.03818e-17)
(0.0535266 -0.351163 2.175e-17)
(0.0558342 0.177104 -1.9849e-17)
(0.10956 0.132273 0)
(0.0820787 -0.169138 0)
(0.0716766 -0.173047 0)
(0.0994604 0.142114 1.31454e-17)
(0.00159813 -0.302178 2.47567e-17)
(0.151313 -0.0944596 -2.71106e-21)
(0.132872 -0.116791 1.61319e-17)
(0.131841 -0.128109 -1.87463e-17)
(0.0514704 -0.17286 -1.93074e-17)
(0.0628532 -0.177193 0)
(0.34108 0.072299 0)
(0.181296 -0.0159337 0)
(0.16773 -0.0234838 -1.1549e-17)
(0.113116 -0.14215 1.99525e-17)
(0.0488429 0.233302 4.40341e-17)
(0.037175 0.223813 0)
(0.15968 -0.0603596 -1.91265e-17)
(0.0471399 -0.174432 -9.93324e-18)
(0.0127079 -0.172946 -2.20463e-17)
(0.0196162 -0.163155 -1.01537e-17)
(0.179936 0.00332724 0)
(0.052263 0.247087 -1.16145e-17)
(0.0348084 0.191801 1.51969e-17)
(0.0554605 -0.259282 -1.99482e-17)
(0.238097 0.229359 2.94606e-17)
(0.168869 0.0217223 -2.14158e-17)
(0.248325 0.20424 -2.77181e-17)
(0.168612 0.0341752 0)
(0.00624521 -0.0255743 1.14479e-17)
(-0.00181443 -0.232044 -1.18355e-17)
(0.0410159 0.216934 -1.06472e-17)
(0.105395 0.144755 2.1214e-17)
(0.156825 0.0200306 -2.63462e-17)
(0.151534 0.0737744 0)
(0.0973962 0.150347 -1.1207e-17)
(0.135482 0.29542 0)
(0.0610784 0.169488 -2.14616e-17)
(0.133371 0.103453 -1.22696e-17)
(-0.00326409 -0.16779 -1.27988e-17)
(0.136385 0.104674 0)
(0.127593 0.276718 2.77383e-18)
(0.00567697 -0.049944 0)
(0.0293209 0.255878 0)
(-0.0009575 -0.15947 -1.29983e-17)
(0.351403 0.131786 0)
(-0.00494513 -0.0238878 -1.19729e-17)
(0.0816284 0.141079 0)
(0.0536672 0.17308 2.07079e-17)
(0.0341385 -0.346444 -2.20929e-17)
(0.171394 -0.0104561 -2.2477e-17)
(0.16926 -0.00147062 -2.30938e-17)
(-0.00231045 -0.0478411 0)
(0.0894993 -0.168441 0)
(0.161097 -0.0546701 -2.97338e-17)
(0.0946584 0.337989 -2.42113e-17)
(0.0945249 -0.157161 -1.23369e-17)
(0.115142 0.130049 1.14379e-17)
(0.0726405 -0.297778 1.30854e-18)
(0.0618705 0.232032 2.13452e-17)
(0.122089 0.125619 1.0827e-17)
(0.0935907 0.296953 2.81875e-17)
(0.0190193 -0.103812 1.05716e-17)
(0.0223291 0.214231 -4.50497e-17)
(0.151332 -0.220882 -2.54935e-17)
(0.294891 0.172299 0)
(0.154015 0.296161 1.34469e-17)
(-0.000528322 -0.0484829 -1.22276e-17)
(0.155098 0.0686298 4.87962e-18)
(0.0568625 0.160735 0)
(0.0611641 0.101499 1.11564e-17)
(0.0644258 0.160357 -2.27298e-17)
(0.105857 0.137401 0)
(0.129053 0.1093 1.37635e-21)
(0.107018 0.120973 0)
(0.0993262 0.130543 -1.42765e-18)
(0.1191 0.120605 -2.25157e-17)
(0.106447 0.127953 5.79297e-18)
(0.161461 -0.0101017 3.7113e-17)
(0.159011 -0.0006036 -1.16184e-17)
(0.0801168 0.313378 -2.91075e-17)
(0.11891 -0.126655 -4.88933e-17)
(0.0849521 0.157282 3.57473e-17)
(0.139939 -0.114475 2.40718e-17)
(0.156509 -0.0165304 -1.21721e-17)
(0.15252 -0.022541 2.63395e-17)
(0.00742541 0.13986 0)
(0.0475749 0.222901 2.96923e-22)
(0.106684 -0.040203 2.05934e-17)
(0.131067 0.11109 -1.97247e-17)
(0.304271 -0.140319 1.82866e-17)
(0.0203744 -0.351836 -2.77719e-17)
(0.00517018 -0.127087 -9.54642e-18)
(0.160383 0.0117054 -3.1771e-17)
(0.14141 -0.114205 -1.16401e-17)
(0.173586 -0.0199307 5.46282e-18)
(0.0627596 -0.189971 -9.81387e-18)
(0.112588 0.133541 0)
(0.00986944 -0.301236 0)
(0.122803 -0.142035 3.04823e-17)
(0.0870769 -0.0822616 5.47798e-18)
(0.0502833 -0.113707 0)
(0.00468737 -0.360133 0)
(0.0515219 0.215068 0)
(0.145624 -0.101311 1.2794e-17)
(0.279509 0.246163 1.25238e-17)
(0.329996 0.0600631 -6.78347e-18)
(0.074007 -0.0926692 1.08774e-17)
(0.0526773 0.231321 0)
(0.0358391 -0.119008 -1.94121e-17)
(0.214053 0.25705 -7.01934e-18)
(0.0725849 0.244752 0)
(0.0660216 0.316091 2.18992e-17)
(0.17673 -0.031463 -3.95774e-17)
(0.00713564 -0.241503 2.42169e-17)
(0.0184389 0.205873 0)
(0.131251 0.105188 2.43677e-17)
(0.157227 0.0564927 -2.27319e-17)
(0.108405 -0.158938 7.97593e-18)
(0.211537 0.239506 -5.50689e-18)
(0.114047 0.1249 -2.61951e-17)
(0.132538 0.104343 -3.07394e-17)
(0.153907 -0.0786734 -2.41573e-17)
(0.0105668 -0.342103 1.23755e-17)
(0.00255772 -0.14579 -2.49501e-17)
(0.25898 0.211707 3.49217e-17)
(0.103448 0.00992661 2.52758e-17)
(0.161417 0.0550486 4.97162e-18)
(0.0929515 0.14836 0)
(0.0897731 -0.178701 0)
(0.0317565 -0.165758 2.19233e-17)
(0.366389 -0.0758013 0)
(0.0417334 0.188899 -6.31119e-18)
(0.091931 0.0722237 9.74934e-18)
(-0.00840055 -0.139442 2.71942e-17)
(0.0316058 0.11457 1.14955e-17)
(0.0675095 -0.337024 -2.03257e-17)
(0.150548 0.0713557 -2.29509e-17)
(0.155562 -0.0804953 -4.72982e-17)
(0.0473732 0.217538 -1.99387e-17)
(0.048099 0.177555 2.0798e-17)
(0.0209394 -0.184939 1.06995e-17)
(0.025419 0.211867 4.04025e-17)
(0.168085 -0.0329039 -2.3113e-17)
(0.152142 -0.0805896 -1.19594e-17)
(0.0715455 0.16532 -1.13102e-17)
(-0.0070035 -0.0738772 3.01641e-17)
(0.23629 -0.182127 2.33767e-17)
(0.0863024 0.148384 -1.08905e-17)
(0.143995 -0.100348 3.27834e-18)
(0.144691 0.0858217 0)
(0.0354745 0.190354 2.92957e-18)
(0.0826339 0.144734 1.30271e-17)
(0.00342999 0.140938 0)
(0.0596035 -0.107032 -1.24971e-17)
(0.312254 0.141491 1.14687e-17)
(0.0473714 0.24034 -2.33054e-17)
(0.112076 -0.160247 -2.66222e-17)
(0.335882 -0.099213 3.55507e-19)
(0.172534 -0.0100985 1.79677e-17)
(0.0370831 -0.161717 -1.09962e-17)
(-0.000600325 -0.199318 1.36447e-17)
(0.0666924 0.240607 2.88366e-17)
(0.164603 0.0400788 -6.31993e-18)
(0.0554693 0.0881487 0)
(0.112668 -0.13007 -4.10981e-17)
(0.362352 0.101474 -4.7544e-17)
(0.312912 0.0578348 -1.65847e-17)
(0.0393837 -0.3579 -1.09844e-17)
(0.167475 -0.0118264 3.89031e-17)
(0.0100527 0.191985 -1.32715e-17)
(0.158773 -0.0655158 -1.47075e-17)
(0.169231 -0.00825716 -3.58865e-17)
(0.017587 -0.101849 0)
(0.0404499 0.188867 6.30737e-18)
(0.0537288 0.327726 -2.14282e-17)
(0.0360468 0.190681 -1.3195e-17)
(0.143084 0.0864821 2.5231e-17)
(0.0589553 0.248277 9.06796e-18)
(0.0996976 0.137339 1.22426e-17)
(0.0140995 -0.355876 0)
(0.0212412 -0.33512 1.03181e-17)
(0.129954 0.305024 0)
(0.161874 0.0432345 0)
(0.144268 0.0846634 -1.07417e-17)
(0.0291584 -0.338351 -2.01391e-21)
(0.112091 0.305384 -1.49364e-17)
(0.107944 -0.163213 6.64304e-18)
(0.14444 -0.106857 0)
(0.0579113 0.234245 2.22209e-17)
(0.142977 0.2698 2.1033e-17)
(-0.00115741 -0.0618024 1.2815e-17)
(0.135222 0.329713 3.25835e-17)
(-0.00606558 -0.162339 1.37448e-17)
(0.0641751 0.0823089 -5.1744e-18)
(0.279993 -0.231501 -1.33436e-17)
(0.167738 0.0268124 -3.22787e-17)
(0.0733676 -0.0815638 2.90046e-17)
(0.286507 0.204076 -1.35483e-17)
(0.000140509 -0.162316 1.95637e-18)
(0.231481 0.215011 7.08557e-18)
(0.0377219 0.102582 0)
(0.11103 0.127572 2.70973e-17)
(-0.00709727 -0.101035 0)
(0.10274 0.148763 1.22615e-17)
(0.0973672 -0.0129136 -4.03685e-17)
(0.165046 -0.0293002 1.41904e-17)
(0.101933 -0.00284279 1.84076e-18)
(0.070991 0.0765174 0)
(0.312481 0.0404165 2.43383e-17)
(0.143 -0.108501 0)
(0.16476 0.0389014 0)
(0.136607 -0.118498 0)
(-0.00296076 -0.100838 2.39993e-17)
(0.142646 -0.103359 -3.08383e-17)
(0.0280024 0.191742 7.22603e-18)
(-0.00890747 -0.123373 -3.28427e-17)
(0.138322 -0.120816 1.40227e-17)
(0.08983 0.315569 -2.65409e-17)
(-0.00164698 -0.132988 -2.70999e-17)
(0.085679 0.161774 -1.54871e-17)
(0.136409 -0.124242 -2.69598e-17)
(0.250989 0.23069 0)
(0.0186714 -0.344216 -3.02882e-17)
(0.313155 0.211461 4.98996e-21)
(0.0626342 0.242349 9.83416e-23)
(0.0281389 -0.359345 0)
(0.275973 0.212792 -8.07579e-18)
(0.0291857 -0.359934 -3.97087e-17)
(0.0867662 0.156717 0)
(0.0631152 0.246305 1.85263e-17)
)
;

boundaryField
{
    back
    {
        type            empty;
    }
    front
    {
        type            empty;
    }
    top
    {
        type            codedFixedValue;
        value           nonuniform List<vector> 
15
(
(0 -0.355685 0)
(0 -0.336372 0)
(0 -0.259119 0)
(0 -0.201179 0)
(0 -0.259119 0)
(0 -0.130364 0)
(0 -0.130364 0)
(0 -0.336372 0)
(0 -0.355685 0)
(0 -0.304183 0)
(0 -0.0466736 0)
(0 -0.0466736 0)
(0 -0.304183 0)
(0 -0.362122 0)
(0 -0.201179 0)
)
;
        name            ParabolicTimeDependentU_max;
        code            #{
		const vectorField& Cf = patch().Cf();
		vectorField& field = *this;

		const scalar r = 18.0*1e-3;
		const scalar Umax = 0.4;
		const scalar Umin = 0.02;

		scalar 	Uvar = 0.08;
		scalar 	t = this->db().time().value();
		scalar	tau = fmod(t,1);
		
		if (tau > 0 && tau <= 0.35)
		{
			Uvar = 0.08+Umax*(1-(pow(tau-0.175,2)/(0.175*0.175)));
		}
		if (tau > 0.35 && tau <= 0.6)
		{
			Uvar = 0.08+Umin*(-1+(pow(tau-0.475,2)/(0.125*0.125)));
		}
		if (tau > 0.6 && tau <= 1)
		{
			Uvar = 0.08;
		}
		
		forAll(Cf, faceI)
		{
			const scalar x = Cf[faceI][0];
			const scalar y = Cf[faceI][1];
			field[faceI] = vector(0, Uvar*(-1+(pow(x+(0.02+r),2))/(r*r)), 0);
		}
	#};
    }
    outer_arc
    {
        type            noSlip;
    }
    bottom
    {
        type            zeroGradient;
    }
    inner_arc
    {
        type            noSlip;
    }
}


// ************************************************************************* //
