/*--------------------------------*- C++ -*----------------------------------*\
  =========                 |
  \\      /  F ield         | OpenFOAM: The Open Source CFD Toolbox
   \\    /   O peration     | Website:  https://openfoam.org
    \\  /    A nd           | Version:  9
     \\/     M anipulation  |
\*---------------------------------------------------------------------------*/
FoamFile
{
    format      ascii;
    class       volScalarField;
    location    "2.89";
    object      p;
}
// * * * * * * * * * * * * * * * * * * * * * * * * * * * * * * * * * * * * * //

dimensions      [0 2 -2 0 0 0 0];

internalField   nonuniform List<scalar> 
1655
(
10.3695
10.3682
10.3631
10.3764
10.371
10.369
10.3621
10.37
10.3648
10.3711
10.3747
10.3739
10.3703
10.3701
10.3657
10.366
10.3666
10.365
10.3641
10.3701
10.3661
10.3647
10.3704
10.3706
10.37
10.3668
10.366
10.3666
10.3675
10.3663
10.3583
10.3611
10.3694
10.3735
10.3651
10.3734
10.3694
10.3684
10.3695
10.368
10.3661
10.3707
10.3699
10.3641
10.3686
10.3766
10.3753
10.3687
10.3711
10.3699
10.3685
10.3598
10.3659
10.3659
10.3659
10.3678
10.366
10.3762
10.3744
10.368
10.3605
10.3657
10.368
10.3697
10.3665
10.3554
10.3734
10.3759
10.3645
10.3709
10.3764
10.3564
10.3664
10.3655
10.3719
10.3695
10.3679
10.3645
10.366
10.3664
10.3676
10.3694
10.3653
10.3643
10.3665
10.3666
10.3722
10.3663
10.3662
10.3665
10.3661
10.3662
10.3638
10.371
10.3701
10.3642
10.3734
10.3753
10.3651
10.3679
10.3683
10.3706
10.3713
10.3699
10.3645
10.3661
10.369
10.3663
10.3679
10.3672
10.3687
10.3741
10.3674
10.3666
10.3694
10.3661
10.3693
10.3745
10.3651
10.3651
10.3681
10.3735
10.3671
10.3716
10.3719
10.3704
10.3699
10.3701
10.3661
10.3669
10.3704
10.3686
10.3696
10.3703
10.3663
10.3678
10.3709
10.3661
10.3661
10.3741
10.368
10.3661
10.3663
10.3727
10.3663
10.3733
10.3711
10.3683
10.3694
10.3606
10.3617
10.3637
10.3715
10.3676
10.3665
10.37
10.3662
10.3721
10.3692
10.3685
10.3713
10.3627
10.366
10.3732
10.3731
10.3753
10.3667
10.3699
10.3717
10.3641
10.3672
10.3668
10.3694
10.3679
10.3664
10.3684
10.3707
10.3641
10.3669
10.3702
10.3673
10.3672
10.3678
10.3732
10.3685
10.3671
10.369
10.3671
10.3663
10.3676
10.3685
10.3652
10.3674
10.3545
10.3674
10.3663
10.3669
10.3673
10.3661
10.368
10.3742
10.3735
10.3682
10.364
10.3651
10.3661
10.3694
10.3673
10.367
10.3731
10.3517
10.3515
10.3683
10.37
10.3702
10.3741
10.3743
10.3634
10.3453
10.3682
10.3689
10.3662
10.3696
10.3684
10.3694
10.3677
10.3674
10.3655
10.3413
10.3401
10.3693
10.3453
10.348
10.3649
10.3693
10.3695
10.3676
10.3676
10.3672
10.3594
10.3672
10.3684
10.3614
10.3662
10.3683
10.3663
10.3594
10.3667
10.3672
10.3683
10.3637
10.3663
10.364
10.3538
10.3693
10.3477
10.3677
10.3683
10.364
10.3697
10.3651
10.3667
10.3675
10.3471
10.3643
10.3695
10.3698
10.3701
10.3692
10.3701
10.3647
10.3655
10.3686
10.3667
10.3648
10.3659
10.3603
10.368
10.3662
10.3656
10.3671
10.3695
10.3657
10.3674
10.3668
10.3665
10.3678
10.3687
10.3697
10.3657
10.3668
10.3662
10.37
10.3672
10.368
10.3686
10.3698
10.3423
10.3662
10.3672
10.3685
10.3711
10.3707
10.3684
10.3673
10.3667
10.3683
10.3669
10.3675
10.3673
10.3665
10.3663
10.3669
10.3647
10.3693
10.3679
10.3661
10.3668
10.3671
10.368
10.3676
10.3701
10.3687
10.3686
10.3685
10.3769
10.377
10.3694
10.3675
10.3637
10.3695
10.368
10.3701
10.3668
10.3672
10.367
10.3641
10.3699
10.3677
10.3673
10.3682
10.3682
10.3653
10.3411
10.3679
10.3684
10.3701
10.3683
10.368
10.3666
10.3707
10.3645
10.3421
10.3688
10.3664
10.3671
10.3679
10.3677
10.3674
10.3667
10.3681
10.3697
10.3662
10.3656
10.3699
10.3677
10.3673
10.3708
10.3683
10.3687
10.3687
10.369
10.3692
10.3676
10.3708
10.3673
10.3648
10.3698
10.3691
10.3679
10.3694
10.365
10.3699
10.3661
10.3681
10.3669
10.3674
10.3679
10.3661
10.367
10.366
10.3642
10.3651
10.3676
10.3682
10.3674
10.367
10.3668
10.3667
10.3689
10.3676
10.3699
10.3645
10.3693
10.3639
10.3691
10.3679
10.3643
10.3684
10.3644
10.3711
10.3646
10.3664
10.3638
10.3691
10.3645
10.3682
10.3524
10.3668
10.3672
10.3689
10.3649
10.3724
10.367
10.3675
10.3623
10.3553
10.368
10.3668
10.3601
10.3678
10.3697
10.3672
10.3713
10.3649
10.3636
10.3686
10.3655
10.3713
10.3641
10.3662
10.3661
10.3641
10.3668
10.3663
10.364
10.3629
10.364
10.3622
10.3638
10.3613
10.356
10.3616
10.3657
10.3606
10.3656
10.3675
10.3665
10.3608
10.3709
10.3638
10.3659
10.3649
10.3591
10.3695
10.37
10.366
10.3667
10.3654
10.3632
10.3622
10.3688
10.3654
10.3637
10.3524
10.3623
10.362
10.3642
10.3645
10.3713
10.3667
10.3644
10.365
10.3632
10.3632
10.3653
10.3695
10.3684
10.3641
10.3681
10.3497
10.3661
10.3645
10.361
10.3651
10.3633
10.3558
10.3707
10.364
10.36
10.3619
10.3629
10.3727
10.3568
10.3606
10.3629
10.3645
10.3604
10.3622
10.3666
10.3699
10.3651
10.3597
10.3642
10.3669
10.362
10.359
10.363
10.3528
10.3523
10.3404
10.3509
10.362
10.356
10.3538
10.3622
10.366
10.3624
10.3647
10.3443
10.3651
10.3656
10.3649
10.3746
10.3675
10.3679
10.3711
10.3741
10.3696
10.3768
10.3644
10.3528
10.3655
10.3757
10.3658
10.3695
10.3671
10.3735
10.3658
10.3662
10.3774
10.3671
10.3667
10.368
10.3648
10.3564
10.3732
10.365
10.3635
10.3644
10.3525
10.3653
10.3633
10.3541
10.3678
10.3487
10.3569
10.3669
10.3626
10.347
10.3619
10.3603
10.3719
10.3601
10.353
10.3599
10.3674
10.3646
10.3487
10.3637
10.3683
10.3669
10.3682
10.3486
10.3638
10.3672
10.3627
10.3515
10.3631
10.3577
10.3663
10.3454
10.3417
10.3417
10.3616
10.3465
10.3617
10.369
10.3452
10.3607
10.3505
10.3601
10.3582
10.3674
10.3618
10.3653
10.3725
10.3683
10.366
10.3689
10.3663
10.3689
10.3665
10.3634
10.3703
10.3556
10.353
10.3701
10.3641
10.3458
10.3488
10.3549
10.359
10.3595
10.3601
10.3653
10.3488
10.3439
10.3421
10.3633
10.3639
10.3603
10.3439
10.3718
10.3699
10.3484
10.3707
10.3739
10.3681
10.3608
10.3722
10.372
10.364
10.3723
10.371
10.3692
10.3668
10.3701
10.3597
10.3667
10.354
10.3636
10.3606
10.3646
10.3649
10.3681
10.3625
10.3594
10.3508
10.3458
10.3657
10.3555
10.3649
10.3632
10.3634
10.3586
10.3731
10.3715
10.3724
10.3676
10.3501
10.3462
10.3705
10.3608
10.3671
10.3664
10.3594
10.3631
10.3574
10.3714
10.3597
10.3583
10.365
10.3631
10.3618
10.3544
10.3734
10.3651
10.3584
10.3575
10.3612
10.3669
10.3646
10.3587
10.3683
10.3592
10.3717
10.3575
10.3689
10.3711
10.3628
10.3693
10.3635
10.3642
10.3628
10.3635
10.3688
10.3563
10.3592
10.3636
10.3607
10.3522
10.3617
10.3592
10.3544
10.3645
10.3664
10.359
10.3637
10.367
10.3553
10.3595
10.3665
10.3639
10.3695
10.3649
10.359
10.3608
10.3625
10.3667
10.3669
10.3641
10.36
10.3582
10.3653
10.3599
10.3619
10.3686
10.3595
10.3704
10.3587
10.3685
10.3665
10.3659
10.3589
10.3603
10.3589
10.365
10.3699
10.3678
10.3594
10.3685
10.3675
10.3667
10.366
10.3629
10.3611
10.3589
10.3628
10.3644
10.3652
10.3647
10.3625
10.3623
10.3675
10.3595
10.3684
10.3639
10.3605
10.3629
10.3664
10.3606
10.3618
10.3687
10.3495
10.3493
10.3626
10.359
10.3566
10.3561
10.3592
10.36
10.3616
10.3593
10.3502
10.3542
10.3641
10.3642
10.3588
10.3464
10.3628
10.3668
10.3588
10.3649
10.3657
10.3688
10.3463
10.3647
10.3651
10.3616
10.3658
10.3682
10.3663
10.3619
10.3635
10.3445
10.3639
10.3696
10.3667
10.3664
10.3464
10.3677
10.3663
10.3668
10.3676
10.3666
10.3654
10.362
10.3659
10.3669
10.3593
10.3637
10.3689
10.3693
10.3546
10.3667
10.3649
10.3665
10.3633
10.364
10.3654
10.3666
10.3604
10.3615
10.3604
10.3656
10.3603
10.3642
10.3648
10.3641
10.3662
10.3626
10.3668
10.3668
10.3657
10.3649
10.3666
10.3652
10.3665
10.3658
10.3594
10.3666
10.3663
10.3648
10.3623
10.3681
10.3663
10.3652
10.364
10.3666
10.3672
10.3662
10.3654
10.3665
10.3654
10.3609
10.3686
10.3597
10.3648
10.3655
10.3648
10.3676
10.3698
10.3596
10.3632
10.366
10.3604
10.3675
10.3496
10.3661
10.3637
10.37
10.3665
10.3678
10.3632
10.3568
10.3622
10.3606
10.3649
10.3683
10.3707
10.368
10.3675
10.3627
10.3711
10.3678
10.3672
10.351
10.3664
10.3683
10.3613
10.3613
10.3682
10.3674
10.3711
10.3659
10.364
10.3709
10.3625
10.3674
10.3667
10.3664
10.3662
10.3698
10.3705
10.365
10.3662
10.3666
10.362
10.3674
10.3661
10.3709
10.3611
10.3523
10.3665
10.3622
10.3679
10.3679
10.3655
10.37
10.3669
10.3691
10.3672
10.3702
10.3708
10.3683
10.3619
10.3621
10.3677
10.3657
10.3613
10.3663
10.3679
10.3684
10.3559
10.367
10.3727
10.3632
10.3686
10.3707
10.3705
10.3608
10.3645
10.3651
10.3658
10.369
10.3659
10.3628
10.3644
10.3641
10.3674
10.3593
10.366
10.365
10.366
10.3681
10.3657
10.3665
10.3664
10.3696
10.3669
10.3625
10.3684
10.3633
10.3703
10.3709
10.37
10.3699
10.3631
10.3632
10.37
10.3657
10.3689
10.3662
10.3685
10.3703
10.3704
10.3656
10.3701
10.3677
10.3685
10.3644
10.3711
10.3676
10.3683
10.3662
10.3661
10.366
10.3648
10.3702
10.3705
10.3701
10.3685
10.3704
10.3667
10.37
10.3678
10.3674
10.3686
10.3688
10.3684
10.3703
10.3698
10.3699
10.3644
10.37
10.3667
10.3686
10.3684
10.3686
10.3688
10.3662
10.3658
10.3692
10.3684
10.3691
10.3694
10.3686
10.3673
10.3687
10.3653
10.3669
10.366
10.3683
10.3697
10.3699
10.3659
10.3651
10.3685
10.3713
10.3684
10.3663
10.363
10.3699
10.3684
10.3693
10.3678
10.3689
10.3668
10.3689
10.3678
10.3693
10.3684
10.3686
10.3661
10.3653
10.3684
10.3681
10.3656
10.3653
10.3641
10.3679
10.3635
10.369
10.3663
10.3717
10.3684
10.3703
10.3694
10.3685
10.3689
10.3684
10.3684
10.3692
10.3685
10.3701
10.3677
10.366
10.3664
10.3649
10.3658
10.3669
10.3694
10.3687
10.3674
10.3662
10.3686
10.3662
10.3642
10.3693
10.3647
10.3663
10.3685
10.3681
10.3654
10.3683
10.3673
10.37
10.3642
10.3685
10.3659
10.3701
10.3684
10.3656
10.3654
10.3686
10.37
10.3662
10.3679
10.3685
10.369
10.3627
10.3691
10.3682
10.3704
10.3701
10.3682
10.3685
10.366
10.3683
10.3662
10.368
10.3658
10.3642
10.3684
10.3671
10.3673
10.3398
10.3419
10.3691
10.3687
10.3667
10.3677
10.3701
10.3679
10.3645
10.3684
10.369
10.3429
10.3666
10.3679
10.3429
10.3664
10.3657
10.3689
10.3702
10.3663
10.3694
10.3639
10.3475
10.3418
10.3694
10.3659
10.3681
10.3648
10.3685
10.3668
10.3701
10.3665
10.3665
10.37
10.3472
10.354
10.366
10.3655
10.3654
10.3605
10.3547
10.3703
10.3696
10.3687
10.3675
10.3664
10.3608
10.3689
10.3681
10.3663
10.3688
10.3663
10.3681
10.3681
10.3698
10.3646
10.3644
10.3665
10.3666
10.3668
10.3667
10.365
10.3683
10.3664
10.368
10.3671
10.3687
10.3663
10.3667
10.3638
10.3687
10.37
10.37
10.3693
10.3637
10.3706
10.366
10.3685
10.3666
10.3705
10.3663
10.3665
10.3702
10.3669
10.3657
10.3665
10.3676
10.3662
10.3665
10.3663
10.3662
10.3406
10.3671
10.3697
10.3691
10.3699
10.3436
10.3666
10.3708
10.3644
10.3443
10.3633
10.3675
10.369
10.368
10.3707
10.3709
10.3517
10.3707
10.3662
10.366
10.3662
10.3684
10.366
10.3677
10.3576
10.3703
10.3712
10.3664
10.3711
10.3664
10.3652
10.3662
10.3734
10.3663
10.3636
10.3696
10.363
10.3638
10.3649
10.3664
10.3691
10.3664
10.3664
10.366
10.3664
10.3664
10.3663
10.3671
10.3684
10.3674
10.3698
10.3678
10.3721
10.3662
10.371
10.3707
10.3666
10.3702
10.3666
10.3677
10.3734
10.3683
10.3761
10.366
10.3664
10.3731
10.3711
10.3713
10.3621
10.3647
10.3663
10.3662
10.3685
10.3663
10.3645
10.3686
10.3653
10.3749
10.3654
10.3664
10.3642
10.364
10.3664
10.3637
10.3648
10.3673
10.3708
10.3708
10.3629
10.3711
10.3655
10.3707
10.3688
10.3666
10.371
10.3694
10.3666
10.3695
10.3738
10.3661
10.3715
10.3648
10.3676
10.3693
10.3641
10.3642
10.3593
10.3731
10.3711
10.3691
10.3645
10.3662
10.3695
10.3642
10.3645
10.3698
10.3645
10.364
10.3643
10.3654
10.3729
10.367
10.3681
10.3686
10.375
10.3645
10.366
10.3691
10.3651
10.3681
10.3668
10.3767
10.3645
10.365
10.3717
10.3666
10.3686
10.3678
10.3691
10.3757
10.3649
10.3698
10.3728
10.3575
10.3666
10.3708
10.3708
10.3726
10.3686
10.3667
10.3663
10.3701
10.3672
10.3632
10.3667
10.365
10.3661
10.3673
10.3698
10.3689
10.3751
10.3671
10.3708
10.365
10.3695
10.3674
10.3669
10.3675
10.3698
10.3683
10.3685
10.3645
10.3656
10.3626
10.3672
10.3689
10.3628
10.3702
10.3633
10.3644
10.3708
10.3702
10.368
10.3685
10.3651
10.3686
10.3642
10.3646
10.3704
10.364
10.3705
10.3688
10.367
10.3687
10.3664
10.3665
10.3674
10.3662
10.3703
10.3699
10.3696
10.3662
10.3772
10.3699
10.3701
10.3682
10.3705
10.3712
10.3687
10.369
10.3709
10.3697
10.3665
10.3648
10.3653
10.3697
10.3693
10.373
10.3693
10.3736
10.3675
10.3645
10.3641
10.3746
10.3698
10.3701
10.3701
10.3716
10.3642
10.3685
10.3667
10.3667
10.3694
10.3674
10.3651
10.3663
10.37
10.3633
10.3708
10.3704
10.3647
10.3704
10.3661
10.3706
10.3699
10.3701
10.3699
10.366
10.3663
10.363
10.3701
10.3733
10.3701
10.371
10.3707
10.3677
10.3745
10.374
10.3702
10.3686
10.3773
10.3649
10.3685
10.3713
10.367
10.3659
10.3714
10.3647
10.37
10.365
10.3665
10.3714
10.3668
10.3701
10.364
10.3708
10.371
10.3708
10.3711
10.3705
10.3714
10.3712
10.3712
10.3713
10.3744
10.374
10.3642
10.3662
10.3706
10.3639
10.3744
10.3751
10.3679
10.365
10.3771
10.3706
10.3655
10.3689
10.3701
10.3719
10.3632
10.3743
10.3692
10.3713
10.367
10.367
10.3652
10.3689
10.3685
10.366
10.3646
10.3681
10.3714
10.3673
10.365
10.3696
10.3665
10.3659
10.3642
10.375
10.37
10.366
10.3702
10.3639
10.3683
10.366
10.3713
10.37
10.3725
10.3692
10.3701
10.3679
10.3712
10.3632
10.3708
10.3684
10.37
10.3564
10.3688
10.3702
10.3701
10.3705
10.3677
10.3648
10.3708
10.3653
10.3703
10.3701
10.3645
10.3738
10.3724
10.3703
10.3701
10.3661
10.3706
10.366
10.367
10.3683
10.3709
10.3659
10.3685
10.3734
10.3642
10.3685
10.3587
10.3744
10.3699
10.3701
10.3658
10.3643
10.371
10.3669
10.3738
10.37
10.3684
10.3737
10.3626
10.374
10.3746
10.3663
10.3692
10.3637
10.3692
10.3674
10.3645
10.371
10.3681
10.3693
10.3661
10.365
10.3669
10.3692
10.3656
10.3685
10.3638
10.3653
10.3661
10.3702
10.3666
10.3701
10.3712
10.3666
10.3674
10.3666
10.3696
10.37
10.3662
10.3707
10.3712
10.3702
10.3704
10.3747
10.3728
10.3743
10.3713
10.3674
10.3643
10.3653
10.3644
10.3701
10.3655
10.3685
10.3701
10.3635
10.3647
10.3702
10.3708
10.3644
10.3675
10.3692
10.3702
10.3652
10.3681
10.3688
10.3684
10.3709
10.365
)
;

boundaryField
{
    back
    {
        type            empty;
    }
    front
    {
        type            empty;
    }
    top
    {
        type            zeroGradient;
    }
    outer_arc
    {
        type            zeroGradient;
    }
    bottom
    {
        type            uniformFixedValue;
        uniformValue    
        {
            type            table;
            format          csv;
            file            "outlet_p.csv";
            nHeaderLine     1;
            refColumn       0;
            componentColumns List<label> 1(1);
            separator       ",";
            mergeSeparators 0;
        }
        value           uniform 10.364;
    }
    inner_arc
    {
        type            zeroGradient;
    }
}


// ************************************************************************* //
