/*--------------------------------*- C++ -*----------------------------------*\
  =========                 |
  \\      /  F ield         | OpenFOAM: The Open Source CFD Toolbox
   \\    /   O peration     | Website:  https://openfoam.org
    \\  /    A nd           | Version:  9
     \\/     M anipulation  |
\*---------------------------------------------------------------------------*/
FoamFile
{
    format      ascii;
    class       volVectorField;
    location    "0.38";
    object      U;
}
// * * * * * * * * * * * * * * * * * * * * * * * * * * * * * * * * * * * * * //

dimensions      [0 1 -1 0 0 0 0];

internalField   nonuniform List<vector> 
1655
(
(0.0283092 -0.0189745 -4.8422e-18)
(-0.0259765 0.0355731 3.18852e-17)
(-0.0994138 0.0290885 2.58805e-17)
(-0.00092892 0.0079926 -1.55209e-17)
(0.0671067 0.0847791 0)
(0.0704214 0.0486575 9.69492e-18)
(-0.13936 0.0277799 0)
(0.0281773 0.110583 -1.72894e-17)
(0.0640564 0.170719 0)
(0.0667965 0.0785834 -8.4259e-18)
(0.0552636 -0.0281656 3.86757e-17)
(0.0614586 -0.0306809 -3.81022e-17)
(0.020955 0.0645447 -1.13507e-21)
(0.0302038 -0.00291193 -2.01236e-17)
(-0.0330963 -0.242641 1.96272e-17)
(-0.229532 0.178951 0)
(-0.284151 0.154464 3.37825e-17)
(0.109154 0.0621202 1.03212e-17)
(0.0727557 0.0288033 -3.86912e-17)
(0.0256346 0.0400252 -1.11582e-17)
(-0.140943 0.108488 4.50093e-18)
(0.060785 0.185292 0)
(0.0526899 0.103511 -2.08283e-17)
(0.0471315 0.0941002 9.67229e-18)
(0.0388256 -0.0272366 -6.09147e-18)
(-0.306142 0.183006 -3.98476e-17)
(-0.206539 0.183749 -1.763e-17)
(0.0469485 0.174076 -2.07766e-17)
(0.0419443 0.172019 2.80357e-17)
(-0.0659351 0.0295288 -2.00524e-17)
(-0.218878 0.0465573 4.96723e-17)
(-0.0060091 0.0348499 -5.37993e-18)
(0.0109438 -0.0720825 -7.38425e-18)
(-0.092306 0.00293338 0)
(0.0981101 0.0360475 0)
(-0.090967 -0.00480087 0)
(0.0830403 0.0597404 -2.60314e-17)
(-0.0337102 0.0464355 0)
(0.0132863 -0.0656441 -1.01054e-17)
(-0.0331296 0.0426515 -3.44213e-17)
(-0.145666 0.146896 1.92084e-17)
(0.0562239 0.0982777 1.68243e-17)
(0.0138828 -0.0604913 -1.05704e-17)
(0.0701369 0.0207051 3.06549e-17)
(-0.0152507 -0.0119466 0)
(0.0133903 -0.0022312 0)
(0.00348523 0.0114427 4.82389e-17)
(-0.0239529 0.0309511 0)
(0.0753501 0.069745 1.87499e-17)
(0.0266997 -0.0658751 2.56997e-18)
(0.0872092 0.0563216 2.88346e-17)
(-0.0464896 0.0321754 -1.93701e-17)
(-0.0476468 -0.273645 -2.09985e-17)
(0.0615605 0.165845 1.8586e-17)
(0.0980958 0.141635 -2.39395e-17)
(-0.119312 -0.135523 0)
(-0.105576 0.12221 -9.33339e-18)
(0.0316574 -0.0195549 0)
(0.0630956 -0.0195291 0)
(-0.143655 -0.175722 2.02544e-17)
(-0.250474 0.0384713 -4.9648e-17)
(0.0727704 0.0360085 0)
(0.0411246 -0.0295876 0)
(0.0422015 0.13712 -4.77674e-18)
(0.0852159 0.0137628 0)
(-0.142731 0.0437048 0)
(0.0755788 -0.00077896 4.48065e-17)
(0.0471276 -0.0209401 -2.22325e-17)
(0.0775203 -0.0243124 0)
(0.0491091 0.0868945 -1.9248e-17)
(0.022533 -0.0130911 2.47137e-17)
(-0.114103 0.0305018 -1.17407e-18)
(-0.11033 0.0387364 -1.241e-18)
(-0.0287677 -0.229059 1.78356e-17)
(-0.216394 -0.0203121 -2.29721e-17)
(-0.00749129 0.0093843 1.09546e-17)
(0.0374982 0.154098 -6.36229e-18)
(0.0587279 -0.0591899 0)
(-0.154747 0.155567 0)
(-0.0728168 0.0601021 0)
(0.0807125 0.0102408 2.4631e-17)
(-0.0127942 0.0340717 -1.11416e-17)
(0.100861 0.146934 2.44624e-17)
(0.0842262 0.0227329 1.23532e-17)
(-0.110929 -0.0285227 0)
(-0.0207437 -0.0816511 0)
(-0.196625 -0.014078 -1.38649e-17)
(-0.105424 0.0791392 0)
(0.0159366 -0.0291143 -9.69623e-18)
(-0.0419072 -0.0878819 0)
(-0.00600361 -0.0354829 0)
(-0.109093 0.0275425 1.21437e-17)
(0.0892131 0.0332244 2.36609e-17)
(0.0667813 0.0585659 0)
(-0.020369 0.0969713 0)
(0.0873915 0.0368643 3.939e-17)
(0.0579895 0.00107404 -3.79782e-17)
(0.0424171 -0.0160271 0)
(-0.0262319 0.0333868 -1.15264e-17)
(-0.0360636 -0.085716 2.4384e-17)
(-0.136895 0.0209607 -7.65793e-17)
(0.0546442 0.00610186 -2.50725e-17)
(0.0726125 0.0712085 -2.44698e-17)
(0.0711956 0.00635015 2.62834e-17)
(0.11702 0.139986 0)
(0.0855516 0.0452403 -1.51244e-18)
(0.0570906 0.133438 -2.11237e-17)
(-0.0298731 0.0175667 0)
(-0.0241449 -0.0768793 0)
(-0.0949909 -0.104213 -2.13895e-17)
(-0.00398173 -0.0750493 1.70043e-17)
(0.02808 -0.0133972 1.97122e-17)
(-0.091949 -0.0905748 1.29613e-17)
(-0.117709 -0.0654745 2.22331e-17)
(0.0598225 0.120189 2.00731e-17)
(0.00111694 -0.0552676 -1.26893e-17)
(0.0568853 0.129537 -2.14729e-17)
(0.0535625 -0.0142931 0)
(0.0173871 -0.0261652 1.92171e-17)
(0.11742 0.136975 -4.24727e-17)
(-0.126145 -0.101187 -3.6754e-17)
(-0.202909 -0.0434666 3.73409e-17)
(-0.235865 0.0117997 -2.95416e-17)
(0.132825 -0.00715441 2.7762e-17)
(0.0765712 0.00334628 9.74742e-18)
(0.0503596 0.122834 0)
(0.0377398 -0.0598814 -2.426e-17)
(-0.00958753 0.0417221 2.18918e-17)
(-0.224329 0.184374 -2.94467e-18)
(-0.0644517 -0.0731402 -2.90248e-18)
(0.0882993 0.0685615 5.5379e-18)
(-0.0034521 -0.0750734 3.00188e-17)
(0.048464 0.141032 1.85111e-17)
(0.051387 0.116113 1.94617e-17)
(-0.0196763 0.0198557 0)
(0.00700939 -0.0148925 0)
(0.0646587 0.0905892 -1.134e-17)
(-0.0352785 -0.181383 1.90625e-17)
(-0.0556275 0.0639778 1.025e-17)
(0.0665436 -0.00353964 -1.01606e-17)
(-0.0777496 -0.131652 1.32109e-17)
(-0.180122 0.174606 1.81287e-17)
(-0.233607 0.205889 0)
(-0.246772 -0.110169 0)
(-0.339811 0.153256 -1.11857e-17)
(-0.268645 -0.0783112 0)
(-0.221884 -0.136847 -3.92054e-17)
(-0.177939 -0.173689 3.15874e-17)
(-0.202151 -0.161843 2.03235e-17)
(-0.357756 0.0735447 0)
(-0.347309 0.0303789 1.92514e-17)
(-0.361937 0.119244 -1.03523e-17)
(-0.294001 -0.0486628 2.01545e-17)
(-0.328742 -0.0123994 1.75932e-17)
(-0.0159512 -0.103445 0)
(0.0323973 -0.0505384 3.9127e-17)
(0.0674561 0.0138994 2.49663e-18)
(-0.133502 -0.0660841 1.04542e-17)
(0.0599851 0.124042 0)
(0.0668832 0.0086978 -2.66633e-17)
(-0.1639 -0.0896922 2.98449e-17)
(0.0844142 -0.088309 0)
(0.0673449 0.158911 -4.78141e-22)
(-0.13541 -0.0578171 0)
(-0.193525 -0.0736457 0)
(0.0549642 -0.0211047 -1.02923e-17)
(0.0532883 0.165388 0)
(0.0575755 0.121296 -4.04337e-17)
(0.0576431 0.00324733 6.17388e-18)
(0.0319944 -0.120168 0)
(-0.233917 0.160101 0)
(0.0890367 0.135164 0)
(-0.156162 -0.114188 1.22741e-17)
(0.0626941 0.139493 2.13499e-17)
(-0.101254 0.0193617 1.30153e-18)
(0.0617793 0.134089 2.12701e-17)
(0.0855574 0.0703182 5.55774e-18)
(0.0113035 -0.138879 0)
(-0.106996 -0.116074 -2.30543e-17)
(0.0217565 0.00483811 1.82649e-17)
(-0.0847242 -0.139873 2.61389e-17)
(0.0928389 0.130463 1.65847e-17)
(0.0715897 0.0422871 -3.52844e-17)
(0.110682 -0.00784495 -6.07274e-18)
(-0.00914909 -0.00349059 -1.1705e-17)
(-0.0854225 -0.140493 0)
(-0.00291851 0.0150783 0)
(-0.097504 -0.125288 0)
(0.113404 0.102118 0)
(0.0902665 0.125238 -1.612e-17)
(-0.0105405 0.0129631 -2.10967e-17)
(0.0884208 0.0415718 0)
(0.106323 0.110336 -2.15357e-17)
(-0.0263409 0.0309309 2.72209e-17)
(-0.0574633 -0.154246 0)
(-0.0165938 0.0239524 -1.31964e-17)
(0.109101 0.114374 0)
(-0.0721027 -0.142732 0)
(-0.0159909 0.0194557 2.51812e-17)
(0.0934289 0.120718 0)
(0.0789626 -0.0124079 1.39006e-17)
(0.0578477 -0.00506603 -6.23826e-18)
(-0.187548 0.00264291 2.25223e-17)
(-0.202936 0.0201753 5.03323e-17)
(0.0244169 0.00813021 -1.93872e-17)
(-0.161261 0.083156 1.51452e-17)
(0.0136458 -0.0971105 0)
(0.106086 0.100242 0)
(-0.0677158 -0.0808365 6.88084e-17)
(-0.131717 -0.0143897 0)
(0.0879663 0.0302794 3.65507e-17)
(0.0256014 0.0301994 -1.0112e-17)
(0.0018492 -0.0164205 0)
(0.0530474 0.126218 2.11448e-17)
(0.0422058 -0.0109779 -2.16744e-18)
(0.0845961 -0.00820329 4.72946e-17)
(-0.112526 -0.0167772 -1.18281e-17)
(0.0580814 -0.0633161 0)
(0.0853715 0.0216098 2.07855e-17)
(0.0906909 0.115908 0)
(-0.0176353 0.0335972 0)
(-0.122787 0.0777056 -4.38749e-17)
(0.0164729 -0.0799609 3.12397e-17)
(0.0829352 0.11119 2.15652e-17)
(0.0103654 -0.0884897 -2.25149e-17)
(-0.0290676 -0.162277 2.15226e-17)
(-0.0267758 -0.169895 -2.14177e-17)
(0.00844287 0.0007136 0)
(0.0868085 0.0120001 2.6356e-17)
(0.105458 0.00397486 2.11226e-17)
(0.0275658 -0.116992 0)
(0.100545 -0.0149608 -2.64248e-17)
(0.120564 -0.0279396 2.6395e-17)
(0.0615667 -0.0278458 -4.17088e-17)
(0.00689411 -0.105371 -2.22041e-17)
(0.0259085 -0.120056 2.16604e-17)
(-0.0439573 -0.152997 0)
(0.103512 0.0977478 0)
(-0.0392207 -0.170326 2.6689e-17)
(0.12187 -0.0549019 2.11152e-17)
(-0.08068 -0.144878 -2.00534e-17)
(-0.0256297 0.0250699 3.85587e-17)
(0.139415 -0.071517 -2.63666e-17)
(-0.026443 0.0543767 1.8406e-17)
(0.085338 0.107291 5.39621e-18)
(-0.0935367 0.112742 -2.70624e-17)
(-0.240744 0.0758173 1.59129e-17)
(0.0657776 0.152473 0)
(-0.0574357 -0.160558 -5.35141e-18)
(0.0853278 0.1154 0)
(0.0858917 0.0280477 -1.75183e-17)
(-0.061434 0.0937269 4.35822e-18)
(0.0678441 0.0686511 -2.12896e-17)
(0.0506578 0.033279 -1.53261e-17)
(0.0108567 -0.11377 2.18273e-17)
(0.10239 0.0255233 -2.60868e-17)
(-0.0573492 -0.105799 -2.24333e-17)
(0.0828716 0.1038 -5.37587e-18)
(-0.0046766 -0.171675 2.84471e-17)
(0.0267015 -0.0836006 2.05836e-17)
(0.104857 -0.126509 1.59224e-17)
(-0.113101 -0.099838 2.20608e-17)
(-0.00995618 -0.17651 2.133e-17)
(0.0444589 0.0282642 2.106e-17)
(0.0656789 0.060412 2.13326e-17)
(0.0626471 0.111382 2.14338e-17)
(0.028246 -0.0900303 0)
(0.040841 -0.042378 -3.03274e-17)
(0.00127292 -0.0880809 1.17743e-17)
(0.0497843 -0.051983 0)
(-0.0189702 -0.213349 -2.25023e-17)
(0.0874263 0.0260522 1.63345e-17)
(-0.0231548 0.0125009 1.13069e-17)
(-0.101159 -0.113035 0)
(0.0379747 -0.0699825 1.11606e-21)
(0.0953434 0.0400174 -1.64697e-17)
(-0.237382 0.0804802 0)
(0.0847424 0.100254 2.68727e-17)
(0.111624 0.128289 -2.70485e-17)
(0.128565 -0.160323 5.21746e-18)
(0.102875 0.126069 2.19721e-17)
(0.0647737 0.104468 5.37856e-18)
(0.0839879 0.00587796 2.18428e-17)
(-0.0724165 -0.231084 1.90344e-17)
(-0.063901 -0.222232 -3.58737e-17)
(0.103564 0.0679967 -2.18269e-17)
(0.102035 0.114772 2.16705e-17)
(-0.0146235 -0.081754 1.95664e-17)
(0.0224636 -0.0981998 0)
(0.102518 0.0618979 0)
(0.108082 0.0875974 2.13541e-17)
(-0.0979251 0.127359 2.07823e-17)
(0.0374705 -0.0778421 4.53678e-17)
(0.0832328 0.134223 0)
(0.0996509 0.104014 -2.16459e-17)
(-0.0104179 -0.132684 5.45396e-18)
(0.0156814 0.0683916 0)
(0.102284 0.0156746 -3.67924e-17)
(-0.0273923 0.0378175 -2.13335e-17)
(-0.0829283 -0.100984 -5.39575e-17)
(-0.0259207 -0.0992748 -2.27356e-17)
(0.0222483 0.0189276 0)
(-0.000872239 -0.00358674 3.31157e-17)
(-0.0039826 -0.151073 -5.4101e-18)
(-0.00299881 -0.179243 -4.26189e-17)
(0.107837 0.123861 -2.30461e-17)
(-0.0306418 -0.120762 -5.49777e-18)
(-0.0713994 -0.152806 5.35018e-18)
(0.095971 0.093777 -5.39324e-18)
(0.0143025 -0.183679 -2.12278e-17)
(0.0952066 0.049046 0)
(-0.275912 0.138886 1.13177e-17)
(-0.0900053 -0.13725 -5.38618e-18)
(0.118262 -0.140574 -5.30735e-18)
(0.0630916 0.115047 0)
(0.0960539 0.101088 0)
(-0.0544919 0.081717 -2.12319e-17)
(0.0996279 0.131351 -2.16407e-17)
(0.0239255 -0.18218 4.31234e-21)
(-0.0475693 -0.107162 2.37601e-17)
(0.0997718 0.121059 0)
(0.0372752 -0.0677401 -2.2842e-17)
(-0.0155077 -0.0910325 3.01112e-18)
(-0.00164355 -0.142006 -5.43899e-18)
(-0.0219024 -0.110914 -2.21261e-17)
(0.00445236 -0.00387605 3.08325e-17)
(-0.0217141 0.000859688 1.05603e-17)
(0.0654228 0.107705 -2.70899e-17)
(-0.0719054 -0.116823 0)
(0.0755924 0.0799143 -2.12216e-17)
(0.0188304 -0.113073 0)
(0.0985014 0.110842 2.16317e-17)
(-0.0069619 0.0638053 9.70199e-18)
(-0.0704098 -0.136509 -2.15516e-17)
(0.0985127 0.085567 2.16071e-17)
(-0.0338322 -0.168391 -1.60416e-17)
(0.0777383 0.0825661 1.5949e-17)
(0.032505 -0.086742 -2.26897e-17)
(0.00131222 -0.174728 0)
(0.102077 0.0857883 0)
(-0.0344278 -0.0976359 2.34721e-17)
(0.00846713 -0.166174 2.14711e-17)
(0.0625052 -0.0448717 0)
(0.0923911 0.000198753 -2.62973e-17)
(-0.049694 -0.147731 0)
(0.007006 -0.158329 -3.77446e-17)
(0.0376323 -0.0465197 0)
(-0.022313 -0.132253 5.4744e-18)
(-0.0425299 -0.119536 0)
(-0.100467 -0.0771185 0)
(0.0164884 0.0423099 0)
(0.042834 0.0345998 2.1181e-17)
(0.11194 -0.0106897 0)
(-0.0107067 -0.112734 2.20408e-17)
(0.0814277 0.144636 0)
(0.0407099 -0.184888 0)
(-0.00238572 -0.168288 0)
(0.0164409 -0.179604 -2.93775e-21)
(0.0894619 0.0956997 -2.14738e-17)
(0.0240716 -0.16897 2.65979e-17)
(-0.106057 -0.189287 -1.8261e-17)
(0.023559 -0.104301 0)
(0.0768051 0.149638 -5.76547e-18)
(0.136701 -0.164861 2.09634e-17)
(-0.0246073 0.0685043 2.21703e-17)
(-0.0931327 -0.185661 -1.85287e-17)
(-0.0831605 -0.11542 5.67149e-18)
(0.0121994 0.0355876 -2.1249e-17)
(0.0931962 0.111451 0)
(0.0310783 -0.150954 0)
(-0.0327253 0.049353 0)
(-0.00280113 -0.104022 2.2097e-17)
(-0.0258635 0.0643498 0)
(0.0388429 -0.185434 0)
(0.0125449 0.0297021 0)
(0.0922106 0.092568 5.37455e-18)
(0.0876237 0.0871632 1.58898e-17)
(0.0540513 0.131731 -1.24718e-22)
(0.0305775 -0.129176 5.36264e-18)
(-0.0164516 -0.160833 -2.15458e-17)
(0.0249165 -0.0978682 -5.51841e-18)
(0.14219 -0.159362 0)
(0.0596807 0.112014 -2.22329e-17)
(0.126633 -0.169542 -2.61714e-17)
(-0.0274637 -0.142197 -5.42641e-18)
(0.0792297 0.138835 0)
(0.0483736 -0.185743 0)
(0.0886008 0.100101 5.52518e-22)
(0.0929737 0.0176493 0)
(-0.0139832 -0.176977 -5.32801e-18)
(-0.196432 0.169386 1.98914e-17)
(0.0483325 0.0465435 -2.12349e-17)
(0.0860681 0.0870304 -2.12035e-17)
(0.0811152 0.12888 0)
(0.0207589 -0.170999 0)
(0.062552 -0.186328 -2.1109e-17)
(0.0514095 -0.180604 2.11253e-17)
(0.101536 0.0708368 0)
(0.0704973 0.147841 0)
(0.0866996 0.0683991 0)
(0.0237481 -0.182896 -2.12391e-17)
(0.0205217 -0.0747209 4.51291e-17)
(0.151493 -0.154319 5.22608e-18)
(0.0670253 0.101401 -2.68553e-17)
(0.0679555 0.0746233 -5.3045e-18)
(0.00534862 -0.122841 -2.18585e-17)
(0.0846319 0.124465 2.17024e-17)
(0.0387681 0.0387166 -2.66392e-17)
(-0.025547 0.0328911 0)
(0.083222 0.0857222 0)
(0.00979213 0.0178879 0)
(0.161288 -0.145151 5.22299e-18)
(0.118087 -0.173409 5.2588e-18)
(0.0779006 0.0823338 0)
(0.0111925 -0.130151 0)
(0.167681 -0.13096 -2.08951e-17)
(0.0823831 0.119651 0)
(0.111073 -0.0331822 0)
(0.107551 -0.177558 -1.5805e-17)
(0.0731501 -0.184388 2.10974e-17)
(0.0873542 0.0648317 2.11814e-17)
(0.152608 -0.1517 -5.22385e-18)
(-0.0446886 0.00855107 5.36511e-18)
(0.0670106 -0.181972 0)
(0.0893203 -0.182073 2.11034e-17)
(-0.188121 0.087911 -1.33585e-17)
(0.130297 -0.0487364 0)
(0.0257607 -0.176952 1.60086e-17)
(-0.0481948 -0.153766 2.14922e-17)
(0.128125 0.0691149 2.63415e-17)
(-0.0404514 -0.142337 0)
(0.0192417 0.0405054 -1.55235e-21)
(0.0858904 -0.183358 0)
(0.0621884 0.0692563 -6.93711e-18)
(0.159644 -0.138441 1.56758e-17)
(0.172479 -0.127173 -1.56781e-17)
(0.0369491 -0.150047 2.14194e-17)
(0.0097865 -0.00147073 9.17332e-18)
(0.00320567 0.0132449 0)
(0.174446 -0.128818 0)
(-0.149996 0.135661 1.82771e-17)
(0.119097 -0.153564 0)
(0.0454395 0.0520797 2.66238e-17)
(0.0777791 -0.176076 0)
(0.114867 -0.169294 0)
(0.17303 -0.133826 -2.61182e-17)
(0.103084 0.0749129 2.11122e-17)
(0.0790065 0.0840258 0)
(0.106873 0.0720099 -1.58782e-21)
(0.0619311 0.0629233 2.11894e-17)
(0.118112 0.0650667 -5.27309e-18)
(0.204607 -0.0563757 -2.09345e-17)
(0.110658 0.0562614 -5.27126e-18)
(0.135336 -0.161186 5.23124e-18)
(0.123943 0.0612642 -4.21579e-17)
(0.140668 -0.146474 2.61602e-17)
(0.0943866 0.0718397 0)
(0.102218 -0.169815 0)
(0.123199 0.0728128 0)
(-0.00146327 0.0309593 0)
(0.137264 -0.147347 -5.234e-18)
(0.127674 -0.145265 -5.23973e-18)
(0.138318 -0.157216 5.23275e-18)
(0.199107 -0.0544897 -2.09565e-17)
(0.086648 0.0650237 -2.11929e-17)
(0.0579031 0.118036 4.27503e-17)
(0.124641 -0.16272 -5.23824e-18)
(0.0919855 -0.176366 0)
(0.14196 -0.126606 5.28036e-18)
(0.145877 -0.143656 0)
(0.14001 -0.131585 -2.09747e-17)
(0.0326418 -0.124621 1.60485e-17)
(0.144673 -0.154655 5.23105e-18)
(0.061522 0.0668221 5.30333e-18)
(0.20546 -0.0412426 2.09528e-17)
(0.146966 -0.127504 -5.23929e-18)
(0.135596 -0.113136 -3.67244e-17)
(0.172012 -0.111798 -1.56939e-17)
(0.146146 -0.095267 1.58254e-17)
(-0.0161236 0.0264978 -1.0225e-17)
(0.0429173 -0.173788 -2.65495e-17)
(0.0833527 0.0844748 0)
(0.149755 -0.118421 -5.23196e-18)
(0.0852791 0.0545182 5.28882e-18)
(0.15561 -0.115461 -5.23614e-18)
(0.149217 -0.138742 -1.56912e-17)
(0.0244309 0.0427196 -2.11207e-17)
(0.0250921 0.0407599 0)
(0.0648409 0.0713826 0)
(0.0623429 -0.176685 -5.31301e-18)
(0.205125 -0.0324267 -4.71915e-17)
(0.06809 0.0631487 -2.11756e-17)
(0.163073 -0.120885 5.22686e-18)
(0.172358 0.0366196 -5.25219e-18)
(0.176286 -0.0549219 -2.09939e-17)
(0.164486 -0.126749 5.23031e-18)
(-0.121762 0.0598634 -2.98408e-19)
(-0.00371919 0.0328938 0)
(0.178259 -0.120518 1.56754e-17)
(0.172794 0.0424737 2.62567e-17)
(0.174195 -0.0278534 0)
(0.140294 -0.108805 2.09817e-17)
(-0.042131 0.0190395 1.0709e-17)
(0.19678 -0.0348261 2.62234e-17)
(-0.0961156 0.0528106 0)
(0.173496 -0.0382773 1.57554e-17)
(0.0631627 0.0476124 -2.12199e-17)
(0.18309 -0.0329639 -5.25724e-18)
(0.192113 -0.0604673 1.65155e-22)
(0.0534547 0.050996 -1.59193e-17)
(0.0741377 0.076797 1.59847e-17)
(0.169692 -0.0483812 -2.62433e-17)
(0.134785 0.0614307 -5.26869e-18)
(0.159635 -0.109535 -5.23664e-18)
(0.0351288 0.0411934 0)
(0.174548 0.030221 2.10049e-17)
(0.195757 -0.0478258 0)
(0.19589 -0.0849077 1.56842e-17)
(-0.105788 0.0517212 1.89744e-17)
(-0.104299 0.0448083 0)
(0.151887 -0.0149346 -2.1081e-17)
(0.162584 -0.0510969 0)
(0.125713 -0.121565 4.21638e-17)
(0.201128 -0.0408919 0)
(-0.135886 0.0593005 -2.02868e-17)
(0.17036 -0.092824 2.61761e-17)
(0.151414 -0.0336111 -1.58853e-17)
(0.181174 -0.0441918 -3.44507e-22)
(0.18711 -0.0791404 5.23551e-18)
(0.145756 0.0132721 -2.63007e-17)
(0.152722 -0.0250213 2.12024e-17)
(0.0712009 0.0612628 2.11776e-17)
(-0.0278997 0.0214907 -1.18098e-17)
(-0.0149952 0.00734592 2.00922e-17)
(-0.00722788 -0.00493656 1.33263e-18)
(-0.0301545 0.0394298 2.52112e-18)
(0.00378991 0.0165264 -4.57744e-22)
(-0.0250901 0.00845276 -4.31968e-17)
(-0.0184278 -0.0115283 0)
(-0.0178713 0.000374939 -1.87384e-17)
(-0.00880634 -0.00115454 -3.1358e-17)
(-0.05267 0.0360129 -5.53346e-17)
(-0.009329 -0.00284057 -2.12863e-17)
(-0.0149191 0.00732895 0)
(-0.0320231 0.0233277 3.10358e-17)
(-0.00244734 -0.00241697 2.14142e-17)
(-0.0272273 0.0156053 2.31527e-17)
(-0.0128636 0.00138278 0)
(0.162425 -0.094435 1.57242e-17)
(-0.0118607 -0.00511865 -3.30328e-17)
(-0.0276105 0.0106088 0)
(0.168303 -0.0642362 -5.24848e-18)
(-0.265199 0.11816 0)
(0.146716 -0.0416899 -1.57948e-17)
(0.185577 -0.0719674 5.23616e-18)
(-0.0828578 0.0471619 0)
(-0.179083 -0.075984 0)
(0.144029 -0.0961527 5.24693e-18)
(0.167228 0.0242941 -2.10234e-17)
(0.0787273 0.0564784 -5.29035e-18)
(0.205428 -0.0478801 1.57152e-17)
(0.138755 0.0173493 -3.68916e-17)
(0.162967 -0.100557 5.27124e-18)
(0.105738 0.0347343 -1.5697e-17)
(0.091296 0.0596758 0)
(-0.0495307 0.0402452 -2.72377e-21)
(0.203924 -0.063509 2.61666e-17)
(0.0966726 -0.180019 -5.25669e-18)
(0.0726567 0.0458055 2.07626e-21)
(0.133366 0.0204872 -1.56957e-17)
(0.116288 -0.101405 -5.31421e-18)
(0.118014 0.052571 4.21832e-17)
(-0.16157 -0.0963395 1.9126e-17)
(0.131996 0.0534435 4.7422e-17)
(0.13466 0.0313793 -2.61929e-17)
(0.201541 -0.0712015 -1.56907e-17)
(0.162782 -0.0575061 2.62433e-17)
(0.0382963 0.0472803 -4.25774e-17)
(-0.0398819 0.0354294 2.12504e-17)
(0.153122 -0.146997 -2.61413e-17)
(0.136833 -0.0360879 2.1122e-17)
(0.14034 -0.0286574 -4.46157e-22)
(0.0901229 0.0716961 0)
(-0.0289296 0.0345852 3.59731e-17)
(0.154269 0.0235624 1.57842e-17)
(0.140642 -0.021036 2.14539e-17)
(0.0464531 0.039925 4.18472e-17)
(0.180533 -0.0569806 2.10026e-17)
(0.187119 0.00815105 5.24975e-18)
(0.182522 -0.076247 -1.57354e-17)
(0.145054 -0.0902664 -2.09896e-17)
(0.177412 -0.0385634 5.25623e-18)
(0.174059 -0.0215429 0)
(0.171014 -0.00602452 -5.25962e-18)
(0.182629 -0.0954252 -5.23363e-18)
(-0.0253611 0.0341907 -2.12551e-17)
(0.111284 -0.104729 4.21086e-17)
(-0.132723 -0.127249 -1.94253e-17)
(0.168679 0.00800465 -1.57703e-17)
(0.102197 0.0472707 -2.11106e-17)
(0.167092 0.0207329 -1.57551e-17)
(-0.253165 0.0230938 5.19921e-18)
(0.034305 0.0358483 1.54081e-17)
(0.0481679 0.0517279 2.12301e-17)
(-0.259568 0.0580726 1.02138e-17)
(-0.257685 0.0876758 0)
(-0.19935 -0.060013 -1.11419e-17)
(-0.106489 -0.129531 -3.57351e-17)
(-0.103366 0.100099 4.24879e-17)
(-0.2189 -0.0349002 4.84419e-18)
(0.175791 -0.0814489 -2.09501e-17)
(0.152469 -0.064552 5.2513e-18)
(-0.169849 0.136981 0)
(-0.241276 -0.00716624 -4.29476e-17)
(-0.147411 -0.11789 0)
(0.165946 0.0323183 -2.62587e-17)
(-0.022334 0.0291903 2.12781e-17)
(0.130072 -0.0428642 2.1061e-17)
(0.170659 -0.113027 -2.09027e-17)
(0.023746 0.0262256 2.64466e-17)
(-0.0180751 0.0279731 -2.12789e-17)
(0.188721 -0.0689225 0)
(0.000472409 0.0138608 -4.26078e-17)
(0.0588613 0.0397456 -2.54636e-17)
(0.188875 -0.0877522 2.6197e-17)
(0.124618 0.0156914 2.11048e-17)
(0.186835 -0.0501639 -1.575e-17)
(0.183993 -0.0323016 0)
(0.180903 -0.0158196 5.26081e-18)
(0.185617 0.000789804 -1.04973e-17)
(0.181429 -0.121423 -5.22274e-18)
(0.191644 0.0121736 1.57346e-17)
(0.178038 -0.000778918 0)
(0.104816 -0.0152244 2.3274e-17)
(0.139065 -0.0489776 -2.63251e-17)
(0.175542 0.0128291 4.72626e-17)
(0.109132 -0.0286474 0)
(0.0826553 -0.0315287 1.05369e-17)
(0.15687 -0.071275 0)
(0.200232 -0.0786293 5.22979e-18)
(0.107932 -0.0503293 -2.63533e-17)
(-0.0517224 0.0187422 -1.83064e-17)
(0.165486 -0.14044 1.56718e-17)
(0.102021 -0.0337041 0)
(0.129291 -0.0538666 -2.77597e-17)
(0.0886713 0.0632151 2.11834e-17)
(0.162651 -0.0879293 -5.24119e-18)
(0.115084 -0.0181318 -2.31033e-17)
(0.180353 0.0343986 -2.09882e-17)
(-0.183817 0.127478 -5.27079e-18)
(0.173348 0.0251224 0)
(0.122729 -0.0925767 0)
(0.195684 -0.0880644 -5.22952e-18)
(0.187263 -0.0965754 0)
(0.175363 -0.10514 2.61585e-17)
(0.0967122 -0.0622239 0)
(0.195661 -0.0962344 5.22775e-18)
(0.140185 0.0513282 0)
(0.198082 -0.0535249 1.57169e-17)
(0.0382162 0.010247 0)
(0.176486 -0.0884852 2.09501e-17)
(0.146116 0.0359312 5.25417e-18)
(0.166961 0.0180107 3.67866e-17)
(0.193938 -0.0923863 -2.61423e-17)
(0.180084 -0.113384 0)
(0.111534 0.0434547 0)
(0.0924027 -0.000212397 2.07219e-17)
(0.121371 -0.0480793 3.25364e-17)
(0.0918873 -0.0286565 0)
(0.123925 -0.0740458 0)
(0.145264 0.0250638 3.6719e-17)
(0.192361 -0.00540434 2.09846e-17)
(0.115063 0.00346219 -5.36589e-18)
(0.124926 0.0783901 0)
(0.137448 0.0123842 2.10779e-17)
(0.172172 -0.00193516 1.05148e-17)
(0.142292 0.0674094 -5.26032e-18)
(0.0981093 0.0251872 0)
(0.094042 0.038302 5.25988e-18)
(0.0893487 0.0025939 -9.48952e-18)
(0.142169 0.0601264 0)
(0.147523 0.0459813 0)
(0.177406 0.0103271 -1.05012e-17)
(0.186595 -0.105666 5.22613e-18)
(0.184072 0.0221789 -1.04943e-17)
(-0.00431471 0.0175897 5.32971e-18)
(0.0936204 -0.0374777 1.05107e-17)
(0.0142486 0.0132094 9.97716e-18)
(0.164576 0.0427865 0)
(0.170994 0.0361428 1.05006e-17)
(0.182027 0.029293 -1.36368e-21)
(0.152184 0.0128883 5.26443e-18)
(0.103846 0.0603226 0)
(0.181662 0.0318442 5.24635e-17)
(0.141971 -0.0755325 2.62757e-17)
(0.148323 0.0550926 -5.26034e-18)
(0.0975422 0.00189668 -1.57311e-17)
(0.137266 0.0416356 0)
(0.121747 -0.0692152 -2.73234e-17)
(0.113164 -0.05577 3.71632e-17)
(0.191001 -0.10387 -5.2256e-18)
(0.138179 -0.0688034 5.25547e-18)
(0.100144 -0.0792754 2.24404e-17)
(0.178323 0.0172657 -3.151e-17)
(0.109358 0.0816745 0)
(0.110694 0.0847588 -2.63924e-17)
(0.117643 0.00741441 0)
(0.197862 -0.07096 -2.09357e-17)
(0.162224 0.0518582 4.72741e-17)
(0.092502 0.0660155 -1.72508e-21)
(0.0188537 -0.00238868 2.13111e-17)
(0.200143 -0.00386679 2.62216e-17)
(-0.0648908 0.0406874 0)
(0.199909 -0.080456 -5.23069e-18)
(0.201753 -0.0636248 1.57002e-17)
(0.0734355 0.0781448 0)
(0.099967 0.0110668 5.56836e-18)
(0.147122 0.0621174 2.10489e-17)
(0.183373 -0.117295 -1.56721e-17)
(-0.175154 0.139546 0)
(0.185943 0.0208062 0)
(0.176115 0.0412102 0)
(0.0925667 0.0528969 0)
(0.18856 -0.109952 2.08984e-17)
(0.0660252 0.0982257 2.67959e-17)
(0.0485424 -0.0282604 -2.1332e-17)
(0.147674 0.0628268 -5.25963e-18)
(0.133369 0.0395113 -2.10834e-17)
(0.194543 -0.0675151 1.57119e-17)
(0.108321 0.0110008 0)
(-0.12394 0.0791838 5.25517e-18)
(0.100438 0.0458068 4.75799e-17)
(0.129511 0.0752087 0)
(0.186264 0.0243905 -2.62303e-17)
(0.098083 0.0519618 -5.28724e-18)
(0.13656 0.0508828 -1.5807e-17)
(0.112948 0.0790432 0)
(0.159288 0.000176243 -9.73012e-22)
(0.168784 0.048549 -4.20133e-17)
(0.128255 0.00358643 -5.36939e-18)
(0.0664607 -0.0244928 0)
(0.0908354 0.0605026 0)
(0.0979525 -0.0683665 -1.74195e-17)
(0.0443138 -0.0363241 1.08327e-23)
(0.167841 0.0457785 -2.10087e-17)
(0.189676 0.0198754 -1.57363e-17)
(0.144695 0.0685268 -2.10451e-17)
(0.124025 -0.0878566 0)
(0.0924766 0.00521263 2.47327e-17)
(0.163455 0.00634906 1.06208e-17)
(0.139661 0.0724104 -1.47868e-21)
(0.106861 0.00783416 -5.37949e-18)
(0.0315004 0.0468706 0)
(-0.130995 0.0968648 -3.66346e-17)
(-0.123474 0.0771199 -4.2433e-17)
(0.0987669 0.0281641 0)
(0.118397 0.0383273 2.11153e-17)
(0.151689 0.0639118 2.10311e-17)
(0.158094 -0.132375 0)
(0.102293 0.0539392 -2.11365e-17)
(-0.034652 0.025702 -2.12335e-17)
(-0.0640073 0.0453479 2.17995e-17)
(0.114611 0.0831266 1.58318e-17)
(0.103691 0.0312886 0)
(-0.0258076 -0.00802515 -2.0976e-17)
(0.146831 0.0550737 -2.10468e-17)
(0.149256 0.00725252 5.36395e-18)
(0.0227878 -0.0115036 0)
(0.127242 0.078457 0)
(0.0972535 0.0634416 -1.58467e-17)
(-0.022746 0.0168712 2.12356e-17)
(0.129802 0.0424966 -5.2714e-18)
(0.109769 0.0315015 0)
(-0.0343347 -0.00109786 0)
(0.201705 -0.0466432 -3.66751e-17)
(0.194786 -0.00028668 -5.2455e-18)
(0.097857 -0.0828256 5.64927e-18)
(0.158168 0.059099 2.62756e-17)
(0.195646 0.0087306 1.57326e-17)
(0.197488 0.000553492 -3.67097e-17)
(0.14221 0.0655531 -2.63136e-17)
(0.133554 0.074193 -2.10645e-17)
(0.122516 0.0806365 2.63585e-17)
(0.138641 0.0713882 4.73896e-17)
(0.1894 0.00835011 1.57373e-17)
(0.190968 0.0127595 -1.57341e-17)
(0.10008 0.0430948 -5.38218e-18)
(0.184629 -0.103809 0)
(0.156526 0.0593313 -4.20587e-17)
(0.197898 -0.0146379 -2.09883e-17)
(0.103253 0.0238856 -2.11408e-17)
(-0.0801033 0.0563832 2.11221e-17)
(0.163243 0.0536733 -2.10148e-17)
(0.0840286 0.0738625 0)
(0.103738 0.0780558 0)
(-0.00453416 -0.123273 0)
(0.196931 -0.0364994 2.09796e-17)
(0.0486556 0.0582709 0)
(0.0978337 0.0483946 -1.58589e-17)
(0.122611 0.0314802 0)
(0.0975 0.0506274 0)
(0.0907762 0.0634723 0)
(0.0994125 0.0666422 -5.2875e-18)
(0.112078 0.0291253 0)
(0.161248 -0.141656 2.09051e-17)
(0.194905 -0.0203848 -5.2476e-18)
(0.111347 0.0828163 0)
(0.0897687 0.0651689 -2.67607e-17)
(0.0104249 -0.0202742 -2.13835e-17)
(0.0949272 0.0541215 0)
(0.200266 -0.0301553 5.24553e-18)
(0.0925243 -0.138729 0)
(0.0368086 -0.0845596 1.60534e-17)
(0.0947317 0.057935 0)
(0.0156904 0.0351606 0)
(0.0379318 -0.0447419 -2.13478e-17)
(0.105327 0.0726167 0)
(0.120773 0.0777237 -2.11001e-17)
(0.0990012 0.0607686 5.28583e-18)
(-0.0746361 0.0463491 0)
(0.193808 -0.00253952 1.57466e-17)
(0.111064 0.0662743 5.27896e-18)
(-0.0181702 0.00894575 0)
(0.0917664 0.0638776 -1.4373e-17)
(0.200855 -0.0273726 -2.62499e-17)
(0.000190679 -0.0066749 -6.54697e-22)
(0.0901709 0.0868475 -2.11716e-17)
(0.0204927 0.0367674 2.13245e-17)
(0.115624 0.0784807 -2.11035e-17)
(0.12444 0.0197114 0)
(0.0440548 0.0549362 -1.59474e-17)
(0.0989561 0.0773872 0)
(0.182182 -0.0218426 -2.10549e-17)
(0.123652 0.0719139 0)
(0.145918 0.0433747 5.26505e-18)
(0.0913418 0.0868752 5.29379e-18)
(0.129563 0.0634439 0)
(0.102327 0.0854217 5.28455e-18)
(0.0988066 0.045532 1.84737e-17)
(0.110645 0.0728892 1.58429e-17)
(0.110938 0.0866928 0)
(0.153792 0.0290085 -1.57869e-17)
(-0.0434922 0.0222423 0)
(0.0965146 0.0539232 0)
(0.0981422 0.048925 -1.90305e-17)
(0.106835 0.0830357 0)
(-0.0259874 0.0085772 0)
(0.099936 0.0134268 -5.51732e-18)
(0.0787294 -0.103674 2.65508e-17)
(0.0984473 0.0857172 -2.11535e-17)
(0.15915 0.053354 -2.10235e-17)
(-0.0844875 -0.0968136 2.20555e-17)
(0.00802781 0.0239449 2.16339e-17)
(0.0916324 0.0857084 0)
(0.116586 0.0660138 -5.27901e-18)
(0.0927594 0.0584786 0)
(0.0382299 -0.0518899 -1.09993e-17)
(0.10206 0.0858789 7.39585e-22)
(0.0969089 0.0800585 0)
(0.150794 -0.0167118 -2.68036e-17)
(0.0946986 0.0554392 0)
(0.0541609 0.0618639 -5.31062e-18)
(0.0170311 0.0274381 1.69286e-17)
(0.0392804 -0.0560341 2.13288e-17)
(0.0939226 0.0871709 2.11653e-17)
(0.148845 0.0390518 1.5793e-17)
(0.0927195 0.0613348 -8.85103e-18)
(0.163124 0.0482029 4.20445e-17)
(0.0995488 0.0867117 2.11457e-17)
(0.0563907 0.0648274 -5.31131e-18)
(0.0720535 0.0755993 0)
(0.0853139 0.0789016 0)
(0.06324 0.0980218 2.14091e-17)
(0.151005 0.0511053 1.57845e-17)
(0.172085 -0.0177389 2.67682e-17)
(0.0632179 -0.0834578 -5.26869e-18)
(0.129062 0.0705271 0)
(0.0464457 -0.0679521 0)
(0.203312 -0.0176536 0)
(-0.1195 0.0860098 -2.10875e-17)
(0.0662071 0.070899 0)
(0.0618957 0.102884 -2.17607e-17)
(-0.117064 0.0920102 3.70893e-17)
(0.0483306 0.0549752 4.24195e-17)
(0.104074 0.0467379 -2.11397e-17)
(0.195392 -0.0220778 0)
(0.108109 0.0453585 -2.11402e-17)
(0.160343 0.0414245 0)
(0.0825023 0.0809501 0)
(0.0858393 0.075617 0)
(0.0773634 0.0745008 1.60331e-17)
(0.0918528 0.102942 0)
(-0.0642735 -0.130236 0)
(0.139823 0.0268273 0)
(0.0815069 0.0754493 0)
(0.0583089 -0.182832 -5.30954e-18)
(0.0863777 0.0941113 0)
(0.204425 -0.0264364 2.62235e-17)
(0.0909226 0.0837036 -5.29697e-18)
(0.090139 0.107503 0)
(0.114671 0.040306 -2.11195e-17)
(0.162815 0.0359513 -5.25732e-18)
(0.0371073 -0.0614406 5.49274e-18)
(0.0947181 0.0667417 0)
(0.0835301 0.0739637 -2.06026e-17)
(0.0863126 0.0848706 -2.12472e-17)
(0.112551 0.0183531 5.38489e-18)
(0.0794625 0.0738583 -1.5978e-17)
(0.102705 0.0334045 2.6943e-17)
(0.06926 -0.0993734 -2.11669e-17)
(0.0877534 0.082875 0)
(0.0061961 -0.0283269 0)
(-0.0579181 0.0369189 0)
(0.0621061 0.104828 0)
(0.07391 0.076895 -1.60081e-17)
(0.0816243 0.0867772 -5.32927e-18)
(0.0839638 0.0842984 2.12633e-17)
(-0.269795 0.203511 1.2361e-17)
(0.10701 0.0376167 -5.33213e-18)
(0.0316372 -0.0448426 2.21646e-17)
(0.068256 0.0676195 0)
(0.0739283 0.0808851 -1.69445e-17)
(0.120445 0.0576185 5.27829e-18)
(0.201748 -0.0124055 0)
(0.0968992 0.0815713 -2.1175e-17)
(0.115114 0.0584791 5.278e-18)
(0.0822418 0.0975874 -2.68243e-17)
(0.0795075 -0.118672 0)
(0.083284 0.0855679 -4.26016e-17)
(0.0635222 0.0962295 0)
(0.0789404 0.0854165 0)
(0.0236842 -0.087403 5.50826e-18)
(0.0785891 0.0882593 0)
(0.0710611 0.0799133 -1.60476e-17)
(0.0757739 0.0762751 -5.33571e-18)
(0.0511375 -0.0835143 -2.66595e-17)
(0.138341 0.0312078 5.27003e-18)
(0.124864 0.0282974 0)
(0.0787226 -0.182151 -4.23223e-17)
(0.00371622 0.0136847 5.20698e-18)
(0.116517 0.0496043 1.58378e-17)
(0.013044 -0.0419865 -1.60276e-17)
(0.0895013 0.0758685 -2.12209e-17)
(0.0299447 0.0454413 0)
(0.198423 -0.0144528 2.10029e-17)
(0.0928744 0.08071 4.76559e-17)
(-0.0638204 -0.0060694 -2.77015e-17)
(0.106953 0.0530326 2.11383e-17)
(0.0378334 -0.136558 -2.14118e-17)
(0.0705684 0.0856382 -1.91356e-17)
(0.0723191 0.078894 -5.34988e-18)
(0.121246 0.0481531 -2.11114e-17)
(0.0862052 0.0714644 0)
(0.0739468 0.0589618 0)
(0.125788 -0.121974 -5.29746e-18)
(-0.00671079 -0.0942613 0)
(0.0682316 0.0701951 2.65155e-17)
(0.178703 -0.0114444 0)
(0.0947772 0.0823261 0)
(0.0762176 0.0782736 2.66301e-17)
(0.077257 0.0864514 0)
(0.191689 -0.0101341 -2.10027e-17)
(0.0816147 0.0854896 2.60125e-23)
(0.0829572 0.0787039 -2.11768e-17)
(-0.116009 0.0589535 2.11683e-17)
(-0.0157331 -0.152068 5.40889e-18)
(0.0470584 -0.00518952 1.93353e-17)
(0.167118 -0.00827381 -2.6091e-17)
(-0.0695077 0.0574503 0)
(0.0214764 -0.117706 0)
(0.0140234 -0.177455 4.53219e-21)
(0.104013 0.0395866 0)
(0.0286492 -0.16597 -5.35263e-18)
(0.103678 0.0214961 2.10594e-17)
(0.064296 0.100312 -1.60129e-17)
(0.0729735 0.085243 1.89323e-17)
(0.0301652 -0.0871882 -2.18519e-17)
(0.0669412 0.0875631 0)
(0.111585 0.0217253 0)
(0.10111 0.040379 -5.38284e-18)
(0.0690901 0.0835965 0)
(0.0836433 0.086983 -2.14221e-17)
(0.00820496 -0.13969 -5.42432e-18)
(-0.0231773 -0.014233 1.60219e-17)
(0.0573022 -0.139839 5.329e-18)
(0.0696575 0.0823042 0)
(-0.019431 0.0145806 -2.71336e-17)
(0.0818087 0.0863533 0)
(-0.00418718 0.0248498 5.34441e-18)
(0.0769753 0.0899944 2.14055e-17)
(0.0474966 -0.103749 0)
(0.0835291 0.08645 0)
(0.0763959 0.0892566 9.83643e-18)
(0.0472747 0.0562823 -2.12194e-17)
(0.0690892 -0.112871 2.6608e-17)
(0.0805985 0.0869738 0)
(-0.0237015 -0.0392439 -2.14101e-17)
(0.0816605 0.0878011 2.13401e-17)
(0.0828732 0.0867696 2.12727e-17)
(0.0608789 0.107862 4.8562e-18)
(0.064948 0.0988663 -4.91664e-18)
(0.0675596 0.0863133 -2.26648e-17)
(0.075562 -0.129705 1.60399e-17)
(0.0610239 0.104221 -4.80399e-18)
(0.080655 0.0892483 -2.13659e-17)
(0.0655657 0.0906825 -2.20497e-17)
(-0.00586118 -0.00344716 -2.32456e-17)
(0.0836355 0.0945528 2.67941e-17)
(0.0161945 -0.154471 2.15284e-17)
(0.0301157 -0.10371 -2.19547e-17)
(0.0422651 -0.158534 5.34357e-18)
(0.066487 0.0932926 2.06141e-17)
(0.0650519 0.0919438 -2.14015e-17)
(0.0233225 -0.0909405 -1.68989e-17)
(0.0816501 0.0857625 0)
(0.0605412 0.110116 0)
(0.0824326 0.0904342 -2.13904e-17)
(0.0568959 -0.128334 -5.34035e-18)
(0.0480774 -0.155079 -5.33677e-18)
(0.0673577 -0.136772 2.14211e-17)
(0.0731618 0.0993735 -2.15218e-17)
(0.10446 -0.151253 0)
(0.0354029 -0.0191994 1.09009e-17)
(0.06843 0.0953618 -2.14644e-17)
(0.0558193 -0.162396 -1.58561e-21)
(0.0228862 -0.140159 0)
(0.0674772 0.0925659 2.14277e-17)
(0.0173514 -0.0588937 -1.23961e-18)
(0.0813429 0.0927133 -5.35723e-18)
(0.0646097 -0.122625 0)
(0.100087 -0.0747106 5.30577e-18)
(-0.110355 -0.102991 2.30136e-17)
(-0.0702113 -0.00126966 -2.14502e-17)
(0.0381702 -0.16709 5.346e-18)
(0.0253174 -0.107692 0)
(0.0271706 -0.0979299 -5.46817e-18)
(0.0696834 -0.022751 0)
(0.062586 0.0408456 0)
(0.0263128 -0.0937106 0)
(0.0779421 0.0799244 2.91178e-17)
(0.04022 -0.107324 0)
(0.0855348 -0.101609 0)
(0.09997 0.0354056 -1.84774e-17)
(0.0477938 0.13373 -4.34262e-22)
(0.0607853 -0.156395 0)
(0.0230142 -0.130354 -2.15755e-17)
(-0.0513113 -0.130573 0)
(0.071613 0.0962233 -2.14854e-17)
(0.0941413 0.0714294 -2.16011e-17)
(0.0159727 -0.145382 5.4019e-18)
(0.0462657 -0.182955 5.31215e-18)
(0.0188038 -0.127176 0)
(0.0306624 -0.0945077 -5.54708e-18)
(0.0252116 -0.158032 0)
(-0.0744674 -0.0415685 0)
(0.0101912 -0.152117 -9.99513e-18)
(0.0478958 -0.130617 -5.35188e-18)
(0.0788821 0.0971722 1.61053e-17)
(0.0638402 0.025902 -2.15509e-17)
(0.074335 0.161671 -2.22491e-17)
(0.107368 0.160205 8.28262e-19)
(-0.0033558 -0.0719327 0)
(0.0998672 0.0383721 4.55927e-18)
(0.0283938 -0.14139 0)
(-0.262205 0.218496 1.44219e-17)
(-0.05632 -0.00782216 4.49523e-17)
(0.0394774 -0.12983 2.14391e-17)
(0.0573912 0.121845 -2.27735e-17)
(0.0738224 0.0785859 2.66915e-17)
(0.0768478 0.100149 5.37527e-18)
(0.0708544 0.113177 0)
(0.0468492 -0.140069 2.68479e-17)
(0.0335838 -0.108025 -1.65897e-17)
(0.0721117 0.0819609 -2.69793e-17)
(0.0788673 0.103398 -5.3827e-18)
(0.0282389 -0.0607143 0)
(0.0786947 0.0921121 4.28843e-17)
(-0.142291 0.0154352 2.13063e-17)
(0.0801127 -0.157439 2.1176e-17)
(0.0817913 0.0857215 5.33172e-18)
(0.0393849 -0.0710657 0)
(-0.00627796 -0.170447 2.13336e-17)
(0.0688339 0.0877372 0)
(0.076456 0.106778 -5.38627e-18)
(0.0733346 0.137484 0)
(-0.116197 -0.0159136 0)
(0.078411 0.110665 -1.62222e-17)
(0.0829662 0.0332181 -2.69992e-17)
(0.104328 0.0685841 7.43921e-19)
(0.000495753 -0.068098 2.1505e-17)
(0.0723237 0.0678121 -2.14136e-17)
(-0.111969 0.00185153 -2.20986e-17)
(0.0738016 0.0936865 -1.64926e-22)
(0.0769412 0.0945317 5.37197e-18)
(0.0823183 0.0829008 2.14313e-17)
(0.0743097 0.0889665 -1.63413e-22)
(0.0688634 0.141625 -2.21786e-17)
(0.0789534 0.0724653 -2.13216e-17)
(0.0789274 -0.0237 0)
(0.0185144 -0.0521337 0)
(0.0763579 0.0445452 5.39695e-18)
(0.0883573 0.0674624 5.4411e-18)
(0.0773251 0.118854 -5.4461e-18)
(0.0812929 0.0696277 0)
(0.0363997 -0.100752 0)
(0.0755178 0.114292 5.42161e-18)
(0.0842832 0.0671242 -2.12376e-17)
(-0.132276 0.0267363 0)
(0.0756278 0.1278 0)
(0.0366242 -0.0910715 0)
(0.0707573 0.102236 2.69176e-17)
(0.118414 -0.124031 -2.08753e-17)
(0.0707637 0.0857064 1.61769e-17)
(0.0537377 -0.172067 -1.59844e-17)
(0.0855045 0.068445 1.55702e-17)
(0.0226998 -0.0672418 -2.29032e-17)
(0.0445165 -0.173432 -5.32844e-18)
(0.0740132 0.0829598 1.37375e-24)
(0.0438687 -0.0197811 -1.91689e-17)
(0.0738742 0.122616 0)
(0.0957053 -0.125498 -1.59659e-17)
(0.0383946 -0.179233 5.31962e-18)
(0.122067 -0.153025 5.25248e-18)
(0.0746717 0.178064 -2.22386e-17)
(0.0659935 0.129798 5.42965e-18)
(-0.0609662 -0.188205 5.88357e-18)
(0.0781039 0.0836554 2.28298e-23)
(0.137203 -0.00473991 0)
(0.134169 0.00865454 1.57189e-17)
(0.0696608 0.0901992 0)
(0.072355 0.0910572 -2.14633e-17)
(-0.0195467 -0.0567018 0)
(0.0680167 -0.184434 0)
(0.0280481 -0.0752973 2.30826e-17)
(0.0716025 0.131737 0)
(0.053198 0.043458 -2.15168e-17)
(0.0702729 -0.162446 -2.1306e-17)
(0.0694461 0.108965 0)
(0.0439816 0.0221471 -2.64912e-17)
(0.0906425 0.0852341 -5.37738e-18)
(0.0823184 0.0786918 1.59777e-17)
(0.0506144 0.0125752 -1.59021e-17)
(-0.0925194 -0.0588807 2.18399e-17)
(0.0846402 0.0800241 2.14623e-17)
(0.0722996 0.105896 -5.40078e-18)
(0.0769536 0.0738055 -1.96633e-22)
(0.0839536 0.0899984 0)
(0.0835261 0.0694429 5.3252e-18)
(0.00983052 -0.20839 -1.35539e-21)
(0.148224 -0.0378622 -5.26906e-18)
(0.14212 -0.0202351 2.10203e-17)
(0.0702844 0.0836514 5.39359e-18)
(0.0833418 0.063481 0)
(0.080442 -0.175866 -2.50965e-21)
(0.0793694 0.0779382 1.60403e-17)
(0.0730524 0.0866811 -2.14147e-17)
(0.0800533 0.0832229 -5.3441e-18)
(0.0133405 -0.0368176 2.62022e-17)
(0.0891482 0.0753373 0)
(-0.0311409 -0.0410775 0)
(0.00534866 -0.0530362 0)
(0.0612594 -0.00126862 5.30858e-18)
(0.0764285 -0.0190846 0)
(0.0708125 0.00984489 2.24607e-17)
(0.0821087 0.0876701 -2.13965e-17)
(0.0118028 0.0360178 2.21609e-17)
(0.159849 -0.0789797 5.25491e-18)
(0.15452 -0.0576965 0)
(-0.0405548 0.0220558 3.9037e-17)
(0.0719007 0.0800656 5.36447e-18)
(0.0754097 0.0797445 2.13607e-17)
(0.0797398 0.0812264 -1.60194e-17)
(0.0871414 0.0865716 -1.61296e-17)
(0.0916777 -0.0409373 0)
(0.0675338 0.116427 0)
(0.0704361 -0.172927 4.78141e-17)
(-0.0209707 -0.0165336 0)
(0.0799 0.0759799 -2.13427e-17)
(0.0713921 -0.0583575 -5.328e-18)
(0.074935 0.0850532 0)
(0.0759488 0.0818173 4.28322e-17)
(0.0247124 -0.109279 0)
(0.0789628 0.0819793 2.66927e-17)
(0.0940676 0.0407636 0)
(0.0865176 0.0902751 0)
(-0.0466914 -0.134366 0)
(0.115041 -0.170527 0)
(-0.190058 0.1364 1.21617e-17)
(0.0511429 0.0305916 0)
(0.0775624 0.0789327 -2.67427e-17)
(0.0624858 -0.0875325 0)
(0.0952573 -0.151672 2.13177e-17)
(0.108843 -0.17653 2.11502e-17)
(0.0686906 0.121085 2.15405e-17)
(-0.0871453 -0.0700191 5.37862e-18)
(-0.0213949 -0.152794 0)
(-0.0268001 -0.210097 3.63868e-17)
(0.0649957 0.124734 -2.70971e-17)
(0.0242451 -0.082797 0)
(0.0825159 0.068981 0)
(0.0801569 0.0733318 -2.13466e-17)
(0.127156 -0.138981 0)
(0.0969492 -0.0541458 2.64985e-17)
(-0.182705 0.110594 -4.02965e-17)
(0.0735037 -0.154191 -2.13296e-17)
(0.0706509 -0.167208 -1.59124e-17)
(0.0325414 0.0930692 1.1673e-17)
(0.0352547 -0.101064 -1.60964e-17)
(-0.06789 -0.0919178 0)
(0.0192999 -0.0258864 0)
(0.102813 -0.140964 -5.30191e-18)
(0.118476 -0.0949962 5.28447e-18)
(0.0107631 -0.152466 -5.33902e-18)
(0.101048 -0.163482 0)
(0.100815 -0.124418 0)
(-0.0161504 -0.137529 2.67307e-17)
(-0.0453805 -0.106068 -2.6872e-17)
(0.125556 -0.168217 -5.25715e-18)
(0.147925 9.34992e-05 5.25242e-18)
(0.0821428 0.0812129 2.66741e-17)
(0.0761092 0.0755054 0)
(0.0829732 0.0725477 1.59976e-17)
(0.0262355 -0.0974225 5.46086e-18)
(0.0286478 0.0210023 2.12166e-17)
(-0.0472619 -0.0573957 0)
(0.077008 0.0630934 1.06995e-17)
(0.0520811 -0.0635077 0)
(0.156942 -0.0319919 -5.25153e-18)
(0.13159 -0.0787 5.26984e-18)
(-0.00578961 -0.068478 4.96299e-17)
(0.0774489 0.0766663 5.34503e-18)
(0.0867255 -0.169905 0)
(0.0812139 0.0717858 1.5998e-17)
(0.0844126 0.0727694 -5.15828e-18)
(0.0513087 -0.00582299 -5.30058e-18)
(0.0836287 0.0707637 5.33709e-18)
(0.0916113 0.140533 0)
(-0.177127 0.0836872 -4.08305e-17)
(-0.0359243 -0.0847156 0)
(0.0838471 -0.158839 0)
(0.112033 -0.10336 2.64608e-17)
(-0.0015335 0.0320231 0)
(0.167289 -0.0717244 -5.23626e-18)
(0.0802966 0.0706872 0)
(0.0806318 0.0775466 0)
(0.0698562 -0.139405 -2.12648e-17)
(0.0770488 0.0814333 -2.98169e-17)
(-0.0565572 -0.0379212 0)
(0.034657 0.0121755 1.66439e-18)
(-0.000576246 -0.105259 0)
(0.0741699 -0.0172128 2.09253e-17)
(0.0945166 -0.134528 0)
(0.0843265 -0.0468815 0)
(0.0208789 -0.0816022 -5.5621e-18)
(0.10044 -0.10815 2.12017e-17)
(-0.0117682 -0.199057 -4.15567e-17)
(0.138693 -0.103105 -2.63201e-17)
(0.0680934 -0.0663178 4.24214e-17)
(0.0526767 0.139962 -2.21535e-17)
(-0.0839043 -0.0107862 2.18405e-17)
(0.0200107 -0.136955 -5.33006e-18)
(0.118535 -0.130753 -2.10891e-17)
(0.0606035 -0.09995 5.32746e-18)
(0.0958153 -0.160249 0)
(0.0505013 -0.132133 2.13127e-17)
(0.111622 -0.163875 5.29499e-18)
(0.0846185 -0.148198 -4.26563e-17)
(0.0980542 -0.17785 0)
(0.0114281 -0.0502297 0)
(0.0972954 -0.171476 0)
(0.0900969 -0.0491962 -2.11428e-17)
(0.00901642 -0.0840104 -5.36437e-18)
(0.099532 -0.0251349 0)
(0.103973 -0.0204488 0)
(0.0537092 -0.16388 -5.30339e-18)
(0.0414031 -0.0452664 3.78108e-17)
(0.112063 -0.15373 -5.27423e-18)
(-0.00836082 -0.0697885 -2.54321e-17)
(0.0846848 -0.0121259 -2.26994e-17)
(0.0165792 -0.0312704 2.05996e-17)
(0.0325684 -0.0146361 1.12723e-17)
(-0.183408 0.115329 2.10599e-17)
(0.042319 -0.146847 5.30208e-18)
(0.105038 -0.0112123 0)
(0.0780784 0.0781375 0)
(0.0491803 0.0533512 6.27395e-18)
(0.0894384 -0.087391 -2.20098e-17)
(0.106458 -0.0676349 -5.29071e-18)
(0.0760322 -0.127054 2.12176e-17)
(0.0895779 -0.0920312 -2.65144e-17)
(0.0403099 -0.0749178 5.46153e-18)
(0.024445 0.139078 0)
(0.0776326 0.167033 2.15789e-17)
(0.0403413 -0.0860163 0)
(0.0534729 0.186079 1.72043e-17)
(0.0550948 -0.00760899 -2.25879e-17)
(0.115456 0.0911651 -1.55197e-17)
(-0.108293 -0.042467 0)
(0.0614536 -0.0558567 2.3491e-17)
(0.0328127 -0.153408 4.51547e-17)
(-0.251357 0.190865 -2.34781e-17)
(0.0934111 0.024269 -1.94289e-17)
(0.0702055 -0.0851883 0)
(0.0953335 0.0557882 0)
(0.0688318 0.0911238 0)
(0.0681053 0.0944435 2.47695e-17)
(0.0702328 -0.0618732 -2.04591e-17)
(0.0528741 0.0692353 0)
(0.0794965 0.15578 5.85084e-18)
(0.0507917 0.108257 6.22108e-18)
(-0.110947 -0.0844699 -1.61783e-17)
(-0.0886101 -0.0608948 0)
(0.0352375 0.0395491 0)
(0.114336 -0.0237734 0)
(-0.271989 0.179998 0)
(0.0259044 0.116676 0)
(0.098942 -0.00608812 -3.5822e-17)
(0.0475175 0.181451 0)
(0.114773 -0.0125895 0)
(0.0773598 -0.0612852 1.14357e-17)
(0.0251374 0.150678 0)
(0.146861 -0.00910532 -1.66504e-17)
(0.0871171 0.17131 2.32184e-17)
(0.0928624 -0.108602 -1.58888e-17)
(-0.268232 0.0725492 -1.62991e-17)
(0.102437 -0.00297715 1.06497e-17)
(0.138691 -0.0022617 0)
(0.0142249 0.0748055 0)
(0.01998 -0.120851 2.40821e-17)
(0.102238 0.136864 1.90312e-22)
(0.00192377 -0.0666212 -3.78992e-17)
(0.0972321 0.0197725 0)
(0.0994099 0.156496 -2.4862e-17)
(0.00599552 -0.0579224 1.29737e-17)
(-0.256727 0.108744 0)
(0.0496516 -0.121702 -4.49679e-17)
(0.0132907 0.00555913 1.0945e-17)
(0.0100678 0.00281752 2.28046e-17)
(-0.018403 0.00623049 2.23346e-17)
(0.018153 0.00763859 2.10355e-17)
(0.0187133 0.0108864 0)
(0.0244691 0.00148721 1.87841e-17)
(-0.00890741 0.00800637 1.82332e-17)
(0.00833377 0.00634024 -5.61625e-18)
(0.0112592 0.00761339 0)
(0.0129156 0.013918 0)
(0.014484 0.00487548 4.52002e-17)
(-0.0246177 0.0142475 -2.25617e-17)
(0.0124957 0.0106221 -2.99671e-17)
(-0.0200857 0.00591168 0)
(-0.0116236 -0.00631838 -2.17344e-17)
(-0.0117589 -0.00487719 0)
(-0.0245218 0.0123814 4.26667e-17)
(-0.00984222 -0.0104081 -2.24442e-17)
(-0.00115035 0.000302662 0)
(-0.00425338 0.00482892 3.62109e-17)
(-0.0242522 0.0129091 2.0987e-17)
(-0.0107242 0.0135366 0)
(-0.0117346 -0.00999716 -1.68311e-17)
(-0.0663755 -0.0304733 -1.63862e-19)
(0.0059215 0.00450161 2.31327e-18)
(-0.237938 0.0545399 -3.34941e-17)
(-0.115688 -0.0647285 2.20011e-17)
(0.0254013 0.0535629 3.62647e-17)
(0.0218206 0.0451576 -2.41152e-17)
(-0.00913155 0.00833472 2.22403e-17)
(0.0510457 -0.0961716 -5.55664e-18)
(-0.111156 -0.0879736 -2.18265e-17)
(-0.113967 0.0193984 4.56841e-17)
(0.0445103 -0.0614571 -2.49448e-17)
(-0.0137588 -0.0659446 -2.5675e-17)
(-0.152751 0.0743853 1.14572e-17)
(-0.0480166 -0.0494966 -6.98699e-18)
(-0.032573 0.0233533 2.44746e-17)
(-0.0300161 0.0193952 3.01705e-18)
(0.0521323 0.158502 0)
(0.0308324 -0.0764442 -2.3399e-17)
(0.00893401 -0.034802 -9.26621e-18)
(0.0366519 -0.00649498 2.0349e-17)
(0.000851449 0.00316177 -2.94814e-17)
(0.0131945 0.0182396 2.66594e-17)
(0.00191859 -0.0121395 2.12284e-17)
(0.00666457 -0.0321007 2.22329e-17)
(0.059437 0.150764 0)
(-0.0266413 -0.0638377 3.01595e-18)
(-0.0599215 -0.0908499 2.37108e-17)
(0.0746918 -0.0501079 4.69994e-17)
(0.0931097 0.0595767 9.43654e-18)
(0.0137738 -0.0361496 0)
(0.0889555 0.161385 -2.44769e-17)
(-0.0288369 0.0203064 -2.95665e-18)
(0.0684531 -0.0655154 0)
(-0.0410455 -0.0726528 -7.14512e-17)
(0.00024156 -0.0708754 0)
(-0.291031 0.111046 0)
(-0.00232332 0.0787852 2.44934e-17)
(0.097094 0.0340609 -1.15089e-17)
(-0.0201867 -0.288678 -2.60155e-17)
(0.0429293 0.0914693 1.87417e-17)
(0.00396476 0.0273526 -2.09895e-17)
(0.0578308 0.144927 0)
(0.00984942 -0.0418474 0)
(0.0858729 0.156986 0)
(0.00872919 -0.0465214 1.45731e-18)
(0.0104138 -0.00805386 -4.54307e-17)
(0.0111686 0.00410557 1.1353e-17)
(-0.0215307 0.010583 -2.19547e-17)
(0.00647649 -0.268292 2.64408e-17)
(0.0606257 0.109196 -7.27064e-19)
(-0.00723277 -0.0782241 -4.24081e-17)
(0.0122405 -0.0120058 2.35529e-17)
(0.0526847 0.145549 0)
(-0.175015 0.134598 0)
(-0.115183 -0.0177782 -1.64972e-17)
(-0.0434648 -0.0787843 4.74078e-17)
(0.0943946 0.0490037 0)
(0.0559768 0.115482 1.40593e-17)
(0.00547993 -0.0290514 -1.21335e-17)
(0.0894733 0.0643377 2.68334e-17)
(-0.23278 0.121379 0)
(-0.0175625 0.00505608 -2.81411e-17)
(-0.0064495 0.0122005 1.19526e-17)
(-0.0148119 0.0753295 1.16752e-17)
(-0.0317994 -0.0873269 2.50756e-17)
(0.0438678 0.111736 -2.27342e-17)
(0.0741196 0.082963 0)
(-0.042656 0.0755902 0)
(-0.036443 0.0824437 0)
(0.0577014 0.0776198 1.50909e-17)
(0.0010353 -0.0612622 2.8587e-17)
(0.0710801 -0.0525716 -1.85995e-22)
(-0.0341482 0.0272976 1.83313e-17)
(-0.0375304 0.0301006 -2.1295e-17)
(-0.0329493 0.0886905 -2.17975e-17)
(-0.0336296 0.0839277 0)
(-0.133476 -0.00636354 0)
(0.138554 -0.0139733 0)
(0.0772012 -0.0132686 -1.31562e-17)
(-0.0366079 0.0397647 2.266e-17)
(0.109328 0.152087 5.0701e-17)
(0.0972884 0.164991 0)
(0.0738099 -0.0338437 -2.17452e-17)
(-0.0153291 0.0378342 -1.12961e-17)
(0.00943505 -0.0205804 -2.50819e-17)
(-0.00501187 0.020118 -1.15358e-17)
(0.124146 -0.00118991 0)
(0.116301 0.126376 -1.34259e-17)
(0.0425434 0.159301 1.73855e-17)
(-0.0976857 -0.0799402 -2.27921e-17)
(-0.0454819 -0.0362874 3.49569e-17)
(0.0866773 0.00579966 -2.44024e-17)
(-0.0340152 -0.0169694 -3.23569e-17)
(0.094324 0.0169124 0)
(-0.019542 0.00511561 1.29737e-17)
(0.0108655 -0.0513359 -1.35512e-17)
(-0.0226635 -0.222615 -1.21478e-17)
(0.0702988 0.0878101 2.42975e-17)
(0.00348657 0.000237421 -3.02208e-17)
(0.0969509 0.0438172 0)
(0.0677548 0.0924036 -1.28452e-17)
(-0.00694526 -0.132401 0)
(0.0425243 0.101271 -2.46058e-17)
(0.066061 0.0483538 -1.40346e-17)
(0.0230708 -0.0390643 -1.45537e-17)
(0.0127637 0.0107217 0)
(0.0222962 -0.0911935 3.22696e-18)
(0.00357288 -0.00379999 0)
(-0.00150059 -0.30577 0)
(0.0131741 -0.011768 -1.47815e-17)
(-0.168031 -0.0488453 0)
(0.0140067 0.00525843 -1.3472e-17)
(0.0268255 0.0356521 0)
(0.0244561 0.0754089 2.37906e-17)
(-0.0234004 -0.0739513 -2.56031e-17)
(0.0378143 -0.00887732 -2.56983e-17)
(0.03623 -0.000660163 -2.64196e-17)
(0.00396971 -0.00453301 0)
(-0.0390886 0.06069 0)
(-0.00671824 -0.000998345 -3.39391e-17)
(-0.0188985 -0.242502 -2.8061e-17)
(-0.037938 0.050674 -1.40248e-17)
(0.0491221 0.0503683 1.31201e-17)
(-0.0872961 -0.0968379 1.4898e-18)
(0.108924 0.136418 2.45887e-17)
(0.0510077 0.0476994 1.24126e-17)
(0.00637842 -0.163246 3.2678e-17)
(-0.0204632 0.0725075 1.19086e-17)
(0.0384748 0.186314 -5.16135e-17)
(-0.110394 -0.0246515 -2.9114e-17)
(-0.0731242 -0.0315582 0)
(-0.0344748 -0.137888 1.56591e-17)
(0.00134128 0.0503356 -1.3733e-17)
(0.0964748 0.0392763 5.56582e-18)
(0.0294558 0.0650088 0)
(0.00936592 0.00629036 1.28126e-17)
(0.0175989 0.0519761 -2.61461e-17)
(0.0503919 0.0600004 0)
(0.0668339 0.0509698 -1.08043e-22)
(0.0200603 0.0201782 0)
(0.0267452 0.0300231 -1.64287e-18)
(0.00612229 0.014596 -2.59348e-17)
(0.0119099 0.0174451 6.66604e-18)
(-0.0190185 -0.00305212 4.24728e-17)
(0.00545422 -0.00190837 -1.33194e-17)
(-0.00913591 -0.202406 -3.3663e-17)
(-0.0422334 0.0390772 -5.56738e-17)
(0.0552853 0.0908185 4.10655e-17)
(0.0206315 -0.0187975 2.7555e-17)
(-0.00939577 0.00714415 -1.39257e-17)
(-0.0162094 -0.00462098 3.01177e-17)
(0.00518876 0.0852463 0)
(0.0968353 0.152332 9.14273e-23)
(-0.0224829 0.00189751 2.34731e-17)
(0.019047 0.0120452 -2.26542e-17)
(-0.162296 0.089997 2.0918e-17)
(-0.00336716 -0.0737777 -3.23186e-17)
(-0.0102678 0.0902174 -1.07304e-17)
(-0.00803904 -0.00357425 -3.64424e-17)
(0.0430178 -0.0426088 -1.3252e-17)
(0.0324279 0.00195412 6.2464e-18)
(0.014079 -0.0548801 -1.11579e-17)
(0.0634028 0.0654968 0)
(-0.00902132 -0.0632348 0)
(-0.013234 0.0134581 3.48476e-17)
(-0.0311438 0.0280708 6.21971e-18)
(-0.0304313 0.0624325 0)
(-0.00174605 -0.0720826 0)
(0.0874295 0.14557 0)
(0.0517104 -0.0447671 1.45776e-17)
(-0.11145 -0.0902115 1.46295e-17)
(-0.11374 -0.000583432 -7.84715e-18)
(-0.0288348 0.0359686 1.23368e-17)
(0.107642 0.148075 0)
(-0.0258731 0.0651681 -2.19261e-17)
(-0.0366998 -0.0737754 -8.28211e-18)
(0.116315 0.107876 0)
(-0.0359679 -0.326707 2.50803e-17)
(0.0447272 -0.00813715 -4.51718e-17)
(0.0409082 -0.0750025 2.77094e-17)
(0.0350133 0.175438 0)
(0.0783022 0.0599174 2.78839e-17)
(0.0696388 0.0242853 -2.59622e-17)
(-0.00955185 0.0258946 9.09795e-18)
(-0.0156937 -0.0411192 -6.41362e-18)
(0.0781413 0.0805894 -2.99666e-17)
(0.0877513 0.0660715 -3.51167e-17)
(0.0396794 -0.0243984 -2.76447e-17)
(-0.000384873 -0.0698253 1.42988e-17)
(-0.00138901 0.0237522 -2.83388e-17)
(-0.0537365 -0.0394196 4.06827e-17)
(-0.0228317 -0.00868031 2.88849e-17)
(0.0951477 0.0294522 5.67126e-18)
(0.0613728 0.0893772 0)
(0.0170107 -0.0633099 0)
(-0.0118772 0.0419653 2.49313e-17)
(-0.20161 0.0659007 0)
(0.0499043 0.149923 -7.22458e-18)
(-0.00349913 -0.0061834 1.11978e-17)
(0.0124504 0.00424219 3.10036e-17)
(0.0148424 0.0375685 1.31929e-17)
(-0.0548093 -0.0934252 -2.34056e-17)
(0.070812 0.0308178 -2.6214e-17)
(0.0739319 -0.04557 -5.38257e-17)
(0.0900818 0.151134 -2.28935e-17)
(0.0422663 0.125189 2.38306e-17)
(0.0121555 -0.0445956 1.21758e-17)
(0.0520405 0.199252 4.61792e-17)
(0.0704861 -0.0145818 -2.63898e-17)
(0.0152992 -0.0151632 -1.3645e-17)
(0.0613911 0.11268 -1.2954e-17)
(0.00394089 0.050914 3.38943e-17)
(-0.166111 0.12356 2.65838e-17)
(0.067579 0.102754 -1.24593e-17)
(0.0260183 -0.0227361 3.75406e-18)
(0.0933885 0.0529144 0)
(0.0465998 0.156741 3.35239e-18)
(0.0230209 0.0464371 1.5002e-17)
(0.00533594 0.105668 0)
(-0.0280795 0.0469776 -1.41523e-17)
(-0.0984386 -0.024521 1.33556e-17)
(0.115778 0.151875 -2.68551e-17)
(0.0164303 -0.0287811 -3.05094e-17)
(-0.178606 0.0728604 4.07375e-19)
(0.0618014 -0.00674971 2.05337e-17)
(-0.0281693 0.0939136 -1.2411e-17)
(0.00378401 -0.0416607 1.56316e-17)
(0.115342 0.122054 3.33365e-17)
(0.0921518 0.0206263 -7.21496e-18)
(0.0131366 0.0156922 0)
(-0.0370346 0.0398973 -4.67121e-17)
(-0.184971 -0.0358009 -5.53246e-17)
(-0.0743454 0.0172234 -1.92229e-17)
(-0.0177547 -0.0800859 -1.26879e-17)
(0.0911426 -0.0107564 4.42628e-17)
(0.0156195 0.164505 -1.52025e-17)
(0.0818009 -0.0383712 -1.6719e-17)
(0.079175 -0.0101111 -4.09639e-17)
(-0.0360668 -0.0127248 0)
(0.0442813 0.149123 7.23084e-18)
(0.0110027 -0.266034 -2.46142e-17)
(0.0374825 0.145703 -1.51111e-17)
(0.0838412 0.0487064 2.88732e-17)
(0.113783 0.106972 1.0454e-17)
(0.0183516 0.0315412 1.4106e-17)
(-0.00542785 -0.0719467 0)
(0.00304937 -0.0741781 1.18559e-17)
(-0.0137264 -0.157093 0)
(0.0655847 0.0156282 0)
(0.0702055 0.0374881 -1.22747e-17)
(-0.00154398 -0.081032 1.82506e-22)
(0.00862091 -0.174013 -1.74007e-17)
(0.0243853 -0.0541856 7.57556e-18)
(0.0517777 -0.0486413 0)
(0.11155 0.141636 2.56118e-17)
(0.0239865 -0.0606994 2.44861e-17)
(0.0168381 0.0278262 1.44134e-17)
(-0.0405744 -0.219595 3.78953e-17)
(0.0166445 -0.0302868 1.56542e-17)
(0.00354008 -0.00854361 -5.94157e-18)
(-0.258934 0.209687 -1.51189e-17)
(0.0926876 0.00871974 -3.68382e-17)
(-0.0288917 0.0342821 3.28758e-17)
(-0.0824554 -0.0412269 -1.58616e-17)
(0.0493333 -0.0392321 2.21261e-18)
(-0.0161934 -0.0114421 8.30239e-18)
(0.0118542 0.017509 0)
(0.0807244 0.0851903 3.09492e-17)
(0.0288876 -0.0267419 0)
(0.0683487 0.0875569 1.40361e-17)
(-0.0249473 0.00119708 -4.60261e-17)
(0.0868839 -0.0157247 1.61478e-17)
(-0.0276469 -0.00739036 2.10218e-18)
(-0.00188197 -0.0145146 0)
(-0.0578619 0.0273775 2.82588e-17)
(0.018298 -0.0220077 0)
(0.0818216 0.0182136 0)
(-0.00682623 -0.000358195 0)
(0.0366812 -0.0055424 2.70996e-17)
(-0.000910082 -0.00659468 -3.52152e-17)
(0.0220033 0.124945 8.3035e-18)
(0.0419343 -0.018388 -3.71753e-17)
(0.0420314 -0.0472993 1.59995e-17)
(-0.0128956 -0.203086 -3.06634e-17)
(-0.000257649 0.0311478 -3.06824e-17)
(0.0367549 0.0686271 -1.78119e-17)
(0.00605536 -0.0179492 -3.09676e-17)
(-0.0659922 -0.0565229 0)
(-0.00104332 -0.0691415 -3.52255e-17)
(-0.13493 -0.0892309 9.52039e-22)
(0.118081 0.124688 -1.88784e-22)
(-0.0125136 -0.0732328 0)
(-0.0762569 -0.0460555 -9.49971e-18)
(-0.0117337 -0.0751626 -4.60827e-17)
(0.0441614 0.0687615 0)
(0.119636 0.110543 2.14474e-17)
)
;

boundaryField
{
    back
    {
        type            empty;
    }
    front
    {
        type            empty;
    }
    top
    {
        type            codedFixedValue;
        value           nonuniform List<vector> 
15
(
(0 -0.07028 0)
(0 -0.0664639 0)
(0 -0.0511994 0)
(0 -0.0397511 0)
(0 -0.0511994 0)
(0 -0.0257587 0)
(0 -0.0257587 0)
(0 -0.0664639 0)
(0 -0.07028 0)
(0 -0.0601037 0)
(0 -0.00922226 0)
(0 -0.00922226 0)
(0 -0.0601037 0)
(0 -0.071552 0)
(0 -0.0397511 0)
)
;
        name            ParabolicTimeDependentU_max;
        code            #{
		const vectorField& Cf = patch().Cf();
		vectorField& field = *this;

		const scalar r = 18.0*1e-3;
		const scalar Umax = 0.4;
		const scalar Umin = 0.02;

		scalar 	Uvar = 0.08;
		scalar 	t = this->db().time().value();
		scalar	tau = fmod(t,1);
		
		if (tau > 0 && tau <= 0.35)
		{
			Uvar = 0.08+Umax*(1-(pow(tau-0.175,2)/(0.175*0.175)));
		}
		if (tau > 0.35 && tau <= 0.6)
		{
			Uvar = 0.08+Umin*(-1+(pow(tau-0.475,2)/(0.125*0.125)));
		}
		if (tau > 0.6 && tau <= 1)
		{
			Uvar = 0.08;
		}
		
		forAll(Cf, faceI)
		{
			const scalar x = Cf[faceI][0];
			const scalar y = Cf[faceI][1];
			field[faceI] = vector(0, Uvar*(-1+(pow(x+(0.02+r),2))/(r*r)), 0);
		}
	#};
    }
    outer_arc
    {
        type            noSlip;
    }
    bottom
    {
        type            zeroGradient;
    }
    inner_arc
    {
        type            noSlip;
    }
}


// ************************************************************************* //
