/*--------------------------------*- C++ -*----------------------------------*\
  =========                 |
  \\      /  F ield         | OpenFOAM: The Open Source CFD Toolbox
   \\    /   O peration     | Website:  https://openfoam.org
    \\  /    A nd           | Version:  9
     \\/     M anipulation  |
\*---------------------------------------------------------------------------*/
FoamFile
{
    format      ascii;
    class       labelList;
    note        "nPoints:11292  nCells:10918  nFaces:38399  nInternalFaces:16191";
    location    "constant/polyMesh";
    object      neighbour;
}
// * * * * * * * * * * * * * * * * * * * * * * * * * * * * * * * * * * * * * //


16191
(
22
375
2032
11
490
1484
115
139
7138
14
494
7531
17
514
1418
19
342
10386
21
470
10387
24
370
10238
40
416
9368
55
269
10039
27
492
1631
456
10380
137
141
7438
133
138
1329
467
10379
64
187
6148
36
326
10249
474
10378
136
149
1616
352
10067
60
484
1736
335
5958
10314
10315
43
264
1670
550
10257
72
476
1273
68
318
10357
517
10374
91
463
4293
99
195
5660
106
453
7619
146
174
4742
130
199
4538
90
319
2283
121
464
501
117
449
1908
527
10372
113
469
1839
150
190
1308
125
386
6125
10253
10320
119
473
2858
132
374
5057
296
10449
66
366
1798
153
193
3136
114
291
10467
118
287
10470
147
168
1850
148
340
2064
151
334
1960
131
163
10592
128
477
4061
165
320
1461
129
170
10589
10161
10305
134
208
4300
173
288
1797
110
289
9362
175
270
1408
552
10354
186
265
1871
192
260
7789
142
482
5237
10201
10326
105
324
9148
438
10021
101
367
7145
10274
10350
127
194
10582
143
355
7537
154
238
10532
9991
10346
156
235
10537
95
445
5980
96
378
2230
169
232
10554
122
216
10579
123
215
10580
164
487
4396
92
396
5661
93
397
4986
89
451
2443
111
452
7999
202
210
10609
181
182
176
357
2448
184
219
10632
185
220
10633
532
7379
311
10229
10144
10329
559
7347
560
5014
200
496
999
604
3432
603
3077
112
322
10553
211
230
8214
10133
10332
166
553
10079
6477
10063
177
399
1242
178
336
7007
218
233
3620
2168
10089
10078
10327
205
206
9061
227
495
5670
155
180
1276
9309
10169
361
10536
369
10533
10110
10334
10058
10322
10187
10203
124
7255
10392
10120
10317
10046
10318
10096
10335
236
268
2897
10260
10388
459
10510
460
10511
205
10254
10160
10309
188
554
10181
483
10506
10066
10339
522
10498
523
10499
526
10496
10179
10304
10627
10054
10340
331
480
2056
531
10712
605
10462
10198
10221
10029
10447
251
364
10613
10206
10276
10180
10343
383
10469
196
448
4286
360
472
1083
10634
10258
10292
10259
10293
10210
10373
10628
497
10291
201
478
1542
10625
10280
10287
506
10584
10286
10294
203
497
1802
179
182
10265
255
302
4177
401
466
7393
245
10177
10297
252
10623
3895
10895
10013
10347
10285
10312
10200
10397
311
312
541
10035
448
10281
1700
10896
198
458
10541
261
446
1289
10275
10396
10237
10429
10273
10408
572
10352
10528
10529
1385
10171
362
10838
4014
10407
6851
317
10189
10246
420
7887
419
3854
10270
10434
9987
10027
10222
10406
450
488
4827
10240
10601
371
400
10680
336
10266
10241
10461
2756
10898
10018
10022
10442
394
504
555
510
551
10211
10479
543
10356
10384
418
6667
10328
295
499
506
8743
5424
10481
335
468
10758
10008
10038
353
354
302
10638
10358
10439
294
395
10657
423
543
1788
503
562
10208
4509
10902
2450
10901
352
465
10756
10359
10448
10250
10490
10251
10491
359
363
5738
226
10090
242
10052
254
10043
262
10034
2134
10025
10360
10453
316
572
8039
314
573
2384
597
10080
365
505
414
5407
586
10081
341
368
4933
413
4892
561
10107
398
421
594
412
2354
297
2076
10013
298
2527
10036
350
387
10754
2860
10046
412
10159
10193
413
10158
10196
400
10030
414
10149
10209
418
10125
10245
419
10092
10262
420
10091
10261
271
7251
10053
10361
10480
10420
10423
290
438
549
5374
10058
10542
383
384
7389
351
417
10753
415
455
10752
273
1292
10105
10232
10524
533
10161
1587
10256
344
433
10750
10153
10854
10224
10530
337
510
10244
272
6456
10054
488
10364
10279
10871
10187
10546
511
10200
512
10222
2796
10066
315
10501
10719
321
447
1185
403
409
389
392
6056
279
408
280
3504
402
391
393
2865
405
410
300
348
568
301
444
570
323
457
7080
377
422
8937
412
4090
10204
10547
10205
10548
10663
10805
413
3326
525
2018
10096
388
424
571
434
575
529
576
414
7000
2058
10110
7041
10307
456
508
10748
439
7494
440
2036
458
425
427
426
428
429
430
431
432
441
467
10747
339
6883
10133
434
435
7668
436
437
2589
2342
3681
10614
330
474
10746
1751
10144
10410
10887
502
10260
364
10277
418
7294
10162
10870
10276
10552
329
10005
1115
10905
328
9992
10269
10575
420
454
6716
419
4629
379
509
7622
380
8489
381
1828
6993
10201
446
10368
517
518
10742
373
402
10074
10373
10555
6124
10267
6729
10253
479
7493
10268
527
10740
10394
10556
347
499
5988
10288
516
8001
10301
2010
10647
380
404
537
381
390
538
406
529
528
539
379
407
540
6588
10310
1799
10315
1342
438
1703
549
5328
10366
10585
411
9990
10515
10085
10868
372
552
10726
551
6036
10370
10590
4242
10900
499
10502
510
6787
2303
3519
10274
10446
10560
10493
10557
10502
3640
10899
10137
10869
10371
10596
9991
10718
574
10037
10456
10559
10455
10560
462
500
1091
9034
10037
10411
10594
8154
8433
5961
385
1921
10785
7626
4649
10686
10271
10879
10479
10558
10014
10916
425
557
422
429
426
556
431
581
427
557
428
556
395
2907
2559
10428
10599
10429
10600
457
9993
10487
10588
1607
10369
10615
1383
404
1355
7780
406
4933
2142
408
8011
1678
439
567
440
569
500
554
2627
10915
10495
10556
9985
10917
509
540
574
10078
10703
432
581
7422
7816
6342
7310
6342
574
1383
7310
7422
1317
10914
3531
528
7494
529
2820
576
7873
7780
2142
10120
10697
498
520
1012
461
9995
10557
447
10004
10515
10535
10367
3023
10282
10481
10770
10160
10692
10460
10606
10461
10607
10526
10551
10486
10587
10179
10688
7899
10048
10765
1515
10885
6090
10884
520
553
512
7876
10547
10549
10548
10550
10258
10673
10259
10674
1485
10280
10666
10534
10575
10294
10664
485
10432
10457
10312
10660
10530
10577
1578
530
531
3816
10523
10585
10524
10586
10298
10667
10522
10531
10396
10649
519
10395
10650
10514
10594
2954
10882
10512
10599
10508
10602
513
10435
10643
10503
10606
10365
493
10436
10497
10450
10635
507
10451
10636
10490
10617
10491
10618
10463
10629
10464
10630
10478
10622
10290
511
1438
9989
502
8862
9113
10362
10668
10363
10669
10180
10716
10801
10438
10520
10375
10711
10048
553
554
10440
10538
10407
10797
599
10045
10663
10473
10603
1455
10393
10678
10441
10569
9994
524
10404
10676
3687
10877
5218
10878
10412
10661
10413
10659
1667
10876
3382
575
6591
10711
2909
10513
10622
10010
10039
542
10234
10792
577
10598
10808
546
10231
10794
588
9992
590
10005
592
10093
595
10057
10783
1151
10874
10355
10116
10182
10597
10030
10475
10888
2996
10873
584
10082
10813
585
10621
10812
599
10086
10657
10099
1778
10257
10657
2976
2457
582
583
5413
10540
10629
10539
10630
10050
10064
10584
10801
588
589
590
591
592
593
594
595
568
2681
570
6326
580
9997
10351
10353
10725
10086
10072
8959
10821
10059
10277
10890
601
10011
10810
606
9996
606
620
9996
606
2865
6677
10819
5875
10820
10069
10102
10129
10136
10501
1355
1392
9993
7816
6326
10004
2681
1934
10137
1392
1678
602
10002
10811
10070
10104
10023
10408
10863
10112
10117
10124
10670
10682
10829
10681
10828
10564
10636
10565
10635
2009
10862
637
7349
10420
627
769
615
627
613
647
8845
701
707
2383
754
869
4966
615
8285
634
645
4603
2264
695
923
2297
726
732
5448
752
956
3273
727
730
2402
624
4302
623
736
2042
708
937
2376
734
2604
753
941
629
866
4941
671
768
3903
9678
715
947
2565
631
1804
678
689
6096
632
8265
724
1765
737
739
6419
668
9251
652
774
3720
654
797
2850
765
773
639
4460
8324
641
3781
751
764
3351
642
4398
643
3765
644
5711
646
4137
1148
9522
648
5818
761
773
695
1875
743
804
2898
767
781
2782
761
765
8904
9135
821
1175
8268
793
9323
799
1206
4845
783
785
2198
814
1443
2023
662
795
7945
665
789
6553
843
1343
1603
673
827
2110
794
8236
826
1517
2140
855
7140
7952
788
6923
833
1735
2684
800
1058
3570
785
1044
882
4660
8393
846
1983
3597
674
5788
877
7683
8581
871
9245
675
4056
678
5707
811
1107
3348
755
3430
3702
4248
864
3048
4288
862
1286
8168
870
1359
5812
820
1162
1264
861
2433
3905
689
721
5707
895
4743
7746
874
6629
8582
914
3426
8818
900
4824
7918
948
904
3561
8200
926
3125
9063
896
1569
8487
908
3235
8269
909
1717
8375
9905
917
3057
8233
699
700
5799
876
1462
3975
703
5981
6476
9620
6834
9721
897
2100
3688
843
1104
848
1227
3035
905
3515
6303
910
7182
7692
768
4056
9041
9904
913
7901
8054
952
2854
6803
713
821
4997
960
4457
9119
1584
3885
716
6322
9509
9126
9903
724
7323
873
1394
2047
720
4577
9660
722
726
2190
722
6027
767
9840
2989
725
1013
4381
786
1068
8722
8146
734
1909
854
1157
2697
945
7168
7902
732
2190
735
855
6516
4620
738
1248
5619
4620
736
3612
7107
1013
5278
1374
3494
1051
9857
911
1813
2890
744
7979
9676
747
1583
9513
747
3820
882
7733
943
7418
8229
2522
8829
9674
3150
756
1346
1966
933
2844
3015
753
883
3902
1346
2117
9180
9967
5413
764
9709
888
9625
759
7509
758
6502
9589
762
4981
763
5002
762
895
3288
2264
6192
2107
4256
8804
1732
772
896
2514
6778
956
1336
8829
786
828
1181
957
2602
7009
8887
9627
8646
804
3150
779
876
2504
778
2341
9618
1200
4755
9260
909
2972
780
5685
784
3693
1109
7448
979
2252
8103
941
6761
6055
9478
3915
7618
980
6199
8745
945
1235
794
1954
796
7743
9528
881
3450
10740
9219
9552
9871
1658
9687
6325
796
7850
8221
871
4413
1009
2398
8390
9439
9892
9270
9795
1020
7591
8382
841
1043
4241
1109
3916
9350
8949
1025
2784
8570
828
1095
1327
1052
2683
8736
816
844
1410
810
817
1927
813
2315
9327
9785
1088
3883
8815
943
6997
9550
9917
4341
7964
9412
925
5252
8550
9521
1002
7492
8273
825
957
1898
9370
9748
9953
891
934
4361
1132
3602
8985
1050
1623
8865
6999
9424
9549
9913
1200
6873
9292
835
836
4075
1186
3172
9027
835
980
2405
860
867
8399
9557
9909
1029
2692
3190
5176
8693
9446
922
1142
4269
856
2786
7964
4983
7654
9343
1054
4571
9665
1476
9315
1061
7679
7770
9930
1139
3307
1318
3627
9093
9567
9907
852
972
6747
9330
9744
851
9219
9854
868
1374
9266
1148
5870
853
5654
973
6838
9035
9677
9947
9435
9587
907
1103
4826
977
984
3406
1584
4884
9659
863
5415
9574
9843
870
9866
907
2324
9585
9900
4751
7229
9682
9402
9761
6161
8755
9296
9451
4818
8904
9786
9241
1625
3986
9158
9366
9734
9525
9898
901
1223
5986
9782
9667
9944
1084
3957
8186
1125
7639
8364
888
4677
9602
885
6676
9945
1044
8923
940
1054
9350
889
3224
899
1050
3719
888
8044
9601
925
1387
1022
2048
3841
935
1428
944
1189
4766
965
1256
4867
2495
3897
9223
9885
9822
9496
9803
935
1125
9209
8879
9442
9583
9887
950
2590
2107
5704
9564
3314
7980
9267
9614
9872
9531
9812
912
4504
9360
9142
9577
9862
9830
9542
9821
9376
9728
1061
7437
9554
9823
9712
9924
969
1154
1191
1017
2690
9499
9579
9845
1144
4774
5897
1010
1468
2346
2393
7300
9562
1216
8132
8989
1382
9344
3161
9041
1375
4147
9471
3453
9634
9941
932
8583
9265
1254
8283
9094
1232
8157
8952
932
938
3344
1284
8345
8897
5381
9395
9730
1139
5252
9156
1236
8007
8884
3385
9126
1084
3785
946
1041
3074
948
9840
1044
1081
1527
5091
9755
1499
9138
9783
1069
2584
3961
9180
9722
1277
8196
8526
1055
1255
1006
1371
1921
9630
9889
954
974
4285
7666
9238
1094
1754
4793
9721
9698
982
1034
1258
968
1150
3016
9653
9921
1164
2159
6598
964
1096
6877
972
974
3104
1075
5408
1601
9202
1278
5591
8330
8584
8722
9494
1173
7798
7593
8995
2335
4369
9495
1170
1579
1817
5421
977
9345
7977
1470
2936
8530
986
3792
8247
4378
989
1036
1300
9417
9690
9705
1001
5041
9588
1076
9175
992
2503
3606
1144
5104
1433
2321
8150
993
3383
8722
9416
9493
993
1094
3776
1140
9295
1193
2493
3828
1460
8410
8588
1229
1425
5946
1344
4027
6484
997
1788
4808
2680
5838
9082
1019
2184
1295
7713
7922
1788
4910
1015
1277
8441
1038
7123
1042
9559
1026
1470
7634
1270
2840
3502
1014
1055
5913
8986
10383
1079
1204
1715
1372
3871
6446
9409
9680
7641
9201
1376
4086
4367
1066
1812
7300
1080
1490
4913
9234
1261
2655
3457
1037
9214
1049
1536
8434
1030
5143
9404
9703
1275
4377
5971
9242
9324
1123
1531
3376
1401
7857
8571
9374
9686
8422
9193
1047
1433
7165
1057
1279
1381
9485
9757
1164
5497
1338
2646
6445
1174
9608
9922
1243
2592
4836
8988
9389
1038
1127
5045
1063
2881
9232
9514
5482
1097
10290
10590
1083
1099
3711
2597
8718
9131
10549
1060
5443
1140
2296
6803
1896
5029
8547
8167
9140
1065
1344
4654
1486
3418
9586
1359
9808
9382
9692
1437
2769
8662
9319
3663
1118
1120
3726
2644
5843
3569
9751
1320
2605
3721
1072
9337
9540
1709
8362
8528
1067
2181
1429
2538
7142
7664
9008
2111
7643
1093
3286
1089
5278
1096
2392
1078
1108
7315
1516
3631
7077
5415
6161
1505
6814
7156
1092
1117
1902
1170
4038
1476
9322
1100
2740
9327
1091
2704
1123
2159
1310
2333
5305
9264
1134
1205
9370
1097
9433
1104
1603
5372
1274
1552
3995
1417
4009
7309
9386
9695
7189
8584
1101
7274
8991
8028
1449
1388
1726
9163
1999
3418
4833
5957
1133
1982
9024
1138
4007
9603
9798
1372
7528
1494
3552
3797
1499
4041
6866
1207
3354
10700
1239
1293
6462
1134
3672
1231
2173
9840
1116
1317
1119
1218
6785
2124
9451
9631
1326
1380
4057
1704
2475
7064
1412
1491
4339
10867
1469
1942
1194
10673
1296
4246
1208
2065
1605
6632
7523
1205
1321
3672
3043
1431
5277
5856
9427
1325
1370
3788
1246
1577
1191
2050
6782
1182
1215
2651
1197
1505
2052
9441
9664
9767
9385
9691
1401
7607
9790
1147
1516
2791
1259
1334
6129
1779
3632
7776
1345
4130
9156
4004
1719
8094
8100
1496
8995
1159
1746
1920
9345
1301
1687
3985
1599
3147
3604
6554
8778
9547
1160
1218
3072
1197
4100
1354
7069
1177
1466
4095
1947
2287
7584
1496
4852
1240
1350
1540
1234
3557
9991
3794
9611
1265
1962
3741
8423
9925
6012
8641
1423
1585
9091
2702
9330
2335
9353
9470
9268
1303
1335
3425
1179
1250
5623
1485
1860
1304
2500
8504
1472
1632
9005
1752
7359
8343
1285
1588
2286
7415
9231
3435
9620
1825
9650
1217
10366
10487
1474
7931
1644
7265
7530
1187
3605
1660
7985
8622
1765
1845
10493
10604
1339
1651
1682
1740
2271
7989
1212
3660
9379
9697
1877
1938
1530
2663
4510
1601
3761
1532
1925
2025
8965
1390
1439
5364
8700
9143
6682
10756
1928
3090
9741
1241
1494
3316
7674
1257
1319
5267
1267
1629
4406
9902
1272
1765
1804
1348
1419
4661
1332
1644
2127
1326
2145
1264
5313
9509
1369
1964
1307
4725
1574
2915
4373
1351
1984
2002
1435
1503
2225
1800
1842
1237
1267
3830
1225
1422
5049
2369
9277
9413
1242
1333
7063
2231
10329
1294
7404
10635
1744
4308
7272
1230
1575
4971
9190
9572
1310
1808
2015
1353
2679
1439
3152
7988
2077
9366
1492
1656
5418
9087
1249
5648
1274
5134
9246
9387
2267
2752
8108
1778
1253
4639
9222
9372
5432
10318
1492
8168
9786
1380
2145
1272
1845
7462
8772
8644
9071
1565
2746
3487
1302
7426
8789
1590
8378
1280
5181
8726
9191
9287
1650
4952
1282
3716
1327
1350
1995
1283
1379
2723
1324
5389
9283
9396
1490
2937
2723
4107
1535
2113
4599
9103
1287
2254
1298
1958
2133
8744
9109
1591
5929
7264
1865
3495
7047
4265
8568
10597
1558
1864
3070
7706
1483
2573
7201
1440
1496
3643
8859
9144
1312
1865
3126
2522
1411
3557
8821
8728
9133
1393
2208
9361
9115
9271
4327
10207
1599
3877
1309
1626
1634
1369
2794
4363
8910
9257
9392
7498
7759
6270
9513
1349
5561
1673
5186
7506
2056
7468
1648
2150
1446
9124
9502
1311
4421
1370
8609
1834
3432
9014
9227
1351
4539
1576
1701
3044
2377
10855
1667
1774
2295
1364
9882
1357
4154
1332
7754
2358
9605
7930
8466
1306
1597
3013
6244
10068
1677
1858
10217
1553
7209
1574
2686
7021
8565
1347
2014
3083
1357
2858
3771
1634
2513
10850
2177
2838
8396
1495
9380
9700
2580
8719
8627
8999
1334
5561
1622
2337
4179
1365
1657
6149
2126
4099
1530
3473
3043
1845
2150
2362
10284
1722
4916
8802
1593
1971
4693
7242
1405
4265
2463
3706
1676
1441
2536
9462
8867
9110
2024
6742
1834
4252
7696
1342
1956
5983
8376
9550
9218
1422
3923
9709
7582
7627
1928
2306
1593
7764
6282
1814
8114
8292
1546
5019
1360
3049
1472
1511
2540
10577
3370
7380
8803
5662
1538
1810
1449
1942
3606
1564
3062
10763
1402
1554
3862
2040
2181
5633
1391
5777
9856
1924
2837
3860
1573
4211
6252
3837
3537
2464
2573
9192
1432
1474
7234
9289
5429
9415
8885
9169
1608
2251
10750
1736
1778
5604
8983
3537
3101
8347
8926
9224
1544
1976
3165
1549
2294
1498
4242
10461
1410
5242
1465
6108
1692
2166
10312
1435
8917
1886
2887
1785
1606
3134
1397
2080
1674
1819
1602
10416
1457
10428
10540
1588
1711
7804
1523
10335
9205
1639
1452
6087
10560
1606
2104
9376
1411
10523
1721
1792
2203
10398
10444
1442
5686
1415
1705
2415
6378
1459
3640
1580
2015
3201
1957
2981
8270
7330
7466
1525
9610
9942
8688
8963
1582
4014
2635
3090
1506
2695
3648
1562
2084
2371
3545
8767
9217
1604
6901
8314
1449
1551
3132
7411
2782
8226
8240
6517
9427
8798
9066
1743
2082
8553
8956
8138
8188
9282
1550
1587
2550
3664
1646
1932
2477
7543
9306
7251
7643
8437
2188
2598
2547
2676
2760
2657
9549
9114
9116
9645
1685
1700
2537
9489
9636
1613
4209
10455
2008
2369
1488
4339
10434
1571
2069
4531
1798
1456
4634
10559
1557
1614
8589
1710
4229
5057
1555
2449
1848
10248
2638
6812
9099
9311
1661
1692
3254
9415
1592
1805
3611
2001
2640
2762
1905
2214
1974
5610
2108
8811
8976
3859
8247
1699
6278
9329
1549
1861
5260
1614
1663
4866
6905
1642
2050
2718
9272
1489
1575
5028
1774
7442
1623
1880
2317
2020
2067
7090
1566
1987
5659
9501
9576
9863
2366
8449
1734
2299
8488
7033
8816
1755
2249
4472
1871
5159
8098
2037
1648
5821
5149
1497
5999
10503
8974
10651
1885
1668
3136
8847
1643
3486
3572
1837
2641
4801
2189
2971
3856
3189
4874
1645
3066
4437
9095
7059
7698
1670
1915
3735
1612
2000
10642
1702
2221
7122
1600
2808
4832
2513
10145
2059
3338
5929
7543
9053
9100
1669
1859
4585
1684
2425
9080
3454
9557
1539
6149
10555
2270
2274
7644
1872
2261
7492
1554
1796
10839
2960
9450
9558
1627
10530
2295
5329
10833
9599
9882
1670
5764
10851
1707
3710
1541
3750
6465
1578
10325
8609
8516
9167
7432
7968
1684
1841
4083
1647
10121
1611
6922
1999
1759
3333
3553
1624
1960
1676
2926
4788
1775
1731
1858
2712
2201
4284
2066
2234
2455
1766
5299
1899
7731
10263
1579
1636
3276
6851
5544
10755
8033
8151
3137
7330
2513
5260
2954
7425
1631
2258
1590
8440
2772
8517
1618
2246
2781
2664
2721
10386
3584
3615
6406
7073
7903
1986
2279
10412
1816
5805
8014
8545
1666
5899
2061
4494
7030
1887
3198
4606
2556
5402
7488
8334
8617
2747
7208
1621
2022
3127
8141
8611
8663
6320
2556
4614
1621
8955
1582
4673
2691
2958
1820
2272
1749
5435
1835
1630
2427
1985
2148
2453
4157
1693
3225
5080
8967
2278
4756
1833
3202
7186
2102
2110
3899
2606
4080
8457
1712
2195
5740
1805
3919
2092
2164
8407
8841
4268
6592
8654
8045
2374
6592
8156
7649
9033
9733
1647
10476
2010
6829
2922
4714
8164
2217
2689
2718
2810
5513
1777
3467
1773
2032
4429
1739
2027
9455
2143
2243
1757
2284
7687
7719
1637
5569
8025
1694
3093
3759
4886
8288
8768
6452
2192
2738
9377
9694
1674
1871
1675
1916
10556
2081
2118
1643
7838
1710
1635
2638
1761
2026
5436
2009
2540
3640
3478
4803
2595
4372
1717
4810
7577
1796
1866
1994
10388
1689
2238
3619
2561
7065
4144
8911
4017
6116
1767
5547
1918
6812
1787
1852
4203
1737
4313
5316
8111
1653
4753
5925
1733
2868
1667
3895
7442
1800
2123
2357
3447
7423
10210
10743
5477
9056
1757
2235
2428
2644
3101
1819
1741
2155
3898
2879
5254
1879
2432
10266
8823
9538
9894
2074
2833
2004
6574
7577
1869
1973
2983
1681
4623
4750
8569
8675
1679
10320
2522
2060
7651
2009
10206
1758
2079
6339
2213
2832
1830
5901
1955
1969
3880
2450
7960
10794
2352
2435
2563
3701
10224
2118
2125
2176
8838
9943
9551
9565
9870
1737
1873
3824
4409
9051
2089
4161
1955
2745
3105
2173
2501
2947
1785
10362
1951
10343
6751
9753
1753
4391
5402
2613
4511
1798
8780
9043
2260
2423
1903
3463
10259
1730
9208
2281
2650
8048
9021
9226
2138
4399
1769
2694
1726
2055
2214
3831
6256
9769
1729
6598
1913
2449
10512
9774
1914
2087
2172
8889
9085
2472
8079
1929
2245
1893
8469
2196
10014
2160
4891
6944
1891
2314
8943
2885
1953
4650
5099
1988
2778
8279
2389
5238
2584
8718
1840
4291
10798
2030
2496
1949
3786
9567
1913
6255
10351
10389
1868
4807
6922
9122
2245
8475
2105
7574
8252
1851
5416
8638
8795
7425
7531
2911
7972
3152
5364
6373
1818
2943
6979
3820
6359
2272
3339
10842
1937
4293
8979
9171
2410
3687
4043
8469
1766
8093
2046
2147
6436
1919
2201
3145
1808
2333
2169
2668
3956
4678
4844
10114
10142
2380
3727
5610
7229
9639
9671
2553
1826
7262
1848
2629
10859
1965
2545
1873
1987
4422
2451
2509
6174
1968
2120
2964
1948
2659
2013
1821
5105
1832
1885
2717
3395
8835
9009
3805
4767
9775
3146
5844
9701
2898
3662
4108
1836
2179
2436
4932
7344
9628
10584
1797
2231
2410
5976
7216
9029
2046
2090
8312
1975
6058
6199
2507
3539
1860
1908
1949
6218
1850
1956
10825
8267
1923
2032
7590
1842
1996
2123
1960
2387
2672
5273
9674
6743
2054
3624
5569
10341
10405
2958
2016
5689
7397
8060
2248
2574
7773
3223
5912
3022
9395
5965
6309
2029
3278
3534
5249
5383
8641
2467
8296
10552
2098
7647
2336
2458
2488
10606
2068
5120
6067
1895
2254
7764
2054
4751
2320
5963
1849
2490
4858
2293
3660
1856
3369
6915
2001
2003
1868
2485
5195
2682
10478
2440
2743
8640
9608
9670
3080
10203
4885
8350
2027
5555
9401
1945
2058
2034
5419
2082
3023
2191
4903
5407
2309
2525
7181
2070
2232
4048
2115
2124
5956
2788
2132
4271
2827
1939
3808
2519
3687
2063
3966
5180
2241
2553
4792
1875
2288
2297
6389
8704
1989
4081
10276
1922
3869
4810
10120
1986
2006
2410
2537
2243
2637
3309
2665
7700
8762
10040
2097
3335
4708
4859
1963
4960
4366
4653
5772
2727
4915
6601
1883
7619
4613
1994
8349
1969
3402
2051
2204
3847
1973
4898
2703
3340
1988
2361
3893
1957
2391
3868
2057
10078
2454
3181
8382
2099
2195
2545
7932
8030
1890
4294
7679
2310
10406
2292
4394
4954
8576
3164
8042
8068
8538
8826
10417
10521
2497
7938
9123
9254
1974
2175
5833
2085
5599
4384
8467
2378
4354
4896
2167
6018
9877
6751
2064
1972
2132
4275
2576
4258
2178
10167
2881
3094
3286
2912
2042
4254
2119
4415
7825
3358
4930
7701
2002
4871
7774
2430
2948
2284
2064
1959
6111
7936
10371
2004
2019
2116
2031
2065
6817
2659
2696
8602
8742
2695
8522
7841
8015
8635
2797
3809
9799
1935
4984
3060
6052
6830
2505
2975
4097
1989
7456
3033
3622
6444
10800
4331
8475
2246
2247
7170
1952
4853
1993
4012
3413
10215
2071
3480
4128
2023
2265
4787
4250
2359
2902
3752
2426
3577
6064
2668
3428
2258
10632
8649
9044
3246
3618
10450
1996
2036
2820
2204
10514
2384
3248
3591
5960
6183
7945
7284
10258
2967
2109
3027
6927
2383
3535
5248
4260
7759
2242
2764
2035
3968
2120
4713
3574
4604
2534
4700
5119
2075
5020
4741
2236
3780
6152
3452
6260
7144
7700
3305
5822
3360
4008
7317
7948
2003
5006
7884
2479
4239
7363
2077
2199
3009
2229
3060
3103
2139
2403
4323
4868
8119
2481
9585
2280
2913
2060
2154
6600
2956
7438
2049
2139
5196
3109
3186
9119
2095
5686
10408
2351
4761
10550
1999
2589
2083
5297
6902
2087
4397
5315
2412
10381
5316
8385
8281
5272
2227
4863
7463
2294
10779
2459
5708
6750
2192
10440
2591
4497
5901
6742
2136
5463
5627
5329
4320
4650
2170
6443
7299
4692
7514
9074
2858
3422
9480
9538
7809
8106
2290
4303
8224
4180
5185
8376
4932
6774
4338
4815
4526
7811
4407
2300
2365
3993
3802
5507
2172
5315
4784
10840
2526
4431
8076
2438
3092
2794
6054
3023
2101
2951
2279
2368
10404
2700
2830
3944
2524
9599
2783
5658
6021
6123
2225
4307
5785
2497
3206
7787
2220
3277
4355
3715
2077
3626
2427
8767
6228
7758
8205
10411
10564
3525
5470
2129
2257
4614
8442
2739
2836
2670
10355
3956
3832
7043
2712
7412
8163
2085
2767
3609
2588
4572
6682
2577
4507
3099
4857
6663
9723
2229
4395
6917
7772
2653
3113
7201
8138
8957
2193
3041
3220
3334
4889
2348
3067
2759
4396
9191
9378
9727
3281
4284
2239
10865
2163
4349
2425
5895
9818
2112
6964
2602
6406
8622
8775
5792
2094
3633
9551
2101
7343
3030
8153
3499
9565
9880
5529
7187
10305
10857
4132
5903
2196
5232
6008
6880
3234
5161
2996
3339
10460
10513
2583
9478
4453
5053
6873
2816
2878
9184
2510
2890
7397
8751
2121
2414
3165
9873
5157
8945
2283
2342
4413
2271
5065
3669
7348
2534
7732
2403
3964
4902
2726
4722
3133
6925
4591
7509
7400
7519
8757
4542
6229
7948
2161
7583
8888
4356
3001
2149
7008
2234
7723
2800
6605
2237
4250
8408
2514
6629
4941
8003
8265
2656
8186
9425
2665
6290
10056
2442
2756
2954
6106
6619
2310
6218
4053
7563
6613
2141
2657
2506
4605
2820
2909
4797
2386
2822
4907
5238
2210
3832
6823
4049
5204
3534
7651
2509
7273
4297
2341
5651
9830
2483
3992
4374
3004
7779
7912
3188
3264
3030
8020
2326
3000
8361
2899
5150
7416
2177
2373
2518
9167
4821
7937
3284
7169
2256
4536
9078
2484
4379
5362
7078
5388
5657
7224
10370
3633
6911
2795
8458
3110
5287
2305
2582
2463
2734
9685
4901
4111
2194
5586
6053
2571
7469
4091
4349
8730
2303
2311
2760
4545
5657
6294
2885
8349
10205
10624
2272
10141
4573
4910
2341
5310
7871
2439
3465
3478
2240
3210
5043
2409
2776
5128
7098
6253
8455
10281
6268
7210
2560
2966
5357
10863
2263
5485
5794
3434
4272
3014
3236
2298
7367
7894
4512
2343
2555
5791
2700
5490
2437
3995
5134
2599
6635
6912
2467
5716
6248
10795
2218
5585
8379
4283
4450
2320
2994
4223
2287
3416
3931
5575
8187
3328
2579
2609
9168
3237
3284
4071
8205
8401
4988
5783
5442
6962
8409
6850
10692
4446
8540
2414
2699
3166
2736
3401
2492
5094
10275
6533
2344
3655
6194
7953
8321
2318
2434
4146
6297
4592
5335
10547
3460
3947
2653
2716
5701
8277
5272
10831
2611
6201
6453
7409
3813
4723
2627
4825
4972
3938
5299
3115
4912
5524
3118
4580
7285
3520
7747
2876
4348
4926
7872
4811
7892
2325
2414
3110
2412
5543
2262
3912
2275
4447
8104
7413
3646
4249
10545
3728
6870
3219
8582
10490
3013
3323
10186
3733
4263
2499
3836
3084
4198
6727
8436
2657
3658
2321
3031
4216
8806
8875
2446
2711
5508
2332
6568
7149
8445
8577
3223
2468
2561
5055
2502
2923
2491
7927
2367
2652
4045
2508
6247
9138
3338
5588
4539
5774
7551
8444
5344
6749
8844
2377
5764
2480
3025
3935
4260
4399
4226
2469
4389
2667
3204
8164
3647
4376
2349
6799
6886
6651
7611
2984
4261
10828
10845
2817
3171
2345
2932
6924
7899
2446
2595
2307
2801
3541
2407
3032
4071
10059
2363
3047
6437
6754
7209
3648
5212
3725
10586
2417
2625
3803
3812
6640
10472
10361
3382
10331
2688
2804
7518
2404
6237
4964
7429
2489
10197
10772
3756
4630
3992
8186
10352
10799
4849
3482
2670
5216
9279
2420
2549
3987
4019
4074
2698
3280
3396
3496
2340
5531
7533
3476
8250
8774
2419
4195
6277
2798
4451
5228
3397
7609
8327
2780
5641
2951
3543
6327
6448
9428
2912
10770
3887
5791
2395
2755
3438
2795
3641
8537
2678
7060
2866
7338
3686
4873
3153
3240
2385
9204
2612
3442
7968
2872
3890
6939
7062
2633
2707
3094
2552
3402
6700
7283
3390
3475
10286
3238
4090
2476
5244
5447
3195
3524
3558
5780
6892
3389
9777
7444
8377
4851
5231
6573
3817
4553
7481
10413
7055
8617
2571
3003
5763
4078
4372
2464
2539
3172
8985
2489
10435
2524
2739
2885
3069
3271
2418
3036
3933
2558
3374
4805
8110
2643
3379
4416
2460
3161
10849
5757
6647
3008
3053
4724
5131
5822
10225
10359
3969
10316
10480
7554
8620
2944
4716
6473
7141
4770
7847
3727
4257
7042
5050
5884
2802
3002
9642
2956
4828
4255
5408
4381
6891
2422
3587
8352
2557
10387
3914
4070
4308
2597
3213
4905
2562
3616
2907
10267
10669
2587
4652
4863
2474
3123
3618
4184
4879
7044
5284
5953
3081
7485
3268
6144
7446
2889
5321
2730
3342
6428
6942
10484
2530
2748
4036
3395
3447
4268
4966
3091
3137
2496
3634
4901
2484
3682
8756
9468
5309
7544
3314
9223
4795
10295
3331
3891
2517
6560
4029
7933
8087
3808
4296
7115
3991
5764
10138
2632
3232
4158
4181
4841
3167
4300
10123
2801
10232
3722
5145
3957
5444
3157
6195
2803
4671
5655
3088
5062
3989
5137
3185
4441
2876
3346
7359
3862
7893
2458
7445
2560
3526
5142
3301
4910
10622
4583
2620
7248
7331
8039
9939
3565
2452
3943
3291
4637
4432
5311
3994
7507
3560
8019
2758
2865
2976
3128
9997
3166
2616
3817
2985
5116
3092
3373
3377
3248
3368
7669
9615
4784
2535
3986
9093
2658
3131
4390
6556
6720
10592
3240
4947
3774
4495
10558
2666
2844
3823
7244
9911
2815
2936
4054
2673
5453
2511
4452
5729
7621
5109
6702
3443
5377
8126
8318
8852
2592
3721
2634
4288
2649
2737
4209
3700
4883
5253
2809
4187
2533
2547
8111
2568
4784
10220
2699
4396
4249
2867
4275
4340
4718
7410
9317
2965
8728
2543
3117
4411
9367
9706
5229
7139
2578
3366
8680
7377
8273
5247
8484
5134
6164
2831
2895
7033
9212
3217
3757
3102
8218
3454
4024
3582
6789
5281
5465
8056
2871
3134
4360
4392
2646
3208
4197
2556
2647
4086
6446
2538
3679
4240
3151
3951
2693
2974
3413
10843
2948
3345
3842
2523
4168
7452
3055
3790
7119
5814
8087
2729
3713
4282
7891
6977
8721
9553
10333
10348
3627
9027
3142
4027
4654
3272
3347
4314
3182
3864
5513
3412
3886
2590
2937
7555
4059
2568
2572
10832
3087
3157
4768
3508
6893
7247
7607
8547
2635
2823
3484
2873
2713
7127
7598
7344
2686
3325
4373
3897
4445
7856
6668
6766
9489
3497
3598
4594
2608
3417
8410
4501
7419
4906
10664
8717
10073
2731
3531
7163
6782
3743
4183
4768
7433
2717
2751
7411
2834
3385
3105
3909
4088
2614
2785
4458
5763
2731
2805
2907
3653
4996
5037
2572
3178
8626
5141
8383
2792
2949
4703
2942
3484
3179
5024
3580
3644
2806
4515
5625
7124
3607
3635
7708
3637
4734
2618
3693
4299
2814
3196
8118
2706
3350
4121
2928
3073
2719
7943
7420
9537
7068
8052
8627
2980
5131
5375
3999
6085
10155
7095
2894
4819
5883
6420
4852
5055
7068
10504
2825
7214
7533
3077
5335
5646
2722
2617
2793
3563
3612
4473
2843
8553
3675
8460
2627
2742
3231
5263
3120
3257
2807
5341
5402
3369
5834
2942
5343
3554
6252
4431
8337
3516
3589
3774
3490
3965
4302
9998
3247
3267
2824
3315
5204
4517
6566
3123
3551
3629
2879
3698
4770
4292
6354
8346
3041
3198
3493
3063
4273
4979
6125
3373
3414
7786
3511
10852
2873
2887
3329
2825
4129
8152
3048
4981
3090
9539
3617
4001
2707
2650
3349
3496
2787
3052
2743
3039
3407
2870
3801
5385
8832
4065
4746
8137
5292
9102
9129
6973
8452
9495
3462
3168
4893
3459
3579
5234
10300
10446
8361
8683
3602
4467
3798
2693
2893
2900
3111
8644
5048
9484
4091
4524
6039
2671
3760
8624
2758
3902
4261
3351
4462
6901
3145
6577
2818
5988
4658
3689
4435
2811
5749
7311
2817
4004
4058
7277
3512
3777
2975
4860
3246
3365
10143
10332
7023
7227
7354
3864
4453
5834
6915
7718
2825
4816
3214
3923
3324
9314
10356
2757
3521
2927
3454
2987
3878
4428
2796
2729
3789
5274
2959
7947
3357
7482
2775
9956
3242
4066
3787
9481
6472
3253
4732
8759
5927
10753
2882
9612
4996
5287
7366
6789
2906
3138
3271
3035
3384
4468
4544
4111
9989
2736
5333
5483
3958
4425
5122
4746
5911
7568
2840
3158
4013
3585
4153
4652
6845
7095
3568
3129
6862
3152
5087
5664
7828
8349
3937
5552
3193
5405
3005
3059
2950
4810
9533
4357
6682
3717
4456
8878
2970
5864
6794
2891
2908
3795
3508
5178
7178
9221
3448
8347
10533
8471
5638
6281
4551
3382
10249
2926
2931
4962
5082
7089
2813
3292
5825
3042
3365
4794
3049
10841
7839
3348
3555
2799
2840
5904
4423
10179
4476
2900
2974
3083
3492
4166
3138
8746
2866
7271
3172
3955
3201
3242
4338
5377
6748
9321
2902
4564
4167
4417
2994
3214
3573
2853
3515
3688
4005
4127
7673
3882
4316
5413
3956
7366
10546
3630
4664
8581
4033
8281
3056
3156
3285
2988
3317
3006
3954
6440
3151
3423
4314
3823
4569
3102
6513
6545
4170
9100
2859
3581
6182
3029
3897
9158
5977
7608
3209
10226
2931
4231
4788
4274
4311
3324
3678
3237
3677
7169
8447
8450
2849
4829
5106
3431
7090
2876
8343
8971
6103
8008
2957
4493
3415
3842
3308
3352
3420
4210
2803
2851
3875
9681
3258
3751
4830
3008
4115
9656
9671
2969
5705
3605
4990
4061
3723
7902
7391
7862
3458
4315
3065
7754
3305
2819
6742
3511
4598
4919
4898
10639
3097
7133
5064
5845
2888
5608
3285
4040
5279
9122
2922
3514
3874
4051
5359
5689
6068
3222
3239
3587
4335
3697
3787
5767
2990
5828
6774
9619
2989
3603
4577
7071
7417
4661
4949
2908
7381
2906
3069
4490
10057
3181
3719
8586
2857
4351
9654
4936
5922
3064
4089
2916
4497
2914
4942
3734
5038
3184
4393
6190
6713
7329
3099
7809
7841
8977
2995
3997
8529
2984
3097
4737
3010
4131
5913
2864
5277
3022
5130
8682
9876
3175
3917
5264
3563
5376
10007
4624
5333
10861
2932
4405
3109
9170
4481
9394
3183
3506
3999
3378
4347
3171
9846
2872
2933
3665
2980
3342
5396
5086
9365
5951
7038
10470
2920
4114
6265
3336
3456
4020
2918
4693
5198
3141
3739
7882
3629
5491
3754
8077
3063
3888
4689
3182
6858
2953
5005
4814
4542
3115
3531
6425
2964
3270
5779
2923
3064
3313
3122
4085
8589
3317
4342
5044
4004
2946
4722
6751
9544
3102
4324
7702
3134
3509
3626
9871
6173
8713
3237
4044
3095
4408
4797
2977
3054
6433
2955
7633
6120
7358
3129
5318
2921
3293
4376
2917
4827
8316
4354
8260
4320
2933
3006
5326
3132
7018
7705
8293
3578
3732
5074
3966
5326
6440
5061
8431
2941
6080
7089
9492
6925
7356
4386
4871
2988
4342
3884
4911
3130
7884
4094
10050
3452
3740
3319
3796
7406
5955
8198
3423
3951
9438
7047
2958
3333
6107
3019
3706
3901
8129
3691
4837
3585
5152
3590
4153
5013
3753
5391
5475
5161
8543
6847
3014
3071
4438
3079
3220
4217
3445
4453
3046
3441
6772
3003
3342
7469
3432
4252
5060
4408
5208
4949
4608
8771
3859
4067
3898
6833
8640
3508
3794
3298
3944
4578
3621
5000
4409
5130
4161
3442
4430
7432
3095
3738
3591
4502
8270
3375
4176
4148
6930
3156
9842
2977
3021
4145
3089
3154
3919
3169
3330
3815
3032
3024
4377
5290
8258
3416
7584
3041
3755
4217
3320
6489
5734
6186
3486
7838
4188
9867
3560
4321
4844
8396
7702
5961
5349
3226
7821
9240
7178
7185
9381
7559
8733
8824
3380
4653
10246
2988
3547
5110
3385
4345
3058
3213
4775
3984
4939
4558
3414
4357
3608
10132
10602
5729
7190
8729
3011
3100
4100
3938
3411
3510
7960
3120
3249
9547
3572
3927
7283
3193
3467
3985
3712
8724
3861
9296
4497
5575
6281
8405
8430
3269
4541
5352
3082
4642
6025
5971
3035
3177
3663
3805
3016
9325
3191
3262
5480
3154
3626
5599
9424
4142
3195
3483
4235
3354
3491
3620
4770
8596
3270
3329
4117
4326
10402
4595
3990
4281
3791
4836
3173
7437
7770
4870
8448
3143
6470
9202
4162
4505
8607
3796
4565
3067
4492
6854
3089
3176
4150
3366
4031
3098
3523
5198
3125
3583
3911
3079
3533
7027
7716
9185
4624
3913
3926
4096
3468
3593
3610
3261
8333
3819
8900
9589
10847
3513
3772
8283
8253
8296
8771
5059
5587
4377
5201
3079
4476
3121
3205
4187
9560
3704
4178
3088
7368
3196
3659
8123
3140
4897
4977
3565
10812
5253
10255
3910
4779
3639
7822
3683
3224
3453
4629
3669
3947
4052
3121
4168
4246
5383
4152
7463
4833
4905
3076
3406
4085
3148
4378
6222
5719
10298
10596
3511
10029
3303
4075
5409
6066
8506
3559
3616
3849
4635
5996
3665
3670
3890
4673
4803
3377
5993
3733
4125
3705
5509
5598
4058
4595
3444
3473
3749
9431
4726
6757
3221
3290
3942
7408
4459
5802
3135
5654
7385
3571
3944
4111
3338
4304
6530
3112
5039
10124
3595
7366
3259
4836
3768
4648
5182
5552
3354
3968
4489
4551
3351
4479
4591
4113
5029
3387
5998
3548
3602
8815
9522
6771
3283
4227
8231
3253
3282
3668
9929
3483
3524
3392
5100
5376
6056
7644
4169
4750
3943
4199
3522
7745
9767
3148
4285
3667
9069
3228
6037
7001
3238
10287
3180
4862
4566
5520
5478
5923
6004
7325
8083
4861
3230
4846
3332
7772
3170
3421
3671
4127
6270
3364
3161
4414
4516
3485
3892
9675
4387
4230
4156
4244
4353
8927
9526
4140
6044
9020
4271
4658
5361
3498
7572
7753
7923
8436
3280
6229
5280
7973
3871
4221
4050
5367
3393
9207
9779
3464
6117
3282
3670
5440
6996
7109
3215
4463
4034
4247
5833
8449
3926
4391
3558
3814
3827
5316
3424
5109
4491
7701
3407
5194
4128
5182
3729
4492
5803
4432
4776
3588
8917
3676
9768
3488
4883
3696
7435
7585
5953
4202
4517
5515
4843
6369
3720
6270
7423
7210
3260
3337
3908
3604
3877
5022
3637
3919
4150
3219
3419
5247
4202
7025
3256
4917
3876
4993
3326
3716
3837
4059
4669
5296
10508
3896
8516
6726
6929
8099
6389
8637
9626
3730
5299
3980
4092
4568
5660
10135
3975
5285
3795
4579
7381
3953
6433
3894
4134
3659
5283
6414
10372
4023
8598
3564
6513
7557
7679
9503
5696
6820
3243
3278
4260
3857
8544
3806
4455
4288
4823
3736
4754
6632
4231
4940
3846
4644
4034
4168
5162
4228
8240
4602
3586
3726
4725
6316
3741
3802
3792
5271
5946
4264
4401
7906
4209
3688
3946
8289
4562
4588
3337
3421
5303
5265
5738
8951
4491
4930
5196
4713
4147
5058
4798
9058
9155
3590
4015
4562
6818
4126
8015
3685
3784
3391
4593
3408
4690
3437
3853
3287
4790
5003
3568
4550
7233
7910
7913
3742
3871
7528
4025
5184
5797
6825
4572
5630
4542
3487
3364
5039
3903
3961
4537
4588
9851
3573
3923
4772
4636
5383
3825
3982
3763
3726
10183
10292
3653
5037
7183
4702
3406
3906
7571
3500
5122
7671
8207
4214
5164
3651
6292
7384
4002
4251
4030
4121
4385
7390
4721
5293
3390
3671
3900
3453
3542
4032
3402
3880
3976
3469
3810
4350
3889
6789
3305
3547
3833
4532
4584
5492
4527
7379
3657
4455
8526
3477
3815
3401
4163
4734
6754
7241
3370
7399
3920
9363
3361
4797
3475
3716
3900
3522
4925
8151
5024
7845
7971
3495
5417
3746
4106
4762
3455
3544
6163
4016
6815
7074
3932
5243
3751
4576
3528
5124
6394
4174
4557
7098
4006
4489
3643
3725
4200
4892
3394
4527
5050
7093
7329
9552
4062
8229
3482
4370
4048
5115
3973
4342
5052
4223
5963
4704
5186
3466
10848
5230
8865
4062
5699
7418
3410
4018
5700
5392
7103
4181
5036
3641
6331
3380
10189
3601
3870
7739
4123
5147
4341
5081
4117
4537
9858
9463
9546
9818
4246
4636
4840
6967
7539
8130
8282
3466
4817
6832
3367
8745
3795
5587
9400
9539
9741
4077
5067
8029
3768
3446
8132
3690
3782
4853
7377
3769
9290
4157
8095
8224
4145
4312
10131
5994
6472
7290
3521
3556
3896
4333
8297
3946
5177
4536
9057
4831
5009
10240
10744
3859
4103
4247
4265
4522
5594
7066
4276
7363
3822
4619
5591
4324
6545
4906
3907
4063
4003
7526
4085
9467
5558
7963
4564
4923
5040
5180
7943
4287
4294
7770
4362
5221
9471
3668
4000
4732
4499
3967
4514
5031
3739
3935
4104
6218
10535
10565
3600
4076
8362
5637
6249
6784
5200
7309
3445
4035
3627
4359
4508
3705
3652
4578
5027
4710
8155
9120
4096
4614
5524
10291
4817
7374
10012
8559
4962
8065
3901
4324
3694
3843
3702
4219
4433
7370
10575
3948
4351
6711
4684
9906
4857
5155
3530
5029
8392
4576
5705
3708
5799
3972
4039
8094
3841
3991
3481
4358
3656
4969
5916
4596
5114
7774
4039
4243
7767
7214
8152
3788
5274
7634
5078
7144
4818
6718
7408
3770
4780
8899
5363
6883
3778
4245
7453
3967
3858
6814
4152
5487
3685
4156
3707
6484
7287
9328
4253
5554
5356
7703
7950
3767
4367
10369
3775
4287
4621
4821
5147
3701
4424
7692
4400
6621
6290
7752
4755
5217
6873
3884
4799
8098
5308
3654
6904
9280
4892
4978
5661
4050
4332
7499
3731
4558
4651
4225
4900
5098
10758
7165
3495
6108
5215
7635
7854
7903
4267
4640
4283
5455
7879
3581
5351
10323
10448
4088
5126
3680
4715
4387
9558
4854
3976
5034
7677
8316
5145
9574
3952
4277
3523
3576
4631
4156
8744
3778
4880
6116
8011
10074
3569
3576
4301
6702
10462
3623
4994
7538
4438
5005
4155
5032
3997
4155
4353
5516
5652
9460
9496
3988
3858
4757
7156
5174
5584
9049
10357
5490
7696
8570
5542
4782
5856
4002
4100
4597
6627
7875
10588
10668
3642
5261
3773
4649
7711
3941
4160
4149
5156
9486
4586
4626
7269
4056
4248
4133
5051
5888
3596
4116
5673
7912
4806
4984
4354
4656
7339
3833
4200
3854
5169
6698
9752
3797
4736
4007
6865
3909
4092
5163
4942
3779
4118
3709
4740
8803
3567
3861
5636
4275
5453
3758
8460
4161
5598
4305
5829
3818
9802
4316
4967
5277
4183
5093
5024
4165
4478
3633
5769
6266
5072
5575
9714
6284
3708
4878
6980
4277
9566
5419
4782
4301
9793
4936
9999
3714
4849
6512
9708
4787
5687
8110
3762
8058
9529
4645
8054
3942
4329
3760
4172
6750
4471
5113
3937
6461
5063
5758
6259
3802
10509
8530
6518
6813
5218
10211
7398
4320
4072
6714
4270
5245
4210
5957
10671
3748
4413
4259
4488
3617
3786
3907
3908
4698
5761
10299
4586
5395
4466
4555
3731
4822
5722
4741
8408
4704
5858
4326
4701
4456
5423
6303
7182
4476
5349
5493
4262
4670
4789
3743
4176
5047
3718
7997
8103
4547
7155
4638
9951
3978
4894
5679
4397
8199
3870
3881
3867
4372
3744
4174
4204
3885
4884
4894
5452
3694
3918
4115
4633
4151
4570
3652
3713
5095
8108
3803
4087
4400
4815
4937
5602
10430
4753
8077
7467
3766
5248
4269
4031
5112
4499
6212
10824
10278
4721
5500
4696
3830
4520
10698
3685
4244
4735
4652
6695
4431
4284
3927
4584
5295
7339
3742
4141
4364
4454
4605
5593
5890
4737
4805
5372
5950
3945
8949
5986
6276
8437
6968
3830
3996
4406
3852
4642
4238
4922
5626
3684
4466
8057
8060
8023
8035
9125
8329
8481
4362
4717
5140
5371
8958
10170
4452
4835
3755
3800
10303
4426
4540
4814
5321
4012
5303
5150
6636
4569
5809
7591
8703
3786
4119
3911
4457
9063
3757
8369
4352
7320
7573
4140
6991
4227
5595
4720
5273
3925
4000
4122
4267
5445
10270
9601
3925
4082
4530
4888
8269
4291
5082
4615
4991
9949
4419
5545
4299
5492
5018
10660
4632
4923
3949
3744
6700
3922
8607
3764
3912
3750
5123
6452
4818
3739
6660
8521
4194
7580
4878
5978
9659
4061
6330
4196
9046
4280
6444
4825
5656
4181
4424
5450
5894
3961
4182
10449
5873
7345
4228
5427
8226
4890
5771
4186
4914
10182
5046
4493
7854
4266
4631
4876
4037
4786
4648
5280
10345
3899
4128
3789
6258
5826
6798
5542
8994
6931
9901
4880
5315
5622
4468
5469
4025
4080
4961
4948
6858
8157
4867
5467
4266
4402
4399
4574
4198
5294
4082
4122
4248
5258
4380
4760
6560
5355
6184
5446
8323
6308
7374
4133
8797
7389
7783
3839
3936
3939
4103
4172
5397
5083
4467
5035
5202
8230
4082
9910
4635
4970
4046
4084
4427
3791
5332
3850
6844
4717
4259
3949
4015
8295
4528
6013
3879
4711
4952
6257
8150
5714
4225
5882
4028
5281
9103
4749
5796
4948
5798
5205
5661
5861
6708
9652
4454
5841
5615
7161
8944
10836
4298
6997
4087
4330
3958
4063
5235
6543
7981
4405
8397
4843
10235
9477
5208
6490
8279
4555
4726
4944
4950
7226
4384
5994
6501
4676
4710
5599
3851
4215
4365
10309
4032
4361
4556
4899
5880
3990
9154
3867
4078
4609
7004
9807
8161
5601
3872
4529
6132
3863
3941
4838
6511
6921
10322
3996
4426
4563
4544
5386
3913
4057
7785
9461
6091
4207
4318
6467
8477
10071
3882
4055
5420
4943
8200
7752
5042
5605
7723
5934
6065
3957
4643
4422
5286
3995
5501
4989
9263
4629
6078
6193
6269
4640
5480
4886
5100
5461
3894
8372
6214
5378
8364
7343
4192
5300
8096
4856
6059
10568
4751
5027
5572
3971
4409
5859
5681
8551
4385
4643
6651
4681
8233
4758
5086
5852
7938
4018
4606
6899
4313
5504
4166
7567
7874
4747
4118
4747
8670
5000
4444
5210
4124
4501
4047
4524
4471
6164
4702
4335
5345
4481
8274
4828
5885
5414
8338
5387
7696
4900
5623
7847
5110
4904
4846
8507
9704
5239
9525
4982
5104
5600
4761
4463
3972
4317
5552
7009
4333
4428
4764
4603
4691
4325
5563
4021
6405
4207
5458
4412
6011
3981
4003
6309
4331
5716
5149
5608
8491
5565
7971
4144
4726
4782
9106
4411
5173
8549
4604
5692
9576
5069
6251
4565
5557
4149
5275
8657
10368
4796
4340
4980
4190
4191
4793
5403
4385
5434
7611
7639
9052
7273
5692
6691
6383
5977
7449
8366
5229
5484
5768
7563
4263
4387
9289
6660
8484
5592
5630
4045
5703
4593
4164
5896
9763
4550
5680
5830
4785
4945
6499
4124
4179
4322
4552
5132
4553
5302
7396
5337
4963
6571
10613
4680
5010
9564
5080
5795
7328
6792
7593
4191
4223
5691
6099
5807
4566
4676
5527
4489
10069
5687
6478
7684
4441
5877
4548
8193
4927
5008
4322
5001
8457
4764
5789
5284
4505
4037
5454
4440
5393
4230
4803
4607
7663
5048
4254
5007
4899
5473
5111
8007
5555
6094
9412
8520
5437
4823
5358
5567
5185
4817
4934
4516
4963
5957
4635
5674
4018
8726
4102
4429
4885
5906
5921
7342
5623
4315
5256
6233
5422
8216
5083
9018
4826
5712
7463
7506
4237
6426
5832
6277
7150
4449
5266
4837
5672
6396
4925
6609
7572
4615
4786
5876
8158
8259
4425
5366
5718
5252
5798
6397
7769
4054
5744
4359
5271
5478
4673
5103
4781
5307
6028
4766
5808
4716
5462
8910
4916
5404
5371
6807
5225
4136
4842
4390
5118
6458
4106
5582
6624
4645
5449
4253
4658
4574
4672
5536
4118
5486
4488
9791
6445
4079
8214
10070
6675
6745
4219
5227
9912
7596
9892
6107
7569
4813
5546
4279
4323
5196
4227
4982
5639
4765
5816
5779
5724
10491
4256
5382
7509
4665
8399
9750
4641
5488
5138
9281
4184
4692
6934
5831
4777
10285
6284
4744
7419
4380
6162
5793
5790
6485
5432
7273
7014
5910
5951
6831
5168
6976
5833
7234
4783
4442
7355
5168
6118
10147
4522
5042
4582
5228
5753
4180
4800
4813
4862
10498
10321
10418
8078
4363
5474
5650
7677
5040
6667
10108
4877
5222
5728
4462
5257
8314
4160
5160
5459
5463
5012
4945
5259
6583
4547
5549
4124
4205
4920
6174
4137
6832
7362
4642
5511
4647
5475
4906
5861
6137
4772
5018
4767
6754
5353
9870
5776
6350
10113
10242
10364
4175
5211
4613
4703
5559
9957
4483
4801
5119
8031
4956
5596
5056
9231
4745
5334
7897
9091
5952
4374
5964
6128
7301
7402
9229
4441
5348
7077
6735
4917
6308
6615
5739
8443
4707
5525
4193
4666
4680
5431
4445
5320
6212
6298
5170
6075
5226
7970
5004
5107
7776
4283
5006
7185
7189
4383
5883
6006
5775
4337
5319
6643
5917
4475
4744
5581
10609
4681
5635
8906
8955
4904
5919
5538
4254
4355
4927
5928
4201
5390
4807
4193
8375
4460
4657
4921
4224
5797
4812
4237
5264
9844
4298
4694
6495
7218
5398
6280
4760
6060
5853
4637
5199
5262
4631
5198
6189
4508
5881
7722
4427
5503
4368
4778
6052
6041
4944
8737
8864
6865
5829
8919
4730
6153
8210
5958
6124
4743
5539
4313
5640
4370
5568
4626
4665
5939
8754
5158
4473
4620
4919
5046
6026
4538
5084
5850
6097
7691
7001
4360
7064
6438
5249
5609
8225
4824
5756
7746
4779
5746
6605
4303
5401
7959
5417
10165
5136
5706
10174
5580
4389
5440
5422
7983
4669
5945
5548
9322
5272
4690
5518
5428
4280
8557
6129
5905
4329
6380
5922
6523
4299
4532
6126
5131
6488
5343
7093
8115
5961
5079
10337
5293
6510
9616
6840
8008
5418
9082
4347
6301
6503
4691
5370
4400
5172
4343
4973
5422
6114
5307
4451
4582
4738
4987
5276
4935
5201
5590
7137
7605
9452
10554
6203
4983
5540
9260
6744
7548
7957
6817
5864
6648
9131
7808
4498
5777
9888
5551
5948
5821
10780
6305
6456
4464
6761
6207
6208
7043
6952
8420
6049
6115
6281
4328
4874
8159
6172
6797
7148
10218
10358
4712
5506
6307
10139
5713
5676
5628
4781
5886
5762
7688
4607
5464
8802
5120
5324
5620
4552
5887
7448
6261
5291
10011
5297
5394
5846
4410
4688
5750
6392
7485
6918
4503
4730
5412
5871
4995
5653
10191
5669
10119
7987
6370
5918
4464
9499
4627
4647
5391
5038
6226
4486
5439
10511
6303
6331
7246
4839
4611
7459
6338
8131
8981
9405
7085
7353
7420
6817
4934
5323
6013
5069
4670
7052
6104
6035
8196
4881
10479
7759
8568
8867
4581
4682
7508
9773
5962
5288
6683
7874
4985
6206
5023
5835
8502
8095
5654
4406
4426
4448
9493
4671
5129
5289
4503
5476
7786
5241
5765
4808
5143
5571
5437
5526
5845
4835
5862
4938
5673
5381
7557
4459
4739
7504
5021
5070
5675
9147
4464
5577
6291
6678
7173
5733
6443
6799
5340
4859
5955
8351
4611
4946
5534
5621
9343
5116
5496
7094
7096
4850
7110
5095
6274
4951
4959
6186
6632
7380
4612
5611
10228
4439
4752
5899
5057
6178
5736
4501
6888
8967
6737
6988
6403
4684
4834
4534
4627
4887
4595
4890
6205
6758
6995
7488
8317
5312
10237
10749
5233
4860
6254
4951
4974
10846
4505
5865
5866
4646
6374
7675
8090
4893
6078
4526
5170
6655
7043
8222
7142
10377
7337
6177
5182
4616
8518
4695
5070
5237
6146
6157
5914
5410
4628
5985
6015
5908
5751
6220
4589
5250
8387
5226
5725
7918
5289
4594
5135
5460
5472
6501
8467
4655
5721
9459
9643
4943
6127
5914
9594
4622
4699
5924
6763
5223
6388
6916
4484
5385
4700
5827
6295
7429
7476
5481
10580
4621
6239
7499
5715
5969
10019
4987
6788
8390
4559
8676
6125
4581
4622
5400
4677
9625
5483
4774
5234
6002
4675
6376
4819
5948
6064
5153
5731
8393
5845
7929
5416
4543
4931
5308
5992
6368
6952
6577
7317
4748
4809
4895
6260
7938
6818
7235
5088
8055
4672
5146
5311
5014
5246
6046
5111
5373
5373
10319
10453
4639
4699
4711
5778
4839
4790
6077
7907
8548
4573
4796
10094
5051
8658
5327
9602
4663
7882
5523
4874
5347
6813
4684
4733
4683
4688
6320
6198
7322
4881
4840
5205
5541
5890
6910
5346
6090
6117
6073
8368
5571
8439
10327
5972
4953
5215
6316
6988
7987
6031
4960
5479
6423
5354
7011
7100
6604
4789
5169
6040
6245
8146
5379
7360
4820
6490
6591
4694
5533
7066
7513
5468
5541
7444
6076
4619
8024
8862
10548
5306
5363
6482
5107
5966
4968
5907
6440
5497
7269
4802
5240
5996
5732
5219
4901
7039
8251
6493
7223
4625
6371
5007
5214
7834
5795
6045
7586
4705
6718
10194
6885
5891
6332
5144
6019
7204
6494
5224
6157
5147
5530
4616
7665
5304
6522
5187
5460
4786
9267
5154
6018
7926
4935
5803
5854
5496
5726
5870
5002
6224
4715
5787
5585
7037
4879
9682
6712
7350
7844
5282
5842
6677
5437
5579
6091
4957
5944
6983
4752
4955
10600
7720
7628
4778
7355
8218
6534
4882
6010
6187
5754
5133
5441
5456
5880
6273
8656
5348
6047
10308
7499
5745
5514
5872
7168
6343
5819
8528
5825
4888
5720
6263
5289
7550
5618
7730
7875
7599
5036
5634
6571
7720
4739
4855
6741
6946
5213
9609
4660
6089
7733
6143
4696
6442
7252
8805
4739
4744
4679
6079
6238
6712
8427
4682
4882
4921
5426
6633
7140
6336
6517
6164
5484
4921
4929
5802
5960
7236
6009
4685
5120
6005
6315
7683
7350
5938
6830
4946
4971
5327
5357
4894
5325
6071
4809
4924
5033
5521
5172
5517
6043
6379
5667
6757
6134
4855
4929
8522
5073
8013
8901
6822
10188
4748
7118
6244
10344
5020
6119
6559
6092
10302
5609
6195
6271
5164
5892
5384
5691
5589
6625
9287
6288
4809
5629
9665
5020
8731
9369
4939
6105
6200
5933
8062
4789
10118
10618
5254
7648
8043
9631
5514
5782
5012
5979
5507
5470
5567
5668
4872
6818
7475
4746
5664
7988
8358
6159
6960
9096
5565
5391
9578
8783
5332
10184
5461
6081
7590
7627
8310
5446
6524
6580
5730
5941
6014
7857
8736
4864
4939
6431
7879
8663
7729
5545
5997
5702
5089
9403
5668
5898
6763
7992
4947
5626
5726
6202
5303
6418
6861
5219
5617
9666
6264
6333
7272
6302
7835
5103
5430
5698
7474
5338
5827
6907
7075
4976
5085
6572
7287
5062
6420
6031
8234
5018
7456
4864
6318
5378
6519
6349
7056
8192
8070
9059
6113
6232
9357
5071
10360
4812
5236
5931
6707
10684
8036
10551
10173
6293
6940
5028
5125
5965
8350
5893
6618
6966
5306
6954
10415
6535
5113
8097
9518
10703
6121
6418
7640
6167
6427
8759
6137
7207
6153
7404
8640
5810
4841
5466
6007
5920
7368
6109
6850
6672
5495
5857
6489
8635
5713
5772
6518
8156
6387
4887
5191
6377
6313
5360
5431
5253
6239
5792
5503
9595
10482
7845
6172
9895
9743
4974
6354
10525
5071
5730
5547
6198
7195
5743
9946
6782
9050
5859
6062
5021
6704
10051
6350
6196
6801
6265
5625
5992
6449
10589
7384
7278
5762
6041
7071
4885
5893
6241
5015
9205
6257
6338
8855
6360
7113
6699
6995
7450
8017
9418
5241
5499
7030
5390
5583
6348
7530
6552
6253
7504
5008
5213
4989
6496
5045
5322
5930
5471
6483
6421
6507
8578
6169
5298
7961
6344
6946
5624
6086
4960
5606
6037
5102
7313
5695
6631
6346
5697
5304
8182
5644
5647
5902
4975
5133
5314
5125
5438
6163
7357
5474
6594
5337
6432
6030
6921
5975
6695
5192
5270
8217
5448
5620
9590
5969
6638
10296
4946
5298
5369
5301
5849
7642
5560
6230
9332
5070
7758
5117
5425
8111
7250
8933
5060
6531
10219
5259
6662
5384
5860
8453
5659
5973
7174
6657
5440
6739
8732
6100
6581
10501
5033
6692
8575
5154
5232
4986
8665
5243
6061
6740
7049
5014
5025
5077
6538
10136
5714
9720
5255
6537
6878
9755
6041
6528
7417
8556
5581
8765
6242
9350
5243
7922
6065
7507
5033
5387
5801
5573
5577
6648
5251
7794
5233
5098
5323
8922
10599
6808
10160
6203
7927
5164
6762
6540
6279
5262
5438
5025
5820
5644
9715
5048
7487
10645
5676
5875
5151
6119
6788
6408
7991
5693
7986
6223
10185
7761
5872
9670
5346
5612
6392
6624
7616
9953
5831
9592
9863
8660
9315
5807
6072
6595
6823
6123
6145
5220
7251
6935
7116
5127
5786
6527
5926
6259
6612
5481
5982
6322
7613
8271
5615
6963
7489
5166
8093
5711
5700
7291
6582
8498
5203
5693
5869
5874
6434
5648
5636
6435
8290
5852
8232
5744
9812
5600
7092
5486
8876
6752
8148
6539
10527
6062
6080
8857
6327
8071
8496
6611
6864
8085
6345
5538
5645
5059
5166
5489
8345
6546
6611
6037
6225
5935
6001
6928
6942
9111
9291
6099
9430
6865
5980
8679
10002
5830
5123
8694
5175
8236
5649
9122
5905
6057
6453
5174
9843
5840
6939
7799
6641
10464
6384
6489
6450
6579
7692
7901
5435
6122
9624
5108
5171
5191
5330
6439
6707
8298
5669
7935
6102
6011
7551
8384
8998
6463
10499
5612
6711
6891
9897
5717
5993
6477
7050
8905
9548
9961
6904
9299
5684
6229
7445
5853
6410
9559
10204
6606
5650
6689
7871
6020
7797
8963
10666
6285
6706
5844
5642
5959
6082
5642
5665
5616
6356
10401
10667
6855
6924
6500
5322
8465
7262
9197
6032
5775
6055
7550
5502
6699
5722
7558
6610
5682
5752
5517
5824
6038
5200
7712
8406
6108
5165
6402
7604
5954
6072
6734
5811
7245
6040
6343
6140
6374
9112
5665
10452
7694
6121
7187
6289
10095
5810
6412
5675
9536
6638
7348
7369
6653
8642
5715
7785
6053
6984
7788
6296
8402
8470
6403
8667
5331
6060
6098
9875
7339
5803
6170
6735
7480
6393
6961
6911
5784
10454
5995
6158
6956
7120
5191
5909
5868
5949
5534
7274
7659
5624
5937
5793
6166
7695
9472
7039
6203
6399
7808
6603
10251
5436
5317
8365
7076
6014
9227
9582
6325
7929
6063
6550
6301
6555
7035
8315
5579
5603
5875
7760
6794
7373
5576
7915
8787
6383
9426
5965
7708
5193
5935
5742
6475
9026
6596
7191
8890
5355
6882
9443
5770
6204
6181
7518
5877
6275
6028
6705
5347
5895
8428
5526
7220
5873
6135
6411
6965
5868
8204
8312
5900
6848
8592
8938
5743
6209
8676
7436
5694
6188
7791
6013
8924
5818
9905
7059
9584
5227
6139
6837
8263
6352
7468
6225
7146
5393
5466
7766
8712
6128
6324
7265
7272
5742
6083
6106
6697
5688
5751
6231
6240
7532
5925
6117
7837
7979
9945
8033
6213
6314
5736
6017
5522
5530
5874
6216
6660
8582
5433
5934
7606
6676
6981
5917
6245
6178
7371
5330
5468
7056
7604
10393
7101
9107
6297
8123
5505
7262
7659
5428
10579
5895
9546
5970
6096
7091
5970
6407
5614
6211
6288
8038
6036
8692
6075
6102
6286
7648
5733
6749
6886
5730
10429
10539
6299
6395
5703
6286
8174
5718
5995
5479
10505
5512
6016
7784
7257
5548
5298
7763
6438
6731
6615
6396
9423
6515
6673
7581
6619
8415
6652
7141
5843
6390
7174
8608
6938
6177
6723
5537
6741
6868
5347
5800
6210
6012
6856
6520
9917
7163
8476
9165
6686
6805
5666
6459
7587
5353
6874
7269
6292
6771
6565
7323
5631
7208
5909
6300
6485
7307
5842
7796
5865
8921
7184
5781
6362
6663
8019
5550
6457
6968
5740
10115
8636
6000
6192
9885
10192
10853
5819
9258
6614
5528
5946
9163
8695
5385
8613
6192
6336
6502
5495
5782
8221
8487
5795
6668
7200
8203
6230
6696
5962
9823
5682
6386
6261
6821
7147
7460
6130
6520
5531
6903
5651
6842
8629
6389
6021
9248
5777
5972
9256
8054
8116
6460
8853
6523
7546
6557
7314
6311
9001
6658
6787
9318
5745
6250
6617
6675
8101
8189
8677
5879
7595
5732
5940
7193
7851
5670
10467
6821
7088
7364
8250
6460
6001
6209
6147
6189
7266
6844
6385
6494
6495
6220
6370
7889
5967
9932
6923
8277
7129
5537
9433
6050
6879
6889
6275
7447
6821
7006
5739
9803
6746
9000
5727
5776
7138
6479
6558
5768
7522
6167
9271
5931
7664
7661
7858
6156
6958
9795
7000
5616
5607
7840
5993
7385
6473
6652
6852
5817
5837
8339
10313
6312
10098
5608
5830
5628
8782
6715
6777
6482
8580
5632
10317
6843
10813
6509
7401
5887
8213
10510
9429
9511
6521
6709
7495
5937
6625
7802
6399
6400
6466
5806
6363
5982
6223
5631
5851
7477
7540
5597
6312
5825
6022
6103
6206
6088
6529
7190
7947
5938
8483
6263
7998
8557
8567
8933
7018
7512
7144
5866
5923
6655
6767
5606
6416
5495
6112
6694
6079
6528
6736
6783
6262
6564
6104
9297
8415
5975
9172
5876
6470
8124
6302
9392
6032
6416
7832
7156
6546
7024
5571
6235
6065
8026
6241
6798
5817
5936
6671
8698
5876
10150
7663
5611
6080
8378
10047
8687
6556
6979
9143
6559
7135
6043
8167
5497
6598
5922
6801
7048
6904
6262
9947
5685
5718
6055
7810
5932
7441
8536
6138
7412
6207
6334
5655
6025
6599
7301
9904
5778
6570
5893
6038
5573
6234
7651
6139
6330
6739
9344
6646
7522
7917
6066
6764
5535
6029
5947
8328
7015
7266
5776
6549
5974
6349
9338
6579
6919
7483
5579
5990
6162
6227
6215
7544
5616
7433
10373
6007
9186
6120
5990
6217
5688
5703
6547
8341
7637
5592
6051
6126
6385
6491
6654
8972
6419
9108
5871
9821
6304
7529
5892
9139
5702
8219
6000
7595
7444
7866
7673
10808
6590
6105
9311
7075
5597
6313
9288
5613
7125
6165
7342
6012
7063
7872
6458
7525
6404
6210
7491
7798
6061
8181
5684
5884
5617
6788
7820
9245
5908
6233
6408
7787
6242
7868
6964
7111
7940
5740
5570
5578
10280
5847
6076
9827
8235
10532
6672
9909
6150
6799
6827
7299
8169
8881
7002
6124
5800
6505
6554
5794
6659
5944
6372
5987
7106
6941
6800
7282
7039
6569
7050
5619
6987
5787
9144
8155
7240
6113
8555
6327
6654
6180
6200
6345
8133
6247
6792
6996
5614
5659
6307
7629
6287
10678
7641
9204
6448
6663
7829
6562
8144
6412
8294
8119
6391
6110
7775
6600
7152
6854
6243
7727
9266
9903
6540
8639
6187
6481
6176
6286
7162
6783
6819
9133
5907
6228
7502
7271
7057
8587
7824
10375
6930
7975
5930
8709
6805
6455
7204
7041
7891
6180
6417
6570
6673
5784
6959
6649
6390
8357
9195
6550
6554
9080
6328
7121
5783
8595
6255
7766
7784
6691
9848
6620
6717
6289
7388
6140
5697
5801
6790
6670
9056
6883
5867
6419
6548
6769
9458
7596
6074
6258
7729
6185
8982
6430
8414
5839
6800
10282
10615
6224
7860
6424
6630
6664
9898
10227
5737
6785
8564
5710
6588
10864
6119
6457
6420
8947
6035
10146
6578
6599
7402
8463
6567
6535
6351
7842
5968
6156
6536
7218
6512
6146
8481
8561
6959
7070
6469
8256
6802
5735
8452
7126
7620
7712
5797
6321
7215
6126
6935
6761
6463
8809
6587
8266
8404
5964
7657
8212
6147
6717
5721
6238
9432
8462
6834
7682
6436
6537
7232
6894
10680
5973
8788
5818
7750
6636
7614
8017
10633
5920
8997
6809
7040
10187
6333
9387
8081
6143
6863
6693
6696
6538
7373
7239
7372
5889
6971
7063
6658
9519
5958
7219
7803
6842
9532
7725
6348
9372
6089
6608
8814
6511
7377
7885
6189
6717
6248
6279
9162
7034
6347
7024
5781
6243
6867
7521
5941
9084
6066
6562
6510
8775
6441
6856
6978
6622
7108
9483
6707
7976
6097
6049
5774
6138
6151
7735
7850
9470
9497
6155
6880
6989
6133
8348
6595
7501
7498
6451
6839
7045
7016
9517
6687
6583
7353
7656
8566
6584
6727
6631
6679
6879
7012
7602
8870
6346
6587
6431
9437
7493
10097
7861
8199
6480
7923
6481
6526
9200
6866
6826
6413
6830
6585
7314
9754
6284
5896
6005
7478
6109
9396
6421
8185
6073
6516
7107
6541
6634
5976
9040
9336
6191
7292
7745
8403
9664
6264
9413
5836
7781
6190
10177
10829
7559
6867
7034
6120
6364
6232
7695
8615
7731
7786
8793
9967
6141
6495
8230
6746
7566
7338
7861
7982
8288
8291
9504
6032
6046
6070
8284
6211
6576
8599
9097
7490
6034
6314
6171
6380
6780
6872
7552
6441
7505
6145
8749
5936
6006
8545
7895
6110
6319
6367
7137
7288
8565
6272
6875
6606
7021
7686
6141
7735
7347
6641
9900
6857
7053
7225
8770
9201
9213
6634
9286
6439
7538
10721
6597
9535
8268
6730
7020
7114
6432
7087
8514
6359
7500
6452
6271
6602
6321
7617
6364
7099
6423
9913
6318
8422
8405
6132
7138
6250
6447
6986
6995
7921
8886
6764
6938
9756
6306
6356
6402
6564
6483
5915
6162
7884
6063
8190
6266
6874
6733
8859
6278
6140
7471
7870
7186
6240
6503
7546
7304
7325
6776
9994
7209
9836
6000
6665
7528
7713
6602
6094
8242
6539
6756
8707
6374
7122
6948
6479
6687
6258
6047
8753
7279
8986
6650
6685
8659
8344
8987
7610
8391
7143
7177
7653
7211
7778
7706
8245
6582
8066
6095
6498
8825
5974
5985
6364
6627
7023
7046
6840
6377
6502
6016
7118
7102
6227
6320
6669
6936
8264
6268
6433
8895
6255
6601
6404
6214
7035
6983
7313
7541
9543
7659
6022
6386
8999
6246
6753
6544
7286
7176
6542
8778
9073
8525
7005
7680
7158
6917
6496
7561
6135
9109
9990
6551
6703
6355
10067
6552
6669
7851
6006
9810
6018
9883
6506
6254
6767
7636
6287
6857
7690
8188
7881
7681
6567
6630
6730
8697
6249
6779
10347
6181
6306
6701
6034
6950
7536
7939
8112
6504
8920
6609
8151
6486
7205
6240
6558
7880
8996
6382
7005
6467
6365
6405
6381
7191
6871
8741
8527
6068
6272
6905
7083
6175
6375
6728
7471
6169
8027
6253
9955
6680
7189
8662
6797
7261
9211
6159
8734
9023
6884
10127
6273
7732
7155
7279
8262
6955
7461
9310
9090
7057
7414
6219
6256
10630
9071
6357
6962
8645
10576
6213
10844
7260
9832
7919
6849
6537
6580
8937
8389
9580
6392
6664
6531
7969
6336
7855
6666
8693
9540
6504
9745
8435
6992
7537
7626
7062
7324
6496
7326
6721
6944
6131
6908
6766
7645
6296
6422
6202
7175
6834
7554
6366
6388
6366
6375
6937
8898
10230
7131
10111
6362
6926
10314
6519
9110
6509
6391
6752
7131
8625
6603
6685
7085
7814
6931
9975
9800
6825
6202
7511
9728
7110
7217
6571
8568
10695
6668
7031
6594
9017
6614
8418
9181
6170
6468
6760
6584
8025
6478
6249
7074
7041
7993
8077
6704
7196
6547
6806
7120
7316
6231
8931
9732
7597
6182
6703
6148
10151
10447
6188
6732
6492
6616
8831
6372
6388
6983
7624
7913
7042
7081
6150
6613
7044
6608
6321
6722
7426
6697
10445
6993
6740
7081
7945
6468
6927
7179
10168
10340
6646
7216
9516
10594
9490
9511
6912
6355
7375
9226
9145
7230
6368
7122
6780
6835
9070
6943
7228
10163
6193
6457
6430
7542
6565
6518
8935
7362
6586
6589
7008
7400
8925
8220
6508
6933
7253
6593
6578
6906
6221
6947
6201
8562
6907
8429
6648
7594
6409
6628
7295
7933
9891
6304
9114
7722
6503
7164
6413
6441
6802
7222
7485
7318
7032
6505
6828
6332
7833
8212
7614
7455
7612
6573
6474
7827
10060
7332
6435
6459
7078
6462
7099
7205
10374
6574
7004
8034
7081
7150
7431
7473
7375
8101
6820
6610
8063
6665
6234
8468
8574
8125
7503
6613
7027
7788
7263
7878
8112
6337
8532
7472
7016
9182
8282
9016
6743
7017
6896
8371
8847
8747
8046
6434
9907
8540
7124
7200
6893
6773
7764
6743
7211
8145
9206
6705
7818
6422
7281
8755
6307
7511
9887
8459
6694
10109
6500
8956
6796
6533
7741
8089
9859
8223
7097
7535
6785
8715
10338
10466
6347
6371
10742
6486
9127
10438
6548
6681
6595
7454
9077
8081
8201
6585
6878
7351
7208
10243
6426
6505
6558
7795
7275
9166
9474
6341
6616
6454
8630
8575
8303
8608
9176
6358
6676
9142
7924
6957
6393
7061
7693
6390
7565
10026
9134
7588
8473
7618
6620
9250
10754
6724
9734
6923
6819
8380
7334
8001
10061
6836
7517
6992
9178
6636
7416
6966
6987
7258
6615
8313
7154
6449
7440
6775
6827
7675
7126
7883
8340
6562
6887
7600
6985
7308
9153
8134
10152
8820
8826
6940
9013
6640
6937
8674
6822
8932
6945
6943
7540
6686
6871
6969
7032
8681
6429
6898
8278
7421
6600
6601
6426
6447
6586
6428
7891
7102
7943
8067
7177
7599
7327
6891
7911
6475
7394
7622
9598
6811
7399
6498
6597
6884
6398
6455
6810
7694
6999
7364
8992
9828
8761
6802
6978
7130
7198
6415
6536
6447
7916
9730
6759
7151
6596
6815
8180
6846
7390
6402
6415
6430
7949
7967
6745
8773
6536
9801
7073
7462
8974
7529
9009
6675
7620
8368
7990
7612
7676
7286
6563
6859
9748
8171
7953
9145
9623
7701
7779
7357
7668
6847
7206
7006
6476
8720
6869
7129
9604
7341
6659
6581
7051
8652
6665
7319
7341
8751
7453
8798
8885
9476
7203
6656
8776
6533
6679
6709
6684
7105
7074
7876
7771
6557
9169
7691
9622
8786
9085
6563
6990
7829
7909
7997
6969
9081
8579
6965
6824
7650
8654
9199
9215
9635
7757
8107
6755
6881
6791
6551
7352
8560
7928
6734
6982
6642
8569
6515
6733
8047
7439
8045
10269
10612
7088
7221
6833
6492
9725
8239
6669
6779
9853
6507
8040
8371
9973
7912
7996
8668
8631
9420
7731
10856
6753
7254
8147
7672
8887
7749
9135
8187
7257
7315
8028
6970
7602
7935
8896
9640
7409
7579
7046
7446
7869
6590
8791
6671
7028
8184
6869
7067
6897
7221
7153
6793
7017
6569
6776
8030
6685
6909
8606
6868
7670
6954
8494
8451
7120
9866
9510
9514
6692
8263
6958
7231
7821
7308
8068
9215
7040
9348
9705
6906
7223
6947
9783
6999
9698
6659
7026
7188
7466
6570
7029
7391
7213
7534
8003
7015
7458
9782
6852
7010
10006
7130
7332
6928
6712
8393
8482
9934
6716
10126
8909
7360
8386
7284
8503
8136
7571
8235
7026
6649
6778
6620
6607
10746
9066
10748
8556
7395
9457
9361
8535
9978
7867
7621
7312
6757
7186
7530
8594
6908
6993
8602
6989
7609
6951
7111
7527
6819
7082
6965
7524
7112
7336
6841
6810
7076
6681
6769
6639
6786
9239
7524
6966
7324
8335
9839
6919
6662
10297
9627
7336
7132
7012
8080
6956
6960
10103
7743
7850
8125
7697
6769
9259
6848
9606
6860
7173
6677
10790
7638
9555
6845
7083
7167
7158
6764
8260
6908
7242
8911
6844
7070
6748
9179
6698
7455
8311
10394
7255
8743
9098
6725
6929
8062
6894
7297
7086
7294
7294
6671
7031
9621
7549
6796
7298
7666
7576
9440
8721
7117
7632
6860
7685
7762
6920
9785
7797
7029
6823
7151
8281
6874
8082
6943
7424
8655
9890
6848
6798
6931
7167
6771
8834
6841
9410
7606
7722
6920
6957
7438
9930
8479
6736
7302
7541
8152
8250
8619
6721
6890
7212
8249
7972
7978
7058
10436
6895
6955
7887
8696
7219
10537
7065
10496
7434
7046
7227
7895
8875
7052
9456
7143
7293
8335
9860
6941
7003
10378
6787
9368
9043
6986
8861
6828
7157
9174
7212
7382
7117
6967
8127
6849
8275
10674
8926
7002
7103
7331
8055
6996
7548
6953
6955
7193
9864
8264
7578
6790
7674
9095
6985
8808
7249
7656
6949
8929
7524
7904
6859
6945
8259
7113
8413
9677
9488
8961
6835
6895
7552
8331
8535
9006
8094
8177
7276
7480
9776
6846
7751
7612
7552
7977
7296
6914
7014
7158
7403
9324
8276
6914
7995
9422
9485
6944
6876
7003
9173
7950
8960
8841
6990
7653
7802
7427
8120
7393
8194
9384
7213
7496
7832
7632
8945
9081
7184
7736
10365
7396
7760
7459
6981
9033
8272
8772
8331
7042
7221
7245
7013
7806
7013
9152
8050
6828
6881
6939
7734
7866
7036
7164
7250
8020
6982
6845
8294
7245
7316
6953
9339
7372
7741
7002
7986
8257
7034
10157
8090
6903
7393
6976
6959
8287
8305
8124
6857
6875
8891
7343
9505
7067
7381
7892
7307
7589
7198
7817
7230
7254
6980
10465
10432
9453
7097
7222
6981
7427
7819
8246
7079
8710
6978
9005
9487
6977
6911
7335
8562
9637
7575
7583
8016
9136
8058
8505
7744
8159
6902
9527
8092
8195
7133
7235
8248
7451
7812
8591
9638
7280
7464
6906
7038
7744
7932
7553
8313
8486
8804
9837
7194
8246
6934
7312
8795
7502
7742
7660
7011
7443
8163
6936
9475
7087
7327
8623
7197
7889
6984
9520
8412
8719
7225
8515
7008
8056
7032
7497
8325
7578
7055
7562
8334
7080
8489
8661
7260
7670
7181
8178
10024
6979
10236
7105
8643
7843
8878
8983
8659
9025
6957
9797
6974
7302
9568
9079
7631
9236
9523
7454
7683
8482
8209
7288
8173
7710
7655
7162
7728
7024
7532
8426
8480
9225
9239
9662
7239
7508
7084
7254
7051
7055
7825
7085
9806
7851
7704
8275
7296
8299
7270
7539
7753
8367
7414
7465
7101
7013
7146
9076
7883
7176
10003
10676
7132
8280
10797
7844
7076
7305
7789
9417
7153
8107
8510
7280
7114
7237
8128
7703
8231
7082
7126
7890
10180
10349
7188
7547
8254
8416
7483
8055
8149
7405
8631
7574
8708
8069
7615
8398
9087
7321
7038
8490
8513
8763
10273
7049
7239
8868
8577
7166
7512
7313
7145
7096
7318
7512
8293
7097
7256
7747
8466
7428
7521
9817
7240
7435
7175
7790
9414
8649
7661
7580
7108
7734
7755
8060
8455
8050
7955
8117
8478
7710
7456
8835
7637
10212
10419
7134
8456
7931
7253
7541
7686
10350
7803
7464
8533
8208
7255
7451
7109
7478
7886
7376
8979
7956
8419
7854
8509
8227
8766
7306
9358
8583
7780
7848
8433
9788
7926
8684
7316
9252
7954
7174
7398
7258
8597
9334
7427
7748
8144
7199
9548
8191
8477
8423
9651
7431
8023
8085
9719
8807
7326
7678
7276
8474
7139
7452
8295
7327
10837
8508
10153
7590
7236
7394
7382
8446
7942
8278
8912
8322
7413
7602
7163
8780
8472
9995
7215
7305
7489
9030
9494
7365
8208
8022
8161
7999
8964
7365
7449
8248
8307
7335
7462
7267
7306
8799
7865
8249
8366
7955
8354
7396
8170
8352
7225
7894
7956
7580
9075
7248
7256
8202
8865
9524
9985
10128
7594
7365
7717
8091
7261
7358
7560
7853
10339
7387
9531
7440
7562
7206
9012
7637
8762
9086
7351
8005
8190
8664
8126
7378
7533
7217
7687
7312
8689
7773
7785
8106
7350
9792
9760
9032
7237
7689
10304
7822
8317
8342
10617
7378
7435
7465
7629
7515
7709
7259
7905
8978
8687
8176
7640
10294
7358
7725
7646
7561
8081
8915
7500
8316
7617
9003
10101
9650
8032
7536
7575
7284
7385
7937
8578
8957
7450
7253
8004
7789
7853
7793
7800
7835
7642
7289
7414
7652
7638
7248
7458
8006
8315
7592
7900
7421
7424
7564
7737
8143
8424
8367
9320
9820
9030
8816
9120
7863
9025
8638
7689
7268
7333
7486
9062
8616
9596
7778
7495
7371
9408
7527
7410
10649
7919
7961
7721
7944
7351
8605
8258
10655
7834
7782
8012
7542
9346
7305
7428
10747
8049
10202
7750
8600
7387
10506
8099
9581
7610
10178
8971
7616
7623
7447
9249
7751
9857
7665
7308
9411
9420
9923
7939
8137
7805
7470
7345
7581
7849
8500
8821
8286
7395
8290
8672
7801
9157
7341
7564
7571
7583
8265
9406
8061
7782
7754
8100
8685
8849
7737
10216
7852
10346
7658
9269
8800
7623
8355
8410
7778
7521
10156
10858
7748
9787
7523
7527
7598
7940
7823
7940
8620
10725
7361
9220
7900
7714
8256
7636
7978
8206
8166
8537
7615
10087
10643
7831
8012
8691
7942
8261
8496
7589
7598
7849
9148
9690
7625
7662
7565
7388
8757
8877
7905
7963
7649
8445
9397
9449
9675
7501
8305
9648
10582
9196
7592
7842
7549
7420
7783
7873
10048
9744
8435
7503
7649
7706
7733
7952
7518
7917
9276
10380
7476
7587
7922
8160
8072
10076
10650
9101
8542
9359
8895
7910
7597
7491
7958
8043
8107
7883
7882
7831
8168
8645
10463
7642
10697
8550
8105
10363
9031
7987
7834
7478
7815
8020
8153
7837
7827
10250
8621
7658
10166
7726
7910
8634
7963
8182
7576
8226
7547
7656
10665
7769
7504
10009
8779
7568
7738
7988
7724
7601
7464
8113
7812
8512
7768
7730
7487
7877
10010
7559
7994
8165
7840
8066
9444
10100
10636
7625
8237
7513
7921
7965
7516
8604
8105
10238
8360
10336
7858
8021
8013
7661
8381
10172
9388
10718
10382
9018
8354
7526
9713
8096
9530
7941
7848
9192
8088
9545
7515
7979
8443
7572
7953
7793
7710
7773
7990
8321
7591
8671
7668
7848
8102
9573
8016
8197
8214
9668
10162
10283
7724
7877
7761
8148
7618
7878
9292
7614
8688
7864
7869
8193
8794
8488
7549
7554
7604
7548
7737
9805
7805
7686
8401
10471
7575
7570
7640
7807
8038
8096
8363
8648
8417
8242
8357
9137
7908
7721
8626
9032
9265
7771
8135
7888
7962
7782
8336
7959
8255
8740
7957
8136
7685
7739
8830
7693
8523
9013
9279
8021
8300
8966
7586
8427
7665
8083
8237
8238
8400
8913
8733
7793
8175
7594
8089
7775
8936
8000
7833
8418
7728
9597
7769
7627
8027
9872
7740
7763
7765
8206
8493
10241
10741
7867
8549
7806
8346
7810
10062
7808
7878
7939
7867
7904
8280
8036
8109
8201
7633
8454
7768
7823
8701
7833
7937
8128
8030
7896
8285
9375
7662
7797
8558
7757
8529
8193
9449
7879
9889
9255
8921
7766
8474
8181
9845
7687
7747
7908
7732
7714
9298
7768
8546
8026
9672
9758
8021
8131
8252
8435
8894
7734
8828
8842
7838
7680
7819
7924
8988
9175
7885
7896
8002
8189
8714
8080
8117
7856
7798
7799
7989
8779
8082
8012
8318
9218
8297
8541
7925
8115
7914
8002
8074
7691
8818
10456
8293
8723
8401
7740
7743
7717
8000
7800
8783
8108
8374
8796
8298
7847
8262
7709
7812
8319
9060
7888
7916
8217
8374
8531
7873
10075
9044
8991
8013
8857
9273
9707
8071
8516
10427
7890
8485
8176
8848
8330
8319
8019
8004
7962
8057
8015
8977
8948
7881
8143
8225
7905
8126
8228
8437
8048
7794
8228
8175
8299
8593
8727
9583
7840
8453
9402
8824
7842
10451
7818
8338
10792
7918
7970
9884
8154
7870
7810
8238
7967
8198
7946
8075
9293
8127
8203
8447
8892
8518
8318
8806
7909
8508
8725
8130
8167
9282
7900
8760
8295
9268
8106
8208
8348
8438
9079
9111
9466
7966
7830
7928
8414
9254
7826
9500
8072
8359
9571
9019
7959
8224
7852
7976
7958
8195
7817
7845
8356
8083
8301
8542
7967
8074
7954
8195
8602
8082
7977
8699
9241
9502
7881
8554
7899
8336
8104
8325
7887
7859
10395
8026
8059
8365
8056
8034
9780
8048
8074
8242
8202
7972
8423
8673
8022
8172
9534
8086
8605
9037
8839
10585
10524
8133
9862
7893
8549
8373
9068
7924
8677
8288
8059
8069
8291
9403
8266
8447
8536
8690
8614
8130
8405
8404
8282
9641
8426
7986
10208
7973
8425
8444
8639
9673
8053
8907
8210
7990
8109
8251
8194
8764
8845
8528
8571
8086
8502
8817
9542
9521
7991
8306
7985
8775
8207
8402
7960
8129
8860
9562
8128
8243
8492
8656
8724
8046
8017
8302
7958
8092
9228
8950
8078
8383
8394
8576
8180
8069
8277
8598
9051
8294
7969
8391
8079
8287
9301
8306
8497
8047
10834
8543
8113
8244
7961
7966
7975
8463
8234
8476
9935
8337
8385
8518
9676
8038
8244
8025
8149
8046
9927
8037
8320
8302
8732
8479
9614
8192
8028
7983
8216
9117
8146
8517
8610
9364
9731
8064
8087
8358
8748
9161
8150
8160
9253
8934
8073
8545
8158
8249
10221
10762
8000
10866
8002
8342
8430
8511
8628
8220
9680
8173
9331
8120
8464
8341
8407
8084
8254
8624
8340
8076
8121
8471
8530
8716
9302
8049
8232
8822
8946
9168
9251
9522
8037
8836
8075
9362
9607
8758
9049
8175
8942
8147
8166
8943
8091
8672
8805
8089
8403
8510
8634
10330
10353
8341
8781
8178
8324
9910
8632
8165
8154
8182
8216
8331
9047
10176
10775
8203
8501
8338
8144
8222
8237
8830
8104
8327
8494
8259
8274
8129
8520
8731
8327
8590
8171
8304
8511
8541
9309
8719
8807
8678
8563
8171
9610
8244
8209
8388
8544
8498
8091
8472
8180
8531
8251
8559
8223
8611
8204
9861
8789
8555
8142
8166
9409
10257
8230
8376
8301
8354
8350
8832
8174
8370
9554
8814
8585
8590
8599
8412
8480
8564
8191
8558
8738
8302
8199
8225
8139
8139
8756
9569
8422
9329
8450
8824
8519
8271
8723
8501
8637
9397
9689
8253
8686
8179
8433
8849
8483
9356
8179
8336
8633
8351
8588
8272
8680
8690
8819
9014
8659
8369
8581
9938
8629
8633
10134
8219
8978
8194
8261
8320
9508
8322
8353
8503
8539
8889
8260
8489
9575
8387
8812
9149
8252
8398
8321
8569
8218
8246
8660
8781
8276
8356
8551
10439
10519
8415
9577
8459
9360
8665
8523
8651
8492
8416
8215
8215
8217
8348
8398
8430
8652
8601
8451
9399
8236
8309
8686
8257
9944
8701
9759
8307
8695
8370
9264
8328
8846
8456
9740
8585
8470
8521
8792
8342
8402
8709
9351
8924
8254
8919
8315
8388
8280
9663
8455
8490
8527
8274
8363
8279
8657
8442
9579
8450
9629
8428
9050
8386
8380
8490
8927
8325
8335
9678
8509
8786
9942
8646
8845
8558
9333
8592
9038
8747
8496
8517
8984
8359
8373
9216
8854
8936
8858
8882
9931
8454
8319
8458
8537
9171
8310
8421
8400
8386
10293
8431
8630
8428
8621
8550
10607
8803
9436
9609
9343
9363
9735
8442
8768
8906
9008
8396
8506
8940
8539
8706
8621
8563
8499
10195
8527
8848
8788
9347
8797
8623
10553
8431
8716
8394
8471
8866
9099
8813
8740
8601
10214
8445
8474
8850
8706
8404
8899
8421
8784
9378
8459
9712
9829
8666
8499
8903
8381
8675
8427
8614
8669
8533
8513
9398
8836
10077
8573
8426
8440
8596
8715
8950
8645
8619
9762
9374
8690
9123
9255
8480
10122
10326
8543
8838
9015
8524
9113
8649
9043
8500
9132
9055
9233
8637
8704
9737
8453
8681
9454
9092
9055
8540
8611
8965
8503
8769
8879
9586
8465
8616
8908
8464
10752
8613
8702
9469
9487
9936
9087
8595
8601
8883
8467
10526
8533
8551
8658
8462
8850
8577
8762
8497
9657
8957
8787
8619
8597
8485
8906
9159
8561
8683
10397
8559
8509
10688
8524
8813
8699
8966
8820
9908
9841
8854
8933
8607
9230
8615
8903
8944
8593
8883
9667
9686
8962
9749
8532
8684
9528
8713
9869
8560
8610
9121
8711
9544
9633
9753
8612
8754
8975
8552
9275
9000
8880
9112
8643
9303
8913
8544
9512
8520
8837
8777
8531
9326
9703
8572
8695
8651
8727
8633
8731
8962
8732
8965
8566
8931
9340
8866
8884
8576
8535
8817
9064
8918
8700
9154
9151
8631
9132
8554
10379
9024
8598
8813
8664
9482
8668
10629
8714
8804
8998
8714
8974
8681
8735
8735
8594
8874
9048
9072
9382
9021
8822
9019
8586
9688
8997
9313
8592
8634
8760
10376
8675
8925
8643
9012
8928
9442
9020
9061
9115
8596
8711
8871
9924
8689
8956
8781
8612
9007
8733
9044
8930
9097
9129
8980
9233
8890
8638
8911
8864
8909
8685
8908
9036
8828
8661
9789
9002
9273
9476
9752
8646
9101
8770
8952
8696
8725
8986
8761
8725
8773
8676
8740
9042
8992
9068
8863
8891
8954
9075
8753
8669
8734
8990
8784
8840
10306
10367
8678
8777
9235
9534
9807
9138
8805
9003
8692
10396
8897
9272
10190
9194
8670
8693
8670
8837
8871
8687
9230
8999
8994
8868
9814
8738
8730
8790
8739
8938
9371
9104
9069
10213
8989
8792
8880
10500
9188
8907
8747
8741
8819
8937
8970
8881
8887
9822
8941
8780
9066
8708
9323
8708
8876
8830
8869
8914
8827
9404
9693
9042
10334
9237
9084
9304
9692
8893
9026
8808
8760
10605
8860
8735
9140
8730
9034
8947
8912
9729
8868
9060
8902
8842
9088
8782
8915
9941
8828
9386
8900
9048
8836
8869
8898
9033
8814
8903
9059
8831
8827
8810
8822
8768
8883
8789
9085
8799
9062
9089
8834
8951
8968
9098
9109
9015
9037
9045
8846
8930
9177
8783
9071
8856
9724
8806
9009
8778
9133
8837
9950
9040
8848
8979
8892
8856
8800
8941
9203
9321
8873
9210
8861
8961
9143
8918
9421
9443
9824
8909
8863
9695
8970
8992
8798
9110
9893
8879
8939
8835
9080
8819
8875
8925
9094
9107
9095
8976
9077
9155
9154
8961
8928
8889
9127
9011
9118
9023
9096
8888
9075
9385
9216
8890
9879
9163
8849
9648
9981
9139
9294
9162
9716
9983
9144
9036
9638
9683
9976
8966
8912
8846
9128
9010
9055
8892
8963
8858
8942
9020
9332
9758
9142
8902
9561
9594
9968
8936
9161
8885
9192
9072
9611
9654
8953
9770
9198
8870
9001
8882
9104
8902
9072
9342
8896
8982
9172
9710
9259
9355
9422
9352
10495
8913
9016
9162
9128
9171
9202
8962
9130
8984
9193
9186
9247
8946
9005
9118
10563
8918
9010
8943
9169
9234
8959
9209
9002
9210
9298
9708
9628
9965
9244
9473
9204
8938
9038
9632
9045
9349
9448
8935
8953
9189
9256
9213
9203
10354
9197
9251
9201
9200
9160
8971
8973
9200
9281
9691
9021
9205
9129
9147
9001
8953
9447
8977
9016
9101
8984
8975
9187
8950
9211
8994
9054
9135
9130
9222
9089
9149
8967
9314
10088
9022
9086
9921
8975
10536
9076
9152
9252
9349
9593
9034
8991
9227
9224
9504
9236
9164
9335
10656
9083
9275
9022
9213
9379
9008
9271
9288
9246
9054
9187
9029
9165
9336
9173
9014
9258
9697
9150
9064
9065
9125
9523
9603
9972
9046
9078
9024
9254
9274
9019
9026
9030
9058
9037
9099
9297
9065
9074
9187
9504
9380
9500
9655
9780
9230
9125
10272
9060
9334
9570
9038
9160
9407
9445
9324
9595
10534
9277
9064
9057
9078
9150
9188
9131
9112
9325
9328
9359
9465
9081
9248
9117
9306
9198
9198
9243
9653
9150
9119
9170
9916
10441
9118
9115
9311
9262
9288
10677
9164
9096
9310
9224
9141
9157
9700
9646
9104
9113
9179
9140
9338
9280
9123
9301
9377
9257
9195
9285
9381
9117
9176
9322
9217
9280
9299
9751
9802
9149
9194
9286
9325
9418
9242
9461
9292
9141
9244
9240
9738
9590
9151
9159
9164
9212
9193
9372
9393
9414
9177
9188
9694
9293
9357
9220
9333
10247
9281
9159
9196
9316
9222
9387
9183
9290
9307
9367
9283
9176
9299
9257
9396
9185
9431
9687
9174
9344
9218
9371
9195
9246
9413
9312
9592
9283
9432
9234
9392
9261
9305
9467
9481
9268
9706
9364
9706
9561
9815
9558
9305
9237
9431
9238
9452
9373
9277
9437
9452
9464
9211
9264
9436
9354
9216
9434
9510
9440
9336
9978
9403
9530
9600
9364
9464
9467
9237
9231
9326
9390
9468
9270
9793
9274
9619
9954
9261
9249
9458
9919
9323
9276
9312
9373
9275
9902
9367
9694
9684
9440
9460
9491
9453
9258
9282
9479
9731
9483
9672
9286
9389
9731
9461
9484
9303
9596
9389
9274
9335
9516
9371
9588
9418
9584
9644
9960
9359
9454
9506
9914
9316
9354
9571
9566
9436
9310
9326
9383
9377
9700
9384
9979
9566
9342
9316
9369
9407
9438
9479
9329
9338
9529
9380
9697
9306
9309
9383
9391
9438
9460
9321
9379
9691
9333
9337
9465
9699
9352
9354
9434
9722
9545
9727
9520
9466
9457
9335
10860
9679
9657
9357
9346
9466
9385
9695
9473
9570
9789
9361
9346
9386
9692
9405
9962
9468
9382
9686
9368
9762
9811
9390
9486
9374
9680
9360
9568
9383
9587
9658
9681
9456
9444
9505
9388
9556
9673
9430
9571
9600
9928
10726
9593
9526
9591
9587
9864
9675
9696
9423
9809
9404
9715
9409
9690
9428
9773
9419
9498
9673
9591
9435
9927
9526
9417
9698
9541
9725
9685
9831
9419
9435
9490
9439
9895
9834
9756
9681
9696
9813
9728
9426
9433
9474
9730
9479
9497
9757
9768
9732
9445
9956
9448
9597
9764
9772
9447
9626
9445
9469
9482
9724
9453
9713
9727
9739
9920
9637
9498
9507
9744
9748
9635
9746
9764
9515
9787
9775
9899
9635
9600
9750
9779
9768
9528
9822
9657
9645
9693
9749
9723
9750
9759
9517
9766
9767
9662
9754
9593
9645
9662
9849
9754
9636
9763
9760
9782
9591
9971
9685
9770
9897
9895
9762
9519
9791
9865
9793
9817
9618
9867
9777
9529
9540
9788
9654
9658
9518
9850
9521
9783
9629
9800
9849
9617
9719
9624
9801
9537
9835
9801
9803
9613
9812
9797
9805
9568
9586
9536
9796
9806
9699
9532
9821
9774
9876
9792
9542
9823
9843
9572
9925
9791
9617
9718
9554
9827
9833
9726
9836
9851
9820
9623
9640
9877
9858
9781
9814
9630
9833
9761
9983
9621
9699
9613
9842
9810
9869
9581
9825
9878
9844
9908
9604
9577
9872
9612
9852
9583
9885
9582
9579
9862
9890
9901
9906
9811
9859
9841
9883
9799
9606
9702
9598
9904
9903
9853
9905
9920
9897
9900
9669
9912
9910
9802
9909
9615
9661
9907
9614
9891
9949
9912
9980
9914
9649
9878
9831
9627
9898
9711
9641
9647
9729
9913
9879
9929
9917
9866
9915
9809
9776
9892
9633
9649
9634
9932
9846
9683
9838
9824
9932
9660
9955
9930
9890
9647
9714
9772
9926
9781
9806
9653
9941
9804
9937
9794
9656
9669
9982
9810
9899
9796
9837
9953
9824
9949
9666
9816
9838
9667
9946
9939
9956
9957
9676
9947
9940
9951
9957
9679
9761
9914
9983
9902
9955
9929
9687
9935
9703
9724
9701
9713
9874
9809
9737
9718
9719
9711
9747
9716
9723
9745
9709
9712
9950
9717
9919
9716
9725
9740
9752
9721
9967
9800
9739
9841
9943
9733
9734
9758
9864
9742
9846
9952
9743
9760
9769
9825
9765
9784
9753
9859
9874
9923
9847
9765
9874
9765
9972
9936
9958
9813
9936
9816
9766
9894
9959
9923
9775
9780
9819
9970
9778
9966
9954
9838
9784
9814
9952
9948
9948
9790
9808
9965
9790
9794
9961
9920
9972
9960
9798
9805
9948
9807
9959
9875
9952
9849
9828
9853
9958
9960
9819
9837
9969
9842
9857
9869
9875
9829
9852
9845
9966
9958
9835
9852
9839
9927
9969
9968
9865
9868
9894
9937
9855
9918
9860
9861
9854
9858
9870
9881
9886
9896
9865
9878
9873
9868
9873
9896
9933
9880
9976
9883
9893
9908
9979
9887
9891
9888
9974
9964
9928
9933
9977
9968
9963
9915
9928
9980
9964
9921
9935
9933
9966
9959
9943
9951
9976
9982
10239
9940
9981
9945
9946
9944
9950
9970
9942
9961
9971
10648
9964
9975
9969
10085
10385
9974
9977
9975
9978
9980
9982
9985
10311
10134
10140
10834
10122
10130
10121
10130
10476
9999
9999
9993
10006
10006
9998
10007
10007
10014
10289
10051
10064
10581
10019
10019
10661
10005
10117
10123
10024
10031
10024
10026
10026
10659
10348
10041
10416
10865
10071
10104
10376
10068
10102
10344
10129
10135
10040
10252
10300
10805
10143
10880
10648
10784
10316
10897
10151
10883
10047
10199
10824
10818
10476
10039
10103
10065
10434
10867
10067
10223
10439
10728
10116
10183
10417
10741
10073
10168
10893
10473
10645
10786
10148
10263
10856
10448
10729
10128
10175
10690
10886
10319
10789
10141
10164
10147
10147
10453
10730
10444
10744
10341
10198
10220
10840
10154
10835
10154
10323
10827
10106
10809
10166
10603
10166
10390
10604
10643
10889
10642
10787
10338
10186
10186
10190
10190
10075
10801
10202
10202
10208
10214
10569
10214
10477
10500
10557
10218
10906
10225
10907
10157
10881
10239
10776
10238
10777
10239
10093
10247
10538
10247
10507
10612
10645
10480
10731
10248
10249
10137
10192
10488
10191
10489
10336
10255
10531
10255
10516
10109
10765
10272
10520
10272
10543
10891
10279
10892
10466
10749
10517
10889
10242
10908
10296
10638
10296
10333
10302
10583
10115
10788
10313
10593
10324
10683
10324
10875
10890
10337
10497
10337
10433
10342
10342
10345
10345
10357
10377
10486
10377
10619
10879
10887
10888
10402
10641
10402
10457
10331
10872
10415
10415
10233
10701
10430
10672
10545
10807
10522
10443
10830
10443
10330
10264
10693
10447
10696
10551
10804
10449
10452
10826
10452
10454
10715
10454
10462
10722
10465
10814
10465
10467
10470
10306
10471
10471
10745
10268
10652
10482
10757
10483
10827
10483
10624
10650
10484
10761
10212
10904
10496
10767
10498
10768
10499
10769
10271
10658
10504
10735
10505
10506
10778
10472
10515
10509
10509
10510
10782
10511
10781
10485
10525
10527
10561
10562
10532
10533
10802
10536
10803
10537
10545
10717
10806
10430
10815
10398
10325
10546
10549
10550
10552
10553
10810
10554
10555
10558
10563
10563
10811
10570
10573
10571
10574
10567
10817
10567
10568
10815
10576
10576
10405
10288
10679
10577
10578
10578
10816
10579
10820
10580
10819
10283
10614
10582
10821
10482
10822
10586
10409
10831
10484
10823
10589
10822
10592
10823
10600
10605
10607
10608
10608
10809
10418
10541
10609
10613
10587
10617
10618
10301
10685
10321
10401
10481
10519
10755
10389
10632
10633
10526
10431
10832
10407
10419
10639
10639
10909
10534
10642
10910
10648
10349
10649
10670
10652
10807
10504
10655
10655
10656
10658
10806
10660
10664
10666
10913
10310
10691
10671
10671
10673
10674
10679
10804
10680
10665
10566
10684
10684
10912
10431
10685
10796
10688
10689
10689
10521
10762
10691
10791
10692
10911
10315
10694
10409
10694
10695
10697
10698
10698
10699
10699
10700
10700
10702
10702
10703
10590
10738
10705
10705
10706
10706
10708
10708
10709
10709
10713
10713
10714
10714
10716
10492
10718
10720
10720
10721
10721
10724
10724
10723
10726
10727
10727
10728
10729
10730
10731
10732
10733
10734
10734
10523
10736
10736
10737
10738
10739
10740
10742
10743
10494
10746
10747
10748
10750
10787
10752
10786
10753
10785
10596
10739
10754
10784
10756
10758
10759
10759
10474
10778
10445
10468
10864
10665
10667
10763
10495
10624
10766
10766
10492
10595
10891
10494
10601
10892
10770
10437
10611
10735
10772
10773
10773
10803
10683
10830
10514
10779
10780
10427
10662
10717
10612
10710
10793
10797
10798
10423
10798
10424
10799
10776
10426
10800
10777
10866
10512
10802
10861
10544
10790
10604
10858
10857
10855
10841
10833
10615
10737
10707
10456
10455
10565
10564
10591
10459
10795
10894
10503
10540
10539
10704
10559
10791
10487
10686
10535
10825
10675
10839
10505
10826
10572
10767
10513
10566
10663
10610
10573
10768
10574
10769
10602
10500
10605
10616
10518
10620
10761
10595
10626
10757
10581
10903
10894
10677
10637
10687
10842
10690
10670
10668
10732
10669
10733
10644
10646
10542
10793
10654
10745
10616
10814
10571
10781
10570
10782
10805
10581
10653
10836
10837
10653
10845
10843
10844
10693
10722
10859
10686
10771
10861
10701
10715
10816
10640
10677
10755
10817
10675
10751
10859
10631
10775
10760
10858
10696
10751
10646
10847
10678
10763
10723
10725
10710
10741
10644
10848
10687
10762
10707
10744
10651
10704
10749
10654
10855
10765
10695
10774
10672
10771
10842
10841
10651
10775
10833
10849
10764
10682
10681
10676
10772
10789
10825
10779
10780
10788
10846
10850
10818
10851
10712
10743
10854
10872
10846
10886
10862
10871
10870
10852
10873
10764
10796
10874
10860
10876
10877
10878
10853
10875
10897
10868
10869
10882
10884
10885
10835
10875
10916
10917
10915
10914
10886
10853
10881
10911
10895
10896
10838
10912
10868
10869
10899
10900
10913
10910
10909
10898
10908
10905
10904
10901
10902
10881
10903
10907
10906
10852
10902
10901
10898
10896
10895
10903
10883
10893
10904
10905
10880
10900
10899
10909
10897
10885
10884
10894
10882
10910
10877
10878
10876
10874
10873
10870
10862
10854
10913
10871
10912
10916
10911
10915
10872
10914
10917
10887
10888
10908
10893
10907
10906
)


// ************************************************************************* //
