/*--------------------------------*- C++ -*----------------------------------*\
  =========                 |
  \\      /  F ield         | OpenFOAM: The Open Source CFD Toolbox
   \\    /   O peration     | Website:  https://openfoam.org
    \\  /    A nd           | Version:  9
     \\/     M anipulation  |
\*---------------------------------------------------------------------------*/
FoamFile
{
    format      ascii;
    class       volVectorField;
    location    "0.68";
    object      U;
}
// * * * * * * * * * * * * * * * * * * * * * * * * * * * * * * * * * * * * * //

dimensions      [0 1 -1 0 0 0 0];

internalField   nonuniform List<vector> 
942
(
(0.0316008 -0.0651594 0)
(0.0330935 -0.018621 2.87817e-17)
(0.0610327 0.119193 0)
(0.0112279 -0.0787107 -1.52099e-17)
(0.0620269 0.135932 9.10281e-18)
(0.122106 -0.0948384 1.59316e-17)
(0.00315631 -0.0124501 4.22919e-17)
(0.146876 -0.0903665 0)
(0.0045397 -0.0480017 -3.33167e-17)
(0.00560592 -0.0529493 3.39582e-17)
(0.0451621 0.0269735 0)
(0.0725116 0.0252447 0)
(0.0106228 -0.0800336 1.41854e-17)
(0.0514632 0.0383812 0)
(0.0804104 0.0296965 0)
(0.00184836 -0.0165578 -3.13169e-17)
(-0.0170946 -0.0352709 -1.23327e-17)
(0.0281053 -0.0670934 0)
(-0.0657583 -0.0142402 -3.68283e-18)
(-0.000122542 -0.000154484 5.66196e-18)
(0.00778537 -0.0101083 2.10358e-17)
(0.0960774 0.0259028 1.68941e-17)
(0.0216776 -0.0441631 0)
(-0.0332308 -0.047956 -3.33365e-17)
(0.0563746 0.0327996 0)
(-0.0359579 -0.0611762 2.50535e-17)
(0.0542619 0.138971 0)
(0.0233067 -0.0435259 2.13023e-17)
(-0.0501159 -0.0547936 0)
(0.0265986 -0.0497873 1.34652e-17)
(-0.0336613 -0.0367031 1.6903e-17)
(0.0469021 0.133858 0)
(-0.0483757 -0.0532978 1.5887e-17)
(-0.0460976 0.0230521 1.87138e-17)
(0.0601232 0.117735 -1.8301e-17)
(-0.0767875 -0.0176429 3.50638e-17)
(-0.0946791 -0.11438 1.1818e-18)
(0.00692593 -0.0418749 0)
(-0.0704057 -0.104755 -6.05961e-19)
(-0.0353783 -0.0444022 2.37942e-17)
(-0.0399766 0.0544029 -3.33708e-17)
(0.0628124 -0.0318347 0)
(-0.0239989 -0.0244216 -1.64649e-17)
(0.00712831 -0.0253214 -1.40988e-17)
(0.0111271 -0.0289106 -3.56651e-17)
(-0.0411295 -0.0474653 8.04102e-18)
(-0.0781896 -0.0122578 -1.62942e-17)
(-0.0655071 0.0124903 -1.54211e-17)
(-0.0892581 0.0643424 1.7171e-17)
(0.0628837 0.0443612 2.00876e-17)
(-0.0681578 -0.010308 0)
(0.0184717 -0.0337547 0)
(-0.0486852 0.00528748 -2.36309e-17)
(-0.00255277 -0.0571605 1.8872e-17)
(0.00573127 -0.0655424 0)
(-0.0701365 0.0566235 -1.25427e-17)
(-0.0333403 0.00600418 -3.16709e-17)
(0.00744285 -0.068643 -2.2751e-18)
(-0.0500378 0.0143519 4.05621e-17)
(0.089841 -0.0253679 1.75869e-17)
(0.0220667 -0.0380388 -1.67326e-17)
(0.0571253 0.126896 -4.30538e-17)
(0.0150148 0.0151945 2.01861e-17)
(0.0350243 -0.0584859 -1.64161e-17)
(0.0120505 -0.0419271 1.55597e-17)
(0.00226533 -0.0151787 1.19773e-17)
(0.0496503 0.121647 3.36652e-17)
(-0.0582765 -0.0102711 -1.54408e-17)
(-0.111931 0.0600369 1.58364e-17)
(0.0134421 -0.0466366 4.37181e-18)
(0.0183009 -0.0116819 0)
(0.00744206 -0.0318757 0)
(-0.037127 -0.00763826 -2.07121e-18)
(0.0228267 -0.0559143 4.03584e-18)
(-0.0128815 -0.0562169 -1.78856e-17)
(0.00308978 -0.00128886 -5.60625e-23)
(0.000657873 -0.00455982 2.08618e-18)
(0.0520926 0.110406 1.85995e-17)
(-0.0195427 -0.030823 -2.0227e-17)
(0.0222244 -0.0175564 -4.10045e-18)
(0.0643548 -0.0719075 2.41622e-17)
(-0.041142 -0.0488767 -8.71711e-18)
(0.0337636 0.0180306 -2.20662e-18)
(-0.0160368 -0.0118194 9.03699e-18)
(-0.0326119 -0.00561632 0)
(0.0418585 0.160543 0)
(0.038686 -0.0138737 -1.84755e-17)
(0.0104074 0.0280689 5.08162e-18)
(0.0618388 0.0482051 0)
(0.0445836 0.0226461 2.52461e-17)
(0.087733 0.000758366 -1.28358e-17)
(0.0351184 0.0614828 5.80999e-19)
(0.00750962 -0.074842 2.5602e-18)
(-0.0210643 0.056892 0)
(-0.068072 0.0323211 -4.95147e-18)
(0.0468623 0.0144708 9.15402e-18)
(0.0103179 -0.04162 1.57774e-17)
(-0.00592772 0.0206946 -1.47808e-17)
(0.0700354 -0.0946366 -2.17487e-17)
(0.0143018 -0.0344508 -3.12476e-17)
(0.0136348 -0.0285775 -9.39372e-18)
(0.00627155 -0.0769109 1.06002e-17)
(-0.0657216 -0.00897026 0)
(0.0143635 -0.0451135 1.20286e-17)
(-0.0231139 0.0220099 -1.9045e-17)
(0.0238118 -0.0354132 -3.06538e-17)
(-0.0411221 -0.0424021 -1.08026e-17)
(-0.0402817 -0.0551155 0)
(-0.0689748 -0.00570512 1.66767e-17)
(-0.0752685 -0.0125432 0)
(-0.129943 0.0663981 0)
(-0.114986 0.074767 -1.67137e-17)
(0.00478778 -0.00967783 3.36761e-17)
(0.00666059 -0.0366719 0)
(0.058352 0.0353557 0)
(0.0204509 0.036251 2.26619e-18)
(0.0661353 -0.016006 -1.80852e-17)
(0.0157163 -0.0771024 1.92206e-17)
(0.0101779 -0.0210313 -1.58027e-22)
(0.157458 0.025032 -2.18739e-18)
(0.0181827 -0.0290464 7.31086e-18)
(-0.125688 0.0330997 -1.86997e-17)
(-0.00357697 0.00215481 0)
(-0.0364864 -0.0104786 1.66246e-17)
(-0.0508479 -0.00607906 1.34525e-17)
(-0.0165976 -0.0506197 -3.58927e-17)
(0.00769529 -0.0237046 1.89573e-17)
(-0.0343459 -0.0402534 -1.80904e-17)
(-0.0359884 -0.0483424 3.30838e-17)
(-0.0586771 0.013664 1.7251e-17)
(-0.0511605 -0.00971134 -8.90773e-18)
(-0.0330212 -0.0171363 -2.06451e-17)
(-0.0698094 -0.0146774 0)
(-0.0801863 0.0155888 0)
(-0.0743566 -0.00175359 -1.85126e-17)
(-0.0295313 -0.0280573 -1.28939e-17)
(-0.147728 0.0687957 1.11712e-18)
(-0.0747909 -0.0135919 0)
(-0.15091 0.0733957 2.28646e-17)
(-0.130008 0.0592116 -7.839e-18)
(-0.100684 0.0389241 1.84677e-17)
(-0.0319116 -0.0400292 0)
(0.0127658 -0.0147124 -1.85219e-17)
(0.00449481 -0.0459234 1.99052e-17)
(0.130689 -0.0677449 -4.61165e-18)
(-0.0485646 -0.0486098 -8.41547e-18)
(0.0108114 -0.0361513 0)
(0.0102993 -0.037546 -1.11701e-17)
(-0.106908 -0.0649692 2.79281e-17)
(0.0482156 0.16143 0)
(0.148904 -0.060349 4.98147e-18)
(0.157301 -0.0109798 5.53628e-18)
(0.0554878 0.0895979 0)
(0.0228647 -0.0666086 1.04337e-17)
(0.0542082 0.100273 -1.82035e-17)
(-0.0514159 -0.0800628 0)
(-0.0343207 0.00534807 2.05572e-17)
(0.00233739 -0.0161424 0)
(0.0984362 -0.023491 0)
(0.034077 0.00663939 7.59995e-18)
(-0.0190096 0.0117689 -2.6603e-17)
(-0.0453102 -0.0692735 0)
(0.00763454 -0.0768418 0)
(0.0696217 -0.0141334 9.36104e-18)
(0.135464 -0.00867969 0)
(0.0541441 0.0529005 -2.78275e-17)
(0.0159552 -0.034461 0)
(0.0153125 -0.0541946 0)
(-0.0405255 -0.0561202 1.64103e-17)
(-0.0640112 -0.0119374 1.9541e-17)
(-0.0464437 0.000943445 -1.6323e-17)
(-0.0814825 0.0638814 -2.15217e-18)
(-0.132436 0.0410406 8.08904e-21)
(0.0308586 -0.0405067 1.05077e-17)
(0.0453524 0.176342 0)
(0.0234921 -0.0625128 -2.04169e-17)
(0.0301595 0.0108437 -1.93683e-17)
(0.0237127 -0.0623263 0)
(0.0126642 0.0460442 6.71998e-19)
(0.0235033 -0.0639061 0)
(0.0212067 -0.0541394 -1.22641e-17)
(-0.0484067 -0.0586459 0)
(-0.110256 -0.0889402 -2.38348e-17)
(0.0246402 -0.0648129 2.0514e-22)
(0.0249119 -0.0642377 -1.2157e-17)
(-0.0502228 -0.0539253 0)
(0.0647884 0.0108877 -9.6188e-18)
(0.0559195 0.0790971 1.9197e-17)
(0.057827 0.170277 2.72234e-17)
(0.0250737 -0.0633156 9.20051e-18)
(0.0779165 0.136851 3.67991e-17)
(0.0235948 -0.0623811 -9.22106e-18)
(0.0332173 -0.0472473 -1.16647e-17)
(-0.0216566 -0.0174718 -1.76901e-17)
(0.0489521 0.0572597 9.7219e-18)
(0.0133545 -0.0784869 -8.75368e-18)
(0.0417534 0.0580713 0)
(0.0324461 -0.0509012 3.12995e-17)
(-0.0483154 0.0469048 -2.26342e-17)
(0.00062404 0.00144586 1.70536e-17)
(0.00254087 -0.00848471 0)
(0.0171087 -0.0778802 8.88644e-18)
(0.0318213 0.0157191 0)
(-0.0255194 -0.0434572 -2.06509e-17)
(-0.0138908 -0.00321704 1.96495e-17)
(-0.0282244 0.0670935 0)
(-0.105781 0.0244149 1.93311e-17)
(0.062621 0.114675 -4.22843e-17)
(-0.0106332 -0.0108108 -1.6469e-17)
(-0.0163202 -0.0440283 1.6267e-17)
(0.0496458 0.0777091 -9.43638e-18)
(0.018544 -0.0744958 3.83943e-22)
(0.00929365 -0.0577606 1.50868e-17)
(0.0679326 0.143364 8.95786e-18)
(0.0126212 -0.0107901 0)
(0.0300904 -0.0720867 -9.19653e-23)
(0.0598441 0.174881 -2.23522e-17)
(0.1006 0.119775 1.88132e-17)
(0.0480808 0.0826753 1.87031e-17)
(0.0421434 0.0696875 -3.15196e-22)
(0.0332671 -0.0666547 0)
(0.0302187 -0.0724184 -1.80795e-17)
(0.0211728 -0.0634977 0)
(0.0248359 -0.074517 0)
(0.00307879 -0.00887484 -1.88759e-17)
(0.0194469 0.0655518 1.87179e-17)
(0.0732024 0.142476 -1.31963e-17)
(0.0294136 -0.063754 -1.85832e-17)
(0.00639652 -0.0117661 2.76487e-17)
(0.0301774 0.049234 0)
(-0.0433626 -0.0382379 -1.72272e-17)
(0.0655601 0.127116 -3.30918e-17)
(0.0204351 0.0493809 1.81429e-17)
(0.00140967 -0.000729055 -9.95353e-18)
(0.0309713 -0.0700676 -9.34511e-18)
(0.015501 -0.0714999 2.97376e-22)
(0.0955882 0.123713 -1.95181e-17)
(0.0325317 -0.0655915 1.86722e-17)
(0.0120322 0.0287488 -1.79284e-17)
(0.0556746 0.0910745 1.84924e-17)
(0.0532413 0.0821138 0)
(0.0158969 -0.0563005 -4.54765e-18)
(0.0152696 -0.0729611 9.19914e-18)
(0.0210091 -0.0551376 -1.03972e-17)
(0.0204485 -0.0586791 -1.83992e-17)
(0.0161577 0.0131498 -1.86484e-17)
(-0.00281853 -0.0840192 9.24558e-18)
(0.0272888 -0.0731124 -1.00359e-17)
(0.016981 -0.0734847 -1.85899e-17)
(0.0160865 0.0296763 4.58727e-18)
(0.0757633 0.143259 -4.64866e-18)
(0.030903 0.0608195 -1.71093e-17)
(0.0816934 0.138294 0)
(0.000925036 0.0111191 1.386e-17)
(0.0201552 -0.0593307 1.82847e-17)
(0.0216428 -0.0733415 2.0322e-17)
(0.0253589 -0.0659623 0)
(0.0155796 -0.0682378 0)
(0.108445 0.113207 -9.19759e-18)
(0.0189061 -0.0541626 1.03572e-17)
(0.0347921 -0.0661163 -9.14532e-18)
(0.113184 0.111323 9.04348e-18)
(0.0718873 0.134733 -2.27006e-17)
(0.0139311 -0.0652781 -4.83079e-18)
(-0.00257684 -0.0819809 9.61564e-18)
(0.00773872 -0.048568 0)
(0.0192237 -0.0584008 0)
(3.42661e-05 -0.0968955 0)
(-0.0245115 -0.0138948 1.75388e-17)
(-0.0208136 -0.107674 9.34915e-18)
(-0.0561005 -0.123781 1.76501e-17)
(0.0686168 0.15866 -1.69372e-17)
(0.0137603 0.0538119 2.00364e-17)
(0.0693018 0.150839 -8.92518e-18)
(0.062238 0.110422 1.87883e-17)
(0.103535 0.108037 -1.87321e-17)
(-0.0226859 -0.0283623 0)
(0.0572995 -0.152086 0)
(0.0722651 0.124593 -9.2631e-18)
(0.00697875 -0.0244797 -1.9255e-17)
(0.0172974 -0.0607332 0)
(-0.118211 -0.0132137 -1.57176e-18)
(-0.0086463 -0.0400032 1.95619e-17)
(0.0317188 -0.152679 0)
(0.091379 0.046648 3.64709e-17)
(0.135039 -0.0293116 -1.80583e-17)
(0.00502133 -0.126078 2.73283e-17)
(-0.00660707 -0.1399 1.81822e-17)
(0.0124367 -0.0709874 4.73244e-18)
(0.00438955 -0.0884517 4.69447e-18)
(0.0873569 0.0446684 -1.84953e-17)
(0.0877843 0.0505699 2.16962e-17)
(0.0961897 0.0951339 -8.38587e-18)
(-0.0582347 -0.11202 2.04497e-17)
(0.0674345 -0.132374 5.17001e-18)
(-0.00788943 -0.0125903 -1.68094e-17)
(0.151565 -0.0326862 0)
(0.157334 -0.034199 9.34488e-18)
(0.167945 -0.0300799 8.70541e-18)
(0.144198 -0.0228108 0)
(0.118231 0.0221408 0)
(0.0232391 -0.133389 -9.34819e-18)
(0.183629 0.0156657 -4.21127e-18)
(0.20058 0.0577979 -2.91781e-17)
(0.0994509 0.0271785 -2.9235e-17)
(0.0029631 -0.0873416 9.17342e-18)
(0.167211 0.0342596 -2.90478e-17)
(-0.00529089 0.007447 0)
(0.000272014 0.000588762 -8.48902e-18)
(0.0200699 0.0303083 1.77275e-17)
(-0.00329982 -0.00186683 1.43867e-17)
(-0.00161569 -0.00349305 6.71631e-25)
(0.0307211 -0.0114219 -2.54155e-18)
(-0.0276289 -0.0092466 -1.77136e-17)
(0.0224048 -0.0959585 4.0997e-21)
(0.0122896 0.010435 2.8558e-17)
(0.01836 -0.0317649 -1.93809e-17)
(-0.0436309 0.00719579 1.77469e-22)
(-0.00304105 -0.0018448 -5.03299e-18)
(0.0233176 -0.00450482 0)
(-0.00688595 -0.00672835 -5.20421e-18)
(0.0159108 0.0181543 0)
(0.00354576 -0.0120445 2.03703e-17)
(-0.0423353 -0.00653023 -3.63323e-17)
(0.0764195 0.0355382 -2.288e-17)
(0.11559 0.099987 -1.8619e-17)
(0.00282998 0.000151049 0)
(-0.0376179 -0.13274 -9.42339e-18)
(0.0943467 -0.0534417 0)
(0.0550105 -0.0468294 0)
(0.0647595 0.0305549 -3.66356e-17)
(-0.0758512 -0.14831 -1.60698e-17)
(0.127959 -0.128738 9.12616e-18)
(0.192165 0.033989 -1.65219e-17)
(0.140071 -0.126121 0)
(0.072817 0.0356202 1.83262e-17)
(0.199015 0.0625519 1.03917e-17)
(-0.0325788 -0.0047796 -5.4252e-19)
(0.0133193 0.00962136 0)
(-0.109872 0.0389853 -1.80615e-17)
(0.0542764 0.0233206 2.698e-17)
(0.103943 0.0247547 -1.83466e-17)
(0.14781 0.00977211 -4.76003e-18)
(0.0608441 0.029218 -4.5807e-17)
(0.156519 -0.0249071 -1.85385e-17)
(0.0329499 0.00885108 0)
(0.149056 -0.00136523 1.88809e-17)
(0.0698196 -0.0870603 1.82976e-17)
(-0.0172932 -0.123727 1.81799e-17)
(0.161654 -0.0387351 -9.11108e-18)
(0.0460768 0.0221726 1.83581e-17)
(0.163507 -0.0367132 1.05614e-21)
(0.00385871 -0.127536 -4.63916e-17)
(0.164629 -0.0195953 -9.59406e-18)
(-0.0122027 0.00555223 -1.64105e-17)
(0.110258 -0.13755 0)
(0.140404 0.0220964 1.8594e-17)
(-0.0481611 -0.15481 0)
(0.134587 0.0402376 9.1173e-18)
(0.127882 0.0279733 1.83431e-17)
(0.164768 0.00537102 2.33927e-17)
(0.197857 -0.0220765 0)
(0.0560868 0.030689 -2.59848e-18)
(-0.0582865 -0.143913 1.55334e-17)
(0.203801 0.0527 -1.8434e-17)
(0.0642138 0.014109 9.73026e-18)
(0.14626 0.0013059 -9.29255e-18)
(-0.0172253 -0.00824265 4.23614e-17)
(0.205792 0.0429869 2.7445e-17)
(0.09165 0.0139509 -4.78094e-18)
(0.118705 0.0204382 0)
(0.0327109 0.0169617 1.81617e-17)
(-0.0358057 -0.00669361 -9.19192e-18)
(0.144648 -0.040744 -1.76618e-17)
(0.098093 0.0391277 9.23245e-18)
(0.162494 -0.0334395 9.11813e-18)
(0.111256 0.0379442 9.24767e-18)
(0.158181 -0.0141771 1.89037e-17)
(-0.0464214 -0.148499 8.9533e-18)
(0.162854 -0.0393362 9.0878e-18)
(-0.0115289 -0.012962 2.07105e-17)
(0.0118108 -0.0217661 0)
(-0.0500082 -0.00233675 1.84878e-17)
(-0.0900792 0.0467172 0)
(-0.0151066 -0.0138535 4.60302e-18)
(0.158841 -0.0293606 2.8752e-17)
(0.193588 0.0402394 3.63869e-17)
(0.100755 0.0307762 2.82622e-18)
(0.150611 0.0109322 -3.77429e-17)
(0.155351 -0.00890055 -3.85507e-17)
(-0.0460138 -0.00990334 -9.38998e-18)
(-0.0989993 0.0471007 -4.6655e-18)
(0.155904 -0.10642 0)
(0.0679324 -0.0146049 1.89583e-17)
(-0.0609439 0.00788982 4.93351e-18)
(0.18023 -0.0851138 0)
(0.173735 0.0186558 1.80523e-17)
(-0.047832 -0.00911336 4.81363e-18)
(-0.0181404 -0.0236412 9.51726e-18)
(-0.104041 0.0566696 -1.19111e-18)
(-0.0809333 0.0292649 -8.24622e-18)
(0.0959599 -0.103995 -2.7189e-17)
(0.038153 0.0230699 0)
(0.163735 -0.0116914 8.63501e-18)
(0.209525 0.0531683 0)
(0.104968 0.0481948 0)
(-0.0669471 -0.0637165 0)
(0.142721 0.0328113 0)
(0.168324 -0.00980763 9.06639e-18)
(-0.0156984 -0.0234788 2.78319e-17)
(-0.0204665 -0.0290387 -1.98288e-17)
(0.104057 0.0177962 9.18882e-18)
(0.21085 -0.00358956 0)
(0.155024 0.0158546 2.74623e-17)
(0.200996 0.0502255 0)
(-0.0282711 -0.163119 -9.13598e-18)
(-0.0293104 -0.163633 9.13253e-18)
(0.196891 -0.0435628 9.01442e-18)
(0.115557 0.0596978 1.82862e-17)
(0.166554 -0.0593627 9.03237e-18)
(0.197578 -0.0422729 1.8942e-17)
(0.214369 0.0259976 -3.63824e-17)
(0.178783 -0.0884633 0)
(0.0933222 -0.1423 -9.01612e-18)
(0.212392 0.0529614 1.81809e-17)
(0.168797 0.0300111 -1.82731e-17)
(0.112754 0.049232 0)
(0.0860308 0.0240609 1.91637e-17)
(0.112088 -0.00348187 1.84588e-17)
(0.0383992 -0.00988051 -3.42489e-17)
(0.00202293 0.0155808 0)
(0.129751 -0.0133514 1.84167e-17)
(0.0520484 0.00447978 0)
(0.122445 0.0413894 0)
(-0.0502511 -0.0307379 0)
(0.200658 -0.0592591 0)
(0.14594 -0.0394648 2.73388e-17)
(0.157324 -0.103401 0)
(0.204964 0.00383433 9.12479e-18)
(0.0780852 -0.00570227 -1.93587e-17)
(0.139632 -0.091018 9.01549e-18)
(0.149747 0.0282757 -1.6673e-17)
(0.153774 -0.013366 -1.83233e-17)
(0.0914441 -0.024187 0)
(-0.0129107 -0.159195 -1.8148e-17)
(0.124285 0.00939729 -2.75192e-17)
(0.138491 0.0490984 0)
(0.139182 0.0542966 0)
(0.211774 -0.0158242 0)
(0.0271694 -0.142418 1.81563e-17)
(0.148009 0.0323723 1.48799e-22)
(0.113812 0.0485077 1.63424e-24)
(0.0966512 0.0338937 -1.89282e-17)
(0.0704909 -0.133533 0)
(0.144314 0.049448 0)
(0.119637 0.0583007 0)
(0.133333 0.0537641 0)
(0.0664914 -0.0228646 0)
(0.0076312 -0.164702 -9.0887e-18)
(0.129015 0.0505004 -1.8595e-17)
(0.137325 -0.0319619 2.74663e-17)
(0.151809 -0.0324738 -9.13214e-18)
(-0.0466449 -0.0465955 1.84314e-17)
(0.144055 0.0406825 -9.10419e-18)
(0.104834 0.0644471 9.28347e-18)
(0.135106 0.0390033 -9.1421e-18)
(0.0819279 -0.151497 0)
(0.120693 -0.0229417 -1.84005e-17)
(0.131908 -0.0358843 -3.64539e-17)
(0.133028 0.0751752 0)
(0.142357 -0.0363593 -1.8231e-17)
(0.13086 -0.0206047 -1.85426e-17)
(0.149144 -0.0237323 0)
(0.156845 0.0346837 0)
(0.126095 0.0692483 2.06912e-22)
(0.101708 0.0910348 8.32108e-18)
(0.215605 0.0330014 0)
(0.137881 0.0212372 -2.74295e-17)
(0.173046 0.044147 0)
(0.107052 0.0606243 0)
(-0.0192238 -0.108041 -1.81273e-17)
(0.124567 0.0723627 -1.826e-17)
(0.1518 0.0105496 0)
(0.135897 0.074046 -1.8228e-17)
(0.206091 0.0409475 -9.09374e-18)
(0.134707 0.0646708 1.82253e-17)
(0.121369 0.0281279 -1.87854e-17)
(0.150814 -0.00206828 1.83102e-17)
(0.205742 0.0139013 0)
(0.133534 0.0807997 -9.10886e-18)
(0.109287 0.0621294 -3.22711e-17)
(0.140522 0.0612297 0)
(0.126759 0.0713054 0)
(0.148239 0.0212141 2.7354e-17)
(-0.0245448 -0.130034 -1.7817e-17)
(0.116831 0.104669 0)
(0.136289 0.0695653 1.82259e-17)
(0.0997382 0.112853 3.83932e-17)
(0.136931 0.0607112 -1.82189e-17)
(0.0287208 -0.165512 0)
(0.120256 0.0557664 3.88322e-17)
(0.130459 0.0797193 9.10033e-18)
(0.0666445 -0.160422 0)
(0.121839 0.0947005 1.82112e-17)
(0.108094 0.0100133 -1.00422e-17)
(0.105452 0.105122 0)
(0.1368 -0.000259832 0)
(0.0894189 -0.0212991 0)
(0.0780902 0.0485927 1.61268e-17)
(0.0742557 -0.0276292 -8.85968e-18)
(0.169712 0.0395575 -2.22445e-17)
(0.129365 0.0857539 0)
(0.117178 0.0937415 9.36232e-18)
(0.118073 0.0784993 -1.82315e-17)
(0.108531 0.0676013 3.07977e-17)
(0.0150206 -0.166238 0)
(0.106426 0.0818149 -7.91811e-18)
(0.126294 0.0952282 0)
(0.115055 -0.0265755 0)
(0.0556757 0.029727 0)
(0.115387 0.0325053 0)
(0.129393 0.00929875 9.18243e-18)
(0.120047 -0.0332643 0)
(0.127783 0.0883539 0)
(0.100727 -0.0324854 -9.24337e-18)
(0.083792 -0.027702 -9.1016e-18)
(0.135646 0.0680746 0)
(0.108171 0.0967106 0)
(0.133199 0.0619446 0)
(0.106418 -0.0340233 3.65029e-17)
(0.125254 -0.0108539 2.77258e-17)
(0.123351 0.0652881 0)
(0.153804 0.0391986 1.5746e-17)
(0.0717395 0.115091 -1.84352e-17)
(0.116415 0.0852503 1.82366e-17)
(0.0908482 0.0953823 -1.82864e-17)
(-0.00374417 -0.000112137 2.58119e-22)
(0.109682 0.0763375 0)
(0.00329275 -0.0820941 0)
(0.0776432 0.134858 1.76756e-17)
(0.0352172 -0.0574242 0)
(0.123887 0.0788153 0)
(0.0806038 0.0451508 -1.63004e-17)
(0.0110501 -0.0980158 -2.31474e-17)
(0.0563303 0.0394469 0)
(0.0306397 0.0426863 -1.8348e-17)
(0.124689 0.085064 0)
(0.0997787 0.0720551 -1.82721e-17)
(0.0523484 0.0555697 -9.17842e-18)
(0.0507675 0.0640076 3.67216e-17)
(0.0978463 0.0803059 0)
(0.119371 0.102577 -1.81969e-17)
(0.0827626 0.117654 9.17996e-18)
(0.0779124 0.0656864 0)
(0.0734865 0.140264 2.29879e-17)
(0.0753581 0.0736635 -9.16594e-18)
(0.0704561 0.0990323 -1.83724e-17)
(0.0995226 0.0477589 -1.712e-17)
(0.0718514 0.149149 -9.25211e-18)
(0.101863 0.0538285 0)
(0.104725 0.1201 -1.84078e-17)
(0.0290725 -0.0641571 0)
(0.0331417 -0.0681452 2.72743e-17)
(0.0886882 0.10421 2.74606e-17)
(0.0849798 0.1334 1.83535e-17)
(0.00152134 0.00666462 3.71539e-17)
(0.0322624 0.017948 -9.80831e-18)
(-0.0296428 -0.0301826 -1.86669e-17)
(0.0889688 0.132261 0)
(0.0124694 -0.0569542 0)
(0.0813009 0.125571 -1.83973e-17)
(0.0710087 0.145993 3.82581e-17)
(0.0262504 0.0208622 0)
(0.0711908 0.0910774 -2.75098e-17)
(0.026284 -0.0696455 -3.00323e-22)
(0.0650069 0.11163 9.28902e-18)
(0.0932286 0.128015 0)
(0.0930525 0.124401 9.30743e-18)
(0.0822736 0.126094 -2.76225e-17)
(0.0625377 0.107329 0)
(0.0250753 -0.0742978 2.11031e-17)
(0.058153 0.14387 -3.96331e-17)
(0.00181199 -0.0729435 0)
(0.0959851 0.117311 0)
(0.0285946 -0.0658729 -1.842e-17)
(0.0285512 -0.0679433 0)
(0.0760613 0.125628 1.83934e-17)
(0.0401202 0.0652155 5.36286e-19)
(0.016013 -0.064679 -2.01654e-17)
(0.0675382 0.123987 -1.86637e-17)
(-0.024263 -0.020921 -1.51175e-17)
(0.0265751 -0.0681412 1.84924e-17)
(0.00218642 -0.0794249 0)
(0.00528687 -0.0147352 0)
(-0.00469899 -0.0505463 6.37837e-17)
(0.00160104 -0.0601059 -4.10515e-17)
(0.0039559 -0.0965192 -4.0457e-17)
(0.0211868 0.017351 0)
(0.0612787 0.187794 1.96333e-17)
(0.0213704 -0.0685215 -2.88575e-17)
(0.0233158 -0.0674644 2.9029e-17)
(0.000799129 -0.040673 0)
(0.00999492 -0.0535953 -2.02957e-17)
(0.0517694 0.202732 -6.06608e-17)
(0.00119569 -0.0408143 -1.92341e-17)
(-0.00466733 -0.0221805 -7.31551e-23)
(0.0552863 0.124431 1.71447e-17)
(0.0184013 -0.0644278 -1.98056e-17)
(-0.0258253 -0.0346033 9.54697e-18)
(0.0332874 0.0463161 0)
(0.0285984 -0.000260225 -2.19198e-17)
(0.0628056 0.172794 4.43964e-17)
(-0.000435435 -0.0315952 -2.14801e-17)
(0.00652951 -0.0838899 2.52774e-21)
(0.0350927 0.00396562 3.01096e-17)
(0.0278451 -0.0125665 -1.24017e-21)
(0.160783 0.0420736 3.59772e-17)
(0.0484503 -0.0233747 1.31877e-17)
(0.0358498 -0.0610203 0)
(0.00242737 -0.0514217 2.06175e-17)
(1.4869e-05 -0.0819769 0)
(0.0516479 0.00842866 -1.21558e-17)
(0.0565936 0.192101 -6.35178e-19)
(0.00259512 -0.0276514 0)
(0.0550212 0.184547 5.847e-19)
(0.0651601 0.135114 2.05132e-17)
(0.00578193 -0.0274995 -2.39595e-17)
(0.00303051 -0.0306773 -5.81598e-18)
(0.0163252 -0.0535306 4.9095e-18)
(-0.0410144 0.0150103 2.84654e-17)
(0.0450896 0.00135374 2.14369e-17)
(0.0719837 0.0359021 -2.26953e-17)
(-0.0799978 0.0396696 1.76837e-17)
(0.0220854 -0.0670553 0)
(-0.0279864 0.0134987 1.07184e-17)
(0.0539709 -0.0101298 0)
(-0.0224101 -0.0635696 1.70628e-17)
(0.0214122 -0.0566713 0)
(-0.0476429 -0.059054 -4.05967e-17)
(-0.0114855 0.00557991 -2.20932e-17)
(0.0559652 -0.0235986 -1.79621e-17)
(0.00243201 -0.0152641 -1.5441e-17)
(0.0420083 0.0339707 0)
(0.0374443 -0.000516436 1.01163e-18)
(0.0164431 -0.001573 0)
(0.0880223 0.0120105 -3.17444e-17)
(0.0492522 0.0117963 -1.51066e-17)
(0.0272075 0.0219072 -5.3065e-18)
(-0.00681665 0.0044026 3.92831e-17)
(0.0162494 -0.050183 0)
(0.0194525 -0.0569513 1.69117e-17)
(0.0199454 -0.00760512 0)
(0.0722822 -0.0038698 -2.87528e-17)
(0.00246737 -0.0677961 -2.18742e-17)
(0.0815159 -0.00765931 2.03377e-17)
(0.0826087 -0.014268 0)
(0.0928384 -0.000112941 -5.29143e-18)
(0.0643006 0.152551 0)
(-0.0435991 -0.0610334 2.01155e-17)
(0.00698405 -0.0677198 6.46672e-19)
(0.0015713 -0.0507167 4.32149e-17)
(0.0305922 -0.0636109 0)
(0.00389044 -0.0770508 1.87686e-17)
(0.00333034 -0.0675369 2.00513e-17)
(0.00636268 -0.0796499 1.05854e-17)
(0.0129861 -0.0395993 -1.01905e-23)
(0.0687773 0.0039814 -2.79687e-17)
(0.0669196 0.15551 0)
(-0.0490972 -0.0813989 0)
(0.029906 0.117796 -1.0162e-17)
(0.0528363 0.000686238 2.09236e-17)
(0.0326094 0.104754 0)
(0.0065508 -0.0118082 1.00589e-17)
(0.0340174 0.093191 -1.69527e-17)
(0.00508604 -0.00593265 0)
(0.0114579 -0.0763773 0)
(0.0182514 0.0761179 -4.35029e-22)
(0.0215879 0.0587282 1.76199e-17)
(0.00313603 -0.00516576 9.83024e-18)
(0.0100004 -0.0664644 -1.03077e-17)
(0.165034 0.0592547 0)
(0.0859036 0.115075 1.99706e-17)
(-0.0864055 -0.130447 -1.02069e-17)
(0.0236871 0.0206115 -1.00658e-17)
(0.0145803 0.0121337 0)
(0.00523255 0.000703363 0)
(0.00246391 0.00119244 9.03508e-18)
(0.0340665 0.0515539 -1.93069e-17)
(0.00803118 0.00472011 0)
(0.00641881 0.00538865 1.69036e-17)
(0.0600226 -0.0257699 0)
(0.0271022 0.0272286 9.95188e-18)
(0.0292688 -0.0500524 -1.92322e-17)
(1.51727e-05 0.00197641 2.57903e-18)
(0.00122062 0.000799823 1.54958e-17)
(0.0313622 0.041846 -2.04461e-17)
(0.0285088 0.0339263 -2.06665e-17)
(0.0181201 -0.0353287 0)
(0.0141353 0.00531346 1.88927e-17)
(0.00581174 0.00289045 0)
(-0.00131698 -0.00410655 -2.43478e-18)
(-0.000845863 0.000432138 0)
(0.0176848 0.0231276 0)
(0.0135467 0.0138754 -9.99677e-18)
(0.04733 -0.0212517 4.06253e-22)
(0.00995742 -0.0208664 0)
(0.00124172 -0.0034827 -1.59339e-17)
(0.168405 0.00787834 -1.0692e-17)
(0.0934253 0.0637213 -1.96717e-17)
(-0.029238 0.00386233 0)
(0.00073106 -0.0600933 -1.95862e-22)
(0.0877586 0.102678 -3.20262e-17)
(-0.0353562 -0.0542393 -2.33447e-17)
(0.00607286 -0.0525224 0)
(0.0932428 -0.0574384 -3.89674e-17)
(0.0794729 0.114746 -9.75296e-18)
(0.0649505 0.161159 0)
(0.0874416 0.0497857 1.99009e-17)
(0.0193271 -0.0773525 -1.12232e-17)
(0.0640208 0.0964931 2.22413e-17)
(0.056684 -0.0323449 1.97697e-17)
(0.0250599 0.00369105 1.0742e-17)
(0.058612 0.0228651 3.12253e-17)
(-0.0532751 -0.0314811 1.11596e-17)
(0.173733 -0.0681365 0)
(0.0432285 -0.0201184 -3.90039e-17)
(0.0345476 -0.013608 -4.77186e-18)
(0.0351328 -0.0860793 2.97954e-17)
(0.00175229 -0.0729678 -2.08454e-17)
(0.185013 0.043161 -3.35852e-17)
(-0.0589849 -0.0190462 1.6609e-17)
(0.0547546 0.0872474 -2.72821e-17)
(0.00966455 -0.0722464 5.29569e-18)
(0.123122 -0.012136 2.02584e-17)
(0.110072 0.00970867 -3.04885e-17)
(0.0869454 0.0380456 4.23786e-17)
(-0.127558 0.0116855 0)
(0.0271946 -0.0740086 -2.18255e-17)
(0.0354527 0.0711961 3.40602e-17)
(0.0574991 -0.100543 -1.97934e-17)
(0.0201815 -0.0779857 1.1816e-17)
(-0.0269313 -0.0357765 -5.28946e-18)
(0.0153347 0.0888401 0)
(0.103184 -0.00674935 -1.02397e-17)
(-0.0543179 -0.108111 -2.16075e-17)
(0.0501616 -0.11917 2.00685e-17)
(0.0255295 -0.0719916 1.31171e-17)
(0.0214169 0.0434702 -2.20026e-17)
(0.0196487 -0.0487377 1.17014e-17)
(0.126036 -0.026744 -1.63301e-17)
(0.0126526 -0.0501661 0)
(0.0632508 0.0577817 3.76283e-17)
(-0.0103215 0.00941941 -2.07919e-17)
(0.00946557 0.0041593 2.64e-17)
(0.0281005 -0.00971191 2.49084e-17)
(0.179153 0.0053688 5.20459e-18)
(0.167454 -0.0202529 -1.11337e-17)
(-0.0588785 0.0101784 -2.31451e-17)
(-0.0629854 0.00198859 2.20311e-17)
(0.0268404 -0.00484644 0)
(0.0198598 0.0135175 0)
(0.00280436 -0.0765805 -2.29499e-17)
(0.00100991 -0.0064045 -1.12082e-17)
(0.00162993 -0.00317171 -2.24067e-17)
(0.00357832 -0.0798973 1.19373e-22)
(0.0304504 -0.0676093 1.02157e-17)
(0.079968 -0.0381109 -2.05602e-17)
(0.000443535 -0.0158744 0)
(0.000931463 -0.0189084 0)
(-0.117769 -0.0403367 3.72725e-17)
(0.00523284 0.103465 -3.69456e-17)
(0.0424898 -0.0466232 -1.04163e-17)
(0.0607729 0.0625765 1.21188e-17)
(0.000924182 -0.008859 2.11646e-17)
(0.0412976 0.144207 2.40817e-17)
(0.0419804 0.0169984 0)
(0.0930791 0.0577604 0)
(0.0266942 0.0123428 -1.08479e-17)
(0.0230928 0.166803 1.25818e-17)
(0.0898476 0.0771463 -9.82856e-18)
(0.00327055 -0.00130841 -1.62201e-17)
(0.0150332 -0.0360975 1.08044e-17)
(0.00527549 -0.0142187 -2.68189e-18)
(-7.59738e-06 -0.00853946 -3.70855e-17)
(0.0641657 0.173225 -2.58037e-17)
(0.119851 -0.109261 6.18971e-18)
(0.0795027 0.0873381 2.65536e-17)
(-0.021397 0.00884219 4.92305e-22)
(-0.00331747 -0.0757627 1.86381e-17)
(-0.0187486 0.0178854 2.18274e-17)
(0.0481645 0.0241339 -1.05024e-17)
(0.0501637 0.148226 -3.51202e-17)
(0.00186182 -0.0351684 2.28959e-17)
(-0.00180979 0.0106526 -1.0768e-17)
(0.0239881 0.00260201 -2.15156e-17)
(0.0846002 -0.126668 1.85071e-17)
(0.0546907 0.0777434 -2.54856e-18)
(0.0301509 -0.0387534 5.25419e-18)
(0.0346435 0.0806866 4.69434e-18)
(-0.0199781 -0.0154861 0)
(-0.0124143 -0.00521037 7.18948e-18)
(0.0655767 0.16077 1.15004e-17)
(-0.119116 -0.0126589 2.5125e-17)
(0.0135585 -0.0241143 0)
(-0.0163096 0.0219112 -4.48385e-18)
(0.146339 0.045624 2.53637e-17)
(0.12443 0.0615751 1.41492e-17)
(-0.00359446 -0.0806638 0)
(0.000639874 -0.00818071 -2.21782e-17)
(-0.0867567 -0.113268 1.15964e-17)
(-0.0479875 0.0032765 -2.9601e-18)
(0.0273857 0.011777 -1.54711e-18)
(-0.0159763 -0.0359956 5.65511e-18)
(-0.000132049 -0.00671563 2.43226e-17)
(-0.00553767 -0.0860485 0)
(0.0671036 0.0533092 0)
(-0.0719043 -0.0575897 0)
(-0.0224482 -0.0433785 -1.25206e-17)
(0.091815 0.0710474 0)
(-0.0271393 -0.0211401 2.07203e-17)
(0.0126032 -0.0717908 -1.20988e-17)
(0.000121382 -0.0153441 -1.24162e-17)
(0.00153666 -0.0881821 0)
(0.154391 0.0617771 -6.25715e-18)
(0.0403323 0.0249407 0)
(-0.0487267 -0.0140579 7.06617e-19)
(0.00541081 -0.0109464 1.19531e-17)
(0.00221578 -0.0169264 1.75154e-17)
(0.0307725 -0.0506815 0)
(0.0106826 -0.0263057 2.26458e-17)
(0.00769218 -0.0600612 0)
(0.0081915 -0.0890491 0)
(0.0135347 -0.0618753 1.51384e-18)
(0.124226 0.0533786 -2.20166e-17)
(0.00147151 -0.00492438 -1.29392e-18)
(0.119017 -0.0455437 0)
(-0.035957 0.00209141 4.34717e-17)
(-0.0144232 -0.0720083 1.23032e-18)
(0.027726 0.13389 -1.09179e-17)
(0.0827503 -0.0731334 0)
(0.0856197 0.0446556 -9.67383e-18)
(0.0253353 -0.050159 -2.63533e-17)
(0.12192 -0.0381506 2.4011e-17)
(0.0822973 0.0832106 1.15409e-17)
(0.00862524 -0.0567255 1.06701e-17)
(0.0643913 0.0301202 -1.15483e-17)
(0.00379315 -0.0157277 -2.33215e-17)
(0.180852 -0.0518388 -2.17373e-17)
(0.0300973 0.0148484 0)
(0.107777 0.00219838 1.55073e-17)
(0.0335596 -0.0543825 5.3558e-18)
(0.184288 0.060761 2.05897e-17)
(0.0606476 0.161735 5.57109e-18)
(0.0661878 0.165983 0)
(0.017508 0.0347122 2.05063e-17)
(0.0659521 0.0221289 3.29847e-17)
(0.114566 -0.0180285 0)
(-0.0167248 -0.0759375 3.40157e-18)
(-0.00435687 0.00321739 -1.52885e-17)
(0.109928 0.0102622 0)
(0.00852011 -0.0606241 -1.44353e-18)
(0.0368007 0.0140187 -2.08414e-17)
(0.0791093 0.0296782 2.32937e-22)
(0.131939 -0.000151425 -2.97913e-22)
(0.0200582 -0.0617769 -5.51808e-18)
(0.0886065 -0.107946 -2.46762e-17)
(0.0240588 -0.00802041 2.76175e-17)
(0.0328873 -0.0166372 4.92135e-17)
(0.0712723 0.0316773 -2.52327e-17)
(0.0109309 0.00269409 3.6633e-17)
(0.0597962 -0.00986565 5.23116e-18)
(0.00985186 -0.0267515 1.22284e-17)
(0.0385597 0.0555085 2.43565e-17)
(0.0172 -0.0878629 0)
(0.157806 -0.0377317 -3.37789e-17)
(0.0450189 -0.0847188 -2.12417e-17)
(0.046524 0.038207 5.90976e-18)
(-0.0715532 -0.0271751 0)
(0.0427831 0.0295437 -2.61297e-17)
(0.026767 -0.0939946 -2.49048e-17)
(-0.00448885 -0.0003304 0)
(0.0112432 -0.0218138 1.36306e-17)
(0.0169244 -0.0737891 1.53135e-17)
(-0.0194111 -0.0918728 -1.25905e-17)
(0.0318633 -0.117341 1.51601e-18)
(0.0170769 -0.0496272 0)
(0.00106291 -0.0793567 2.43237e-22)
(0.0808579 0.102334 0)
(0.0443085 -0.0617251 2.18659e-17)
(0.0183249 -0.0719332 -3.10859e-18)
(-0.0362359 -0.0504566 1.27269e-17)
(0.00147884 -0.0321859 0)
(0.00781888 -0.038469 2.70913e-17)
(0.0431005 0.0357564 2.519e-17)
(0.113541 -0.12045 -6.25249e-18)
(-0.104062 -0.00299036 -2.04485e-17)
(-0.00127984 -0.0456353 -4.2949e-17)
(0.0524241 0.0719973 0)
(0.0267441 0.00703595 0)
(0.0602832 0.0705733 -2.62483e-17)
(0.0525555 0.0654834 3.40371e-17)
(0.143543 0.0621221 1.07246e-17)
(0.178595 -0.0119745 1.22771e-17)
(0.0149587 -0.0663267 8.90496e-18)
(0.00090151 -0.0313696 -1.35205e-17)
(0.0601531 0.179636 0)
(0.0633073 0.0838104 0)
(-0.0996101 -0.0860501 0)
(0.0242729 -0.076299 -8.99192e-19)
(-0.0195311 -0.0015611 1.40656e-17)
(0.0652273 8.47334e-05 6.66846e-18)
(0.0433098 0.188721 3.49347e-17)
(0.0193439 -0.0483592 -3.41114e-23)
(0.071258 0.0596933 2.63377e-17)
(0.142305 -0.022433 6.57691e-18)
(0.0239357 0.148635 -4.87719e-22)
(0.00517197 -0.0178921 0)
(-0.10231 -0.0656008 -2.27769e-17)
(0.0126405 -0.0609382 0)
(0.0192615 -0.0517983 -2.3298e-17)
(0.0461958 -0.00656981 0)
(0.0825502 -0.0320656 1.96854e-17)
(0.0203093 0.00898293 -6.47482e-18)
(0.0142028 -0.0328527 -1.46529e-17)
(-0.048448 -0.0369302 0)
(0.0365674 0.172765 1.95645e-17)
(0.0914296 -0.0155105 6.52012e-18)
(0.0477973 0.053041 2.6664e-17)
(0.0160979 -0.0672849 0)
(0.00666957 -0.0635641 -2.61417e-17)
(0.0375132 0.0161875 6.35349e-18)
(0.00151078 -0.0295072 -2.54866e-17)
(-0.120062 -0.0418296 -2.7351e-17)
(0.100448 -0.0984382 0)
(0.0131694 -0.0718235 -7.58865e-18)
(0.0802651 0.0639842 -1.79488e-17)
(0.0938056 0.0439715 -1.73135e-17)
(-0.00665673 -0.0584187 3.34015e-17)
(0.00154764 -0.0152512 2.83569e-17)
(-0.0420081 -0.0231839 0)
(0.0200542 -0.0681546 -9.56296e-18)
(0.0205139 -0.0718412 -2.93756e-17)
)
;

boundaryField
{
    back
    {
        type            empty;
    }
    front
    {
        type            empty;
    }
    top
    {
        type            codedFixedValue;
        value           nonuniform List<vector> 10((0 -0.0728 0) (0 -0.0792 0) (0 -0.06 0) (0 -0.0408 0) (0 -0.0408 0) (0 -0.06 0) (0 -0.0728 0) (0 -0.0152 0) (0 -0.0152 0) (0 -0.0792 0));
        name            ParabolicTimeDependentU_max;
        code            #{
		const vectorField& Cf = patch().Cf();
		vectorField& field = *this;

		const scalar r = 12.0*1e-3;
		const scalar Umax = 0.4;
		const scalar Umin = 0.02;

		scalar 	Uvar = 0.08;
		scalar 	t = this->db().time().value();
		scalar	tau = fmod(t,1);
		
		if (tau > 0 && tau <= 0.35)
		{
			Uvar = 0.08+Umax*(1-(pow(tau-0.175,2)/(0.175*0.175)));
		}
		if (tau > 0.35 && tau <= 0.6)
		{
			Uvar = 0.08+Umin*(-1+(pow(tau-0.475,2)/(0.125*0.125)));
		}
		if (tau > 0.6 && tau <= 1)
		{
			Uvar = 0.08;
		}
		
		forAll(Cf, faceI)
		{
			const scalar x = Cf[faceI][0];
			const scalar y = Cf[faceI][1];
			field[faceI] = vector(0, Uvar*(-1+(pow(x+(0.02+r),2))/(r*r)), 0);
		}
	#};
    }
    outer_arc
    {
        type            noSlip;
    }
    bottom
    {
        type            zeroGradient;
    }
    inner_arc
    {
        type            noSlip;
    }
}


// ************************************************************************* //
